NetLogoInput/pp1_resistance.asc
NCOLS 144 
NROWS 154 
XLLCORNER -888485.5599279 
YLLCORNER -125866.530794814 
CELLSIZE 30 
NODATA_value -9999 
[rows 93 to 123 of 154, columns 68 to 135 of 144]
2.316959 2.286935 2.256913 2.22689 2.814208 3.61405 4.413893 5.035476 5.634404 6.162865 4.456771 2.750678 1.373847 1.561108 1.748369 1.837652 1.716067 1.594481 1.481663 1.379114 1.276564 1.287007 1.371561 1.456115 5.350605 10.533853 15.7171 25.631436 36.127105 46.262364 46.127811 45.993257 54.964222 106.204302 157.444382 224.794863 326.290276 427.78569 485.088045 491.320154 497.552262 500 500 500 526.398934 561.570737 596.742539 662.909488 732.755189 800 800 800 800 800 800 798.627076 794.388402 790.149729 770.391217 732.936387 695.481557 663.194159 634.202606 605.211053 639.484053 694.408393 749.332733 759.018011
2.323873 2.498538 2.93051 3.362483 3.831693 4.313722 4.795751 4.995031 5.158375 5.279451 4.060142 2.840833 1.875378 2.1158 2.356223 2.35783 1.845453 1.333077 1.048445 1.030552 1.012659 1.171472 1.446184 1.720897 2.784724 4.115479 5.446235 6.966104 8.509211 10 10 10 17.447085 59.464598 101.48211 161.008046 257.641926 354.275807 420.450165 451.424979 482.399794 495.720732 497.623112 499.525491 526.697903 562.268027 597.838152 663.6913 733.138678 800 800 800 800 800 800 796.048439 783.848658 771.648878 743.148395 696.061224 648.974053 616.334124 592.908809 569.483493 597.21087 641.635934 686.060997 700.339036
3.165629 3.612795 4.65573 5.698665 5.867953 5.736479 5.605006 4.976203 4.284192 3.604561 3.317467 3.030372 2.881775 3.39108 3.900384 3.89107 2.765579 1.640088 1.028173 1.017768 1.007362 1.382587 2.010744 2.638901 4.011069 5.634908 7.258747 8.235636 9.133031 10 10 10 14.330857 38.766166 63.201475 105.398736 185.241282 265.083829 337.041587 399.887549 462.733511 490.091782 494.496552 498.901322 526.996869 562.965312 598.933755 664.473104 733.522164 800 800 800 800 800 800 792.805292 770.592842 748.380392 710.282809 654.072385 597.861961 567.654178 554.031172 540.408166 556.533038 582.36846 608.203882 627.594184
4.007386 4.727053 6.38095 8.034847 7.904212 7.159236 6.41426 4.957375 3.410009 1.929671 2.574791 3.219912 3.888173 4.666359 5.444546 5.424311 3.685705 1.9471 1.007901 1.004983 1.002065 1.593702 2.575304 3.556905 5.237414 7.154337 9.07126 9.505168 9.756851 10 10 10 11.214628 18.067734 24.920839 49.789427 112.840638 175.89185 253.633009 348.350118 443.067228 484.462832 491.369993 498.277154 527.295836 563.662597 600.029359 665.254909 733.90565 800 800 800 800 800 800 789.562145 757.337025 725.111906 677.417222 612.083545 546.749868 518.974232 515.153535 511.332839 515.855207 523.100987 530.346767 554.849333
5.357007 6.036089 7.589353 9.142617 8.941318 8.135994 7.33067 5.882323 4.352253 2.894226 3.720763 4.547299 5.355176 6.074417 6.793658 6.707617 4.888438 3.06926 1.912537 1.531694 1.15085 1.680396 2.807059 3.933721 5.730806 7.754668 9.778531 10 10 10 10 10 10 10 10 24.605159 70.16499 115.72482 185.797383 284.197274 382.597165 437.985792 465.554658 493.123525 527.594796 564.359867 601.124939 666.036697 734.289128 800 800 800 800 800 800 788.219349 751.848574 715.477799 664.026484 595.379756 526.733028 500 500 500 500 500 500 521.362492
7.031021 7.469537 8.467644 9.465751 9.340223 8.827873 8.315523 7.4101 6.454721 5.544702 6.073089 6.601476 7.116387 7.567286 8.018184 7.831279 6.271683 4.712088 3.407948 2.403002 1.398055 1.687618 2.826238 3.964859 5.75603 7.767935 9.779839 10 10 10 10 10 10 10 10 18.854587 46.475889 74.09719 127.908826 211.986459 296.064091 365.417439 425.247093 485.076748 527.893752 565.057128 602.220504 666.818475 734.672601 800 800 800 800 800 800 788.090384 751.321451 714.552518 663.075114 594.826544 526.577974 500 500 500 500 500 500 512.951317
8.705036 8.902985 9.345935 9.788885 9.739128 9.519752 9.300376 8.937878 8.557189 8.195177 8.425414 8.655652 8.877597 9.060154 9.242711 8.954941 7.654929 6.354917 4.903359 3.274309 1.64526 1.694839 2.845418 3.995996 5.781254 7.781201 9.781148 10 10 10 10 10 10 10 10 13.104016 22.786787 32.469559 70.02027 139.775644 209.531018 292.849086 384.939528 477.029971 528.192708 565.754389 603.31607 667.600252 735.056074 800 800 800 800 800 800 787.961419 750.794328 713.627237 662.123743 594.273331 526.42292 500 500 500 500 500 500 504.540143
9.665808 9.723956 9.846311 9.968666 9.961102 9.908813 9.856524 9.797228 9.737042 9.680504 9.739682 9.79886 9.853347 9.88555 9.917752 9.624982 8.6328 7.640619 6.252488 4.400615 2.548742 2.346779 3.226979 4.10718 5.81289 7.79784 9.782789 10 10 10 10 10 10 10 10 10 10 10 38.597714 100.243431 161.889148 251.56688 359.375768 467.184656 523.023814 561.592442 600.161071 665.505914 734.028772 800 800 800 800 800 800 787.832456 750.267213 712.70197 661.172388 593.720128 526.267868 500 500 500 500 500 500 500
9.790053 9.826583 9.903449 9.980315 9.975563 9.942714 9.909865 9.872614 9.834804 9.799286 9.836463 9.87364 9.90787 9.9281 9.94833 9.762992 9.135229 8.507465 7.43005 5.825994 4.221939 3.754878 4.033562 4.312246 5.852045 7.818433 9.78482 10 10 10 10 10 10 10 10 10 10 10 38.215827 99.038343 159.86086 246.978658 351.104291 455.229924 511.44195 551.731372 592.020793 660.038321 731.346841 800 800 800 800 800 800 787.703495 749.740108 711.776721 660.22105 593.166935 526.112819 500 500 500 500 500 500 500
9.914299 9.92921 9.960587 9.991964 9.990025 9.976616 9.963207 9.948 9.932566 9.918067 9.933243 9.948419 9.962392 9.97065 9.978908 9.901003 9.637658 9.374312 8.607612 7.251374 5.895136 5.162977 4.840144 4.517312 5.891201 7.839026 9.786851 10 10 10 10 10 10 10 10 10 10 10 37.833941 97.833256 157.832571 242.390437 342.832815 443.275193 499.860086 541.870301 583.880516 654.570728 728.66491 800 800 800 800 800 800 787.574535 749.213003 710.851472 659.269713 592.613742 525.95777 500 500 500 500 500 500 500
10 10 10 10 10 10 10 10 10 10 10 10 10 10 10 9.996574 9.985774 9.974975 9.476999 8.408433 7.339866 6.514963 5.849876 5.184789 6.3202 8.064653 9.809106 10 10 10 10 10 10 10 10 10 10 10 34.855267 88.433702 142.012138 216.650521 304.910516 393.170511 452.256368 501.647103 551.037838 632.54315 717.860075 800 800 800 800 800 800 787.445576 748.685904 709.926233 658.318386 592.060554 525.802723 500 500 500 500 500 500 500
10 10 10 10 10 10 10 10 10 10 10 10 10 10 10 9.99778 9.990784 9.983787 9.661169 8.968888 8.276607 7.742186 7.311303 6.88042 7.616007 8.746167 9.876328 10 10 10 10 10 10 10 10 10 10 10 26.102719 60.814014 95.52531 143.880491 201.060562 258.240633 324.55921 393.914686 463.270162 573.694974 688.994223 800 800 800 800 800 800 787.316619 748.158818 709.001016 657.367082 591.507381 525.647679 500 500 500 500 500 500 500
10 10 10 10 10 10 10 10 10 10 10 10 10 10 10 9.998987 9.995793 9.9926 9.845339 9.529343 9.213348 8.969409 8.77273 8.576051 8.911814 9.427681 9.943549 10 10 10 10 10 10 10 10 10 10 10 17.350172 33.194327 49.038482 71.110461 97.210608 123.310755 196.862051 286.182268 375.502486 514.846799 660.128371 800 800 800 800 800 800 787.187663 747.631731 708.075799 656.415777 590.954207 525.492636 500 500 500 500 500 500 500
10 10 10 10 10 10 10 10 10 10 10 10 10 10 10 10 10 10 10 10 10 10 10 10 10 10 10 10 10 10 10 10 10 10 10 10 10 10 10 10 10 10 10 10 89.751279 196.005426 302.259573 465.757383 636.049326 800 800 800 800 800 800 787.058708 747.104648 707.150587 655.464478 590.401036 525.337593 500 500 500 500 500 500 500
10 10 10 10 10 10 10 10 10 10 10 10 10 10 10 10 10 10 10 10 10 10 10 10 10 10 10 10 10 10 10 10 10 10 10 10 10 10 10 10 10 10 10 10 90.538447 197.841354 305.144261 467.815848 637.059032 800 800 800 800 800 800 786.929756 746.577579 706.225403 654.513207 589.847881 525.182555 500 500 500 500 500 500 500
10 10 10 10 10 10 10 10 10 10 10 10 10 10 10 10 10 10 10 10 10 10 10 10 10 10 10 10 10 10 10 10 10 10 10 10 10 10 10 10 10 10 10 10 91.325615 199.677282 308.028948 469.874314 638.068739 800 800 800 800 800 800 786.800805 746.050511 705.300218 653.561936 589.294727 525.027517 500 500 500 500 500 500 500
10 10 10 10 10 10 10 10 10 10 10 10 10 10 10 10 10 10 10 10 10 10 10 10 10 10 10 10 10 10 10 10 10 10 10 10 10 10 10 10 10 10 10 10 92.112784 201.513209 310.913634 471.932779 639.078444 800 800 800 800 800 800 786.677957 745.548394 704.418831 652.669703 588.811737 524.953772 500.067325 500.037351 500.007377 500 500 500 500
10 10 10 10 10 10 10 10 10 10 10 10 10 10 10 10 10 10 10 10 10 10 10 10 10 10 10 10 10 10 10 10 10 10 10 10 10 10 10 10 10 10 10 10 92.899925 203.349073 313.798221 473.991172 640.088115 800 800 800 800 800 800 787.146027 747.461552 707.777076 657.492346 595.120795 532.749245 506.651761 503.690284 500.728807 500 500 500 500
10 10 10 10 10 10 10 10 10 10 10 10 10 10 10 10 10 10 10 10 10 10 10 10 10 10 10 10 10 10 10 10 10 10 10 10 10 10 10 10 10 10 10 10 93.687066 205.184937 316.682808 476.049566 641.097786 800 800 800 800 800 800 787.614098 749.37471 711.135322 662.314989 601.429853 540.544718 513.236197 507.343217 501.450237 500 500 500 500
10 10 10 10 10 10 10 10 10 10 10 10 10 10 10 10 10 10 10 10 10 10 10 10 10 10 10 10 10 10 10 10 10 10 10 10 10 10 10 10 10 10 10 10 94.474207 207.020801 319.567395 478.10796 642.107457 800 800 800 800 800 800 788.082168 751.287868 714.493567 667.137632 607.738912 548.340192 519.820633 510.99615 502.171667 500 500 500 500
10 10 10 10 10 10 10 10 10 10 10 10 10 10 10 10 10 10 10 10 10 10 10 10 10 10 10 10 10 10 10 10 10 10 10 10 10 10 10 10 10 10 10 10 95.261324 208.85661 322.451895 480.166292 643.117098 800 800 800 800 800 800 791.384334 764.784916 738.185497 698.353413 643.432932 588.51245 552.777866 529.280263 505.782659 500 500 500 500
10 10 10 10 10 10 10 10 10 10 10 10 10 10 10 10 10 10 10 10 10 10 10 10 10 10 10 10 10 10 10 10 10 10 10 10 10 10 10 10 10 10 10 10 96.048438 210.692409 325.336381 482.224615 644.126734 800 800 800 800 800 800 795.147003 780.164192 765.181381 733.857728 683.901618 633.945507 590.020329 549.941748 509.863166 500 500 500 500
10 10 10 10 10 10 10 10 10 10 10 10 10 10 10 10 10 10 10 10 10 10 10 10 10 10 10 10 10 10 10 10 10 10 10 10 10 10 10 10 10 10 10 10 96.835551 212.528209 328.220868 484.282937 645.136369 800 800 800 800 800 800 798.909672 795.543468 792.177265 769.362044 724.370303 679.378563 627.262792 570.603233 513.943674 500 500 500 500
10 10 10 10 10 10 10 10 10 10 10 10 10 10 10 10 10 10 10 10 10 10 10 10 10 10 10 10 10 10 10 10 10 10 10 10 10 10 10 10 10 10 10 10 95.652929 209.769958 323.886987 477.766311 636.364942 789.20037 793.030802 796.861233 800 800 800 800 800 800 780.221718 737.891475 695.561233 642.124403 581.603667 521.08293 504.555686 502.389161 500.222637 500
10 10 10 10 10 10 10 10 10 10 10 10 10 10 10 10 10 10 10 10 10 10 10 10 10 10 10 10 10 10 10 10 10 10 10 10 10 10 10 10 10 10 10 10 93.666646 205.137312 316.607978 467.751066 623.602794 773.994441 783.218138 792.441835 800 800 800 800 800 800 781.026261 740.417934 699.809606 647.854521 588.662346 529.470171 510.970113 505.753112 500.536111 500
10 10 10 10 10 10 10 10 10 10 10 10 10 10 10 10 10 10 10 10 10 10 10 10 10 10 10 10 10 10 10 10 10 10 10 10 10 10 10 10 10 10 10 10 91.680363 200.504666 309.328968 457.735821 610.840647 758.788511 773.405474 788.022436 800 800 800 800 800 800 781.830804 742.944392 704.057979 653.584639 595.721025 537.857412 517.384539 509.117062 500.849585 500
10 10 10 10 10 10 10 10 10 10 10 10 10 10 10 10 10 10 10 10 10 10 10 10 9.995032 9.988383 9.981735 9.968629 9.954729 9.941106 9.935333 9.929561 9.926332 9.93491 9.943487 9.955003 9.972746 9.990488 10 10 10 10 10 10 76.435415 164.948583 253.461751 393.935012 540.575312 683.296436 724.689059 766.081683 800 800 800 800 800 800 785.353073 754.005154 722.657236 677.505044 623.54833 569.591617 542.803987 524.885113 506.96624 503.515212
10 10 10 10 10 10 10 10 10 10 10 10 10 10 10 10 10 10 10 10 10 10 10 10 9.986164 9.967648 9.949132 9.912632 9.873922 9.835979 9.819904 9.803828 9.794836 9.818724 9.842613 9.874684 9.924097 9.97351 10 10 10 10 10 10 50.782448 105.11768 159.452913 287.912671 425.170119 560.479889 645.433299 730.38671 800 800 800 800 800 800 791.008748 771.765324 752.5219 715.704778 667.678954 619.65313 583.142327 550.390351 517.638376 509.789855
10 10 10 10 10 10 10 10 10 10 10 10 10 10 10 10 10 10 10 10 10 10 10 10 9.977296 9.946912 9.916528 9.856634 9.793114 9.730853 9.704474 9.678095 9.663339 9.702538 9.741738 9.794364 9.875448 9.956531 10 10 10 10 10 10 25.129481 45.286778 65.444074 181.89033 309.764927 437.663342 566.177539 694.691736 800 800 800 800 800 800 796.664423 789.525494 782.386564 753.904513 711.809578 669.714644 623.480667 575.895589 528.310512 516.064499
10 10 10 10 10 10 10 10 10 10 10 10 10 10 10 10 10 10 10 10 10 10 10 10 9.834082 9.61204 9.389997 9.114885 8.833252 8.560329 8.535601 8.510872 8.529464 8.749162 8.96886 9.217091 9.525797 9.834504 10 10 10 10 10 10 10 10 10 118.141385 239.117853 361.294546 514.502534 667.710522 793.680037 796.041672 798.403308 800 800 800 800 800 800 779.502799 745.932253 712.361707 662.535242 607.402385 552.269527 531.966321
10 10 10 10 10 10 10 10 10 10 10 10 10 10 10 10 10 10 10 10 10 10 10 10 9.497719 8.825536 8.153353 7.38724 6.609586 5.858098 5.852205 5.846312 5.954485 6.592168 7.229852 7.925354 8.743401 9.561449 10 10 10 10 10 10 10 10 10 115.168369 232.818959 351.703096 502.480031 653.256967 778.273942 786.392507 794.511073 800 800 800 800 800 800 786.984143 765.666627 744.349111 699.744165 647.537543 595.330921 561.709013
