NetLogoInput/pp1_pinchpoints.asc
NCOLS 144 
NROWS 154 
XLLCORNER -888485.5599279 
YLLCORNER -125866.530794814 
CELLSIZE 30 
NODATA_value -9999 
[rows 0 to 41 of 154, columns 0 to 93 of 144]
0.000000000000000 0 0 0 0 0 0 0 0 0 0 0 0 0 0 0 0 0 0 0 0 0 0 0 0 0 0 0 0 0 0 0 0 0 0 0 0 0 0 0 0 0 0 0 7.1e-05 0.002494 0.007271 0.014127 0.019784 0.024241 0.027359 0.029363 0.030254 0.030361 0.030431 0.030465 0.030515 0.030626 0.030799 0.031006 0.031225 0.031457 0.03166 0.031826 0.031953 0.032016 0.03202 0.031976 0.032008 0.032114 0.032294 0.032502 0.03274 0.032981 0.033181 0.033338 0.033457 0.033551 0.033621 0.033674 0.033719 0.033755 0.033787 0.033815 0.03384 0.033863 0.033884 0.033903 0.033919 0.033934 0.033947 0.033956 0.033963 0.033966
0 0 0 0 0 0 0 0 0 0 0 0 0 0 0 0 0 0 0 0 0 0 0 0 0 0 0 0 0 0 0 0 0 0 0 0 0 0 0 0 0 0 0 0 0 0.000212 0.007271 0.014331 0.020779 0.024241 0.027704 0.030131 0.030254 0.030377 0.030451 0.030465 0.030479 0.030601 0.030799 0.030997 0.031222 0.031457 0.031693 0.03183 0.031953 0.032074 0.03202 0.031965 0.031944 0.032114 0.032285 0.032481 0.03274 0.032999 0.033204 0.033338 0.033471 0.033562 0.033621 0.03368 0.033721 0.033755 0.03379 0.033816 0.03384 0.033865 0.033884 0.033903 0.033921 0.033934 0.033947 0.033958 0.033963 0.033968
0 0 0 0 0 0 0 0 0 0 0 0 0 0 0 0 0 0 0 0 0 0 0 0 0 0 0 0 0 0 0 0 0 0 0 0 0 0 0 0 0 0 0 0 0 0.000207 0.007095 0.013983 0.020324 0.023994 0.027664 0.030265 0.030487 0.030708 0.030834 0.030844 0.030855 0.030967 0.03115 0.031333 0.031564 0.031813 0.032062 0.032227 0.032379 0.032528 0.032259 0.03199 0.031815 0.032174 0.032533 0.032872 0.033161 0.03345 0.033656 0.033752 0.033849 0.033911 0.033947 0.033984 0.03401 0.034033 0.034055 0.034074 0.034092 0.03411 0.034125 0.03414 0.034154 0.034164 0.034173 0.03418 0.034181 0.034182
0 0 0 0 0 0 0 0 0 0 0 0 0 0 0 0 0 0 0 0 0 0 0 0 0 0 0 0 0 0 0 0 0 0 0 0 0 0 0 0 0 0 0 0 0 0.000202 0.006918 0.013635 0.019869 0.023747 0.027625 0.030399 0.030719 0.031039 0.031218 0.031224 0.031231 0.031333 0.031502 0.03167 0.031907 0.032169 0.032431 0.032623 0.032805 0.032981 0.032498 0.032014 0.031686 0.032233 0.032781 0.033262 0.033581 0.0339 0.034108 0.034167 0.034226 0.03426 0.034274 0.034288 0.034299 0.03431 0.034321 0.034332 0.034344 0.034355 0.034366 0.034377 0.034387 0.034393 0.034399 0.034402 0.034399 0.034396
0 0 0 0 0 0 0 0 0 0 0 0 0 0 0 0 0 0 0 0 0 0 0 0 0 0 0 0 0 0 0 0 0 0 0 0 0 0 0 0 0 0 0 0 0 0.000198 0.006798 0.013398 0.019562 0.023598 0.027634 0.030543 0.030946 0.031349 0.031573 0.031578 0.031583 0.031676 0.031831 0.031985 0.032223 0.032492 0.032762 0.032975 0.033181 0.033378 0.032749 0.03212 0.031691 0.032395 0.0331 0.033697 0.03403 0.034363 0.034562 0.034583 0.034604 0.034608 0.034599 0.03459 0.034586 0.034585 0.034584 0.034589 0.034595 0.0346 0.034607 0.034615 0.034621 0.034624 0.034627 0.034627 0.03462 0.034613
0 0 0 0 0 0 0 0 0 0 0 0 0 0 0 0 0 0 0 0 0 0 0 0 0 0 0 0 0 0 0 0 0 0 0 0 0 0 0 0 0 0 0 0 0 0.000199 0.006826 0.013454 0.019645 0.023708 0.027771 0.030713 0.03116 0.031606 0.031855 0.031863 0.031871 0.031958 0.0321 0.032242 0.032471 0.032732 0.032993 0.033211 0.033424 0.033628 0.033032 0.032437 0.032048 0.032828 0.033607 0.03425 0.034555 0.03486 0.035025 0.035003 0.034981 0.034952 0.034919 0.034885 0.034867 0.034855 0.034843 0.034842 0.034843 0.034844 0.034849 0.034854 0.034858 0.034859 0.03486 0.034858 0.034848 0.034839
0 0 0 0 0 0 0 0 0 0 0 0 0 0 0 0 0 0 0 0 0 0 0 0 0 0 0 0 0 0 0 0 0 0 0 0 0 0 0 0 0 0 0 0 0 2e-04 0.006854 0.013509 0.019728 0.023818 0.027909 0.030884 0.031373 0.031862 0.032137 0.032148 0.032159 0.03224 0.03237 0.0325 0.032719 0.032971 0.033224 0.033447 0.033667 0.033878 0.033316 0.032754 0.032405 0.03326 0.034115 0.034802 0.03508 0.035357 0.035487 0.035423 0.035358 0.035297 0.035239 0.035181 0.035148 0.035125 0.035102 0.035095 0.035092 0.035088 0.03509 0.035093 0.035095 0.035094 0.035093 0.035089 0.035077 0.035064
0 0 0 0 0 0 0 0 0 0 0 0 0 0 0 0 0 0 0 0 0 0 0 0 0 0 0 0 0 0 0 0 0 0 0 0 0 0 0 0 0 0 0 0 0 0.000201 0.006888 0.013575 0.019825 0.023941 0.028058 0.031062 0.031589 0.032116 0.032411 0.032424 0.032437 0.03251 0.032626 0.032742 0.032951 0.033195 0.033438 0.033669 0.033897 0.034118 0.033627 0.033135 0.032852 0.033751 0.03465 0.035358 0.035602 0.035846 0.035939 0.035833 0.035726 0.035634 0.035553 0.035471 0.035424 0.035391 0.035358 0.035346 0.035339 0.035331 0.035332 0.035332 0.035333 0.03533 0.035327 0.035321 0.035306 0.035292
0 0 0 0 0 0 0 0 0 0 0 0 0 0 0 0 0 0 0 0 0 0 0 0 0 0 0 0 0 0 0 0 0 0 0 0 0 0 0 0 0 0 0 0 0 0.000203 0.006957 0.013712 0.02002 0.024152 0.028284 0.031298 0.031821 0.032345 0.032635 0.032637 0.03264 0.032695 0.032788 0.032881 0.033075 0.033306 0.033537 0.033787 0.03404 0.034289 0.034127 0.033964 0.033934 0.034655 0.035376 0.035938 0.036108 0.036279 0.036315 0.036174 0.036032 0.035916 0.035818 0.03572 0.035666 0.03563 0.035594 0.035582 0.035576 0.035569 0.035571 0.035573 0.035574 0.035571 0.035569 0.035563 0.035548 0.035533
0 0 0 0 0 0 0 0 0 0 0 0 0 0 0 0 0 0 0 0 0 0 0 0 0 0 0 0 0 0 0 0 0 0 0 0 0 0 0 0 0 0 0 0 0 0.000205 0.007027 0.013849 0.020216 0.024363 0.02851 0.031533 0.032054 0.032575 0.032858 0.03285 0.032843 0.03288 0.03295 0.03302 0.033198 0.033417 0.033635 0.033905 0.034183 0.03446 0.034626 0.034793 0.035016 0.035559 0.036103 0.036517 0.036614 0.036712 0.036691 0.036514 0.036338 0.036197 0.036083 0.03597 0.035909 0.035869 0.03583 0.035819 0.035813 0.035806 0.03581 0.035813 0.035815 0.035813 0.035811 0.035805 0.035789 0.035773
0 0 0 0 0 0 0 0 0 0 0 0 0 0 0 0 0 0 0 0 0 0 0 0 0 0 0 0 0 0 0 0 0 0 0 0 0 0 0 0 0 0 0 0 0 0.000207 0.007096 0.013986 0.020412 0.024574 0.028736 0.031769 0.032287 0.032805 0.033082 0.033064 0.033046 0.033066 0.033112 0.033159 0.033322 0.033528 0.033734 0.034024 0.034326 0.034631 0.035126 0.035621 0.036097 0.036464 0.03683 0.037097 0.037121 0.037144 0.037067 0.036855 0.036643 0.036478 0.036349 0.036219 0.036151 0.036108 0.036066 0.036055 0.036049 0.036044 0.036048 0.036053 0.036056 0.036055 0.036053 0.036048 0.036031 0.036014
0 0 0 0 0 0 0 0 0 0 0 0 0 0 0 0 0 0 0 0 0 0 0 0 0 0 0 0 0 0 0 0 0 0 0 0 0 0 0 0 0 0 0 0 0 0.000209 0.00719 0.014172 0.020675 0.02485 0.029025 0.032058 0.03255 0.033042 0.033292 0.033245 0.033198 0.03318 0.033183 0.033185 0.033295 0.033446 0.033597 0.034054 0.034557 0.035061 0.035752 0.036442 0.03709 0.037492 0.037894 0.038111 0.037871 0.037631 0.037376 0.037098 0.03682 0.036632 0.036512 0.036392 0.036335 0.036304 0.036273 0.036271 0.036274 0.036276 0.036286 0.036296 0.036305 0.036307 0.036308 0.036305 0.036289 0.036273
0 0 0 0 0 0 0 0 0 0 0 0 0 0 0 0 0 0 0 0 0 0 0 0 0 0 0 0 0 0 0 0 0 0 0 0 0 0 0 0 0 0 0 0 0 0.000212 0.007285 0.014358 0.020941 0.025128 0.029315 0.032349 0.032814 0.033279 0.033501 0.033425 0.03335 0.033293 0.033251 0.033208 0.033265 0.03336 0.033454 0.034082 0.034789 0.035499 0.036381 0.037263 0.038079 0.038524 0.038968 0.039136 0.038628 0.03812 0.037682 0.037338 0.036994 0.036783 0.036673 0.036563 0.036518 0.036499 0.03648 0.036486 0.036497 0.036508 0.036524 0.036539 0.036553 0.036558 0.036563 0.036563 0.036548 0.036533
0 0 0 0 0 0 0 0 0 0 0 0 0 0 0 0 0 0 0 0 0 0 0 0 0 0 0 0 0 0 0 0 0 0 0 0 0 0 0 0 0 0 0 0 0 0.000215 0.00738 0.014545 0.021206 0.025406 0.029606 0.032639 0.033078 0.033517 0.033711 0.033606 0.033501 0.033407 0.033319 0.033232 0.033235 0.033273 0.033311 0.034109 0.035022 0.035936 0.03701 0.038084 0.039069 0.039555 0.040041 0.040161 0.039385 0.038608 0.037989 0.037578 0.037168 0.036934 0.036834 0.036734 0.0367 0.036693 0.036686 0.036702 0.036721 0.03674 0.036761 0.036782 0.036802 0.03681 0.036819 0.036821 0.036807 0.036793
0 0 0 0 0 0 0 0 0 0 0 0 0 0 0 0 0 0 0 0 0 0 0 0 0 0 0 0 0 0 0 0 0 0 0 0 0 0 0 0 0 0 0 0 0 0.000219 0.007517 0.014815 0.021587 0.025795 0.030002 0.033022 0.033398 0.033773 0.033916 0.033774 0.033631 0.033497 0.033368 0.033238 0.033138 0.033048 0.032958 0.033675 0.034513 0.035369 0.038055 0.040741 0.042921 0.042235 0.04155 0.040746 0.039653 0.03856 0.037793 0.037457 0.037122 0.03695 0.036901 0.036852 0.036849 0.036863 0.036878 0.036908 0.03694 0.036973 0.037004 0.037034 0.037063 0.037077 0.037091 0.037097 0.037086 0.037074
0 0 0 0 0 0 0 0 0 0 0 0 0 0 0 0 0 0 0 0 0 0 0 0 0 0 0 0 0 0 0 0 0 0 0 0 0 0 0 0 0 0 0 0 0 0.000223 0.007662 0.015102 0.021993 0.026207 0.030421 0.033424 0.033729 0.034034 0.03412 0.033939 0.033757 0.033582 0.033412 0.033242 0.033026 0.032793 0.032561 0.033143 0.033847 0.03459 0.039189 0.043788 0.047379 0.045265 0.043151 0.041238 0.039818 0.038397 0.037489 0.03726 0.037031 0.036938 0.036949 0.03696 0.03699 0.037028 0.037067 0.037112 0.037159 0.037205 0.037247 0.037288 0.037327 0.037347 0.037366 0.037378 0.037368 0.037359
0 0 0 0 0 0 0 0 0 0 0 0 0 0 0 0 0 0 0 0 0 0 0 0 0 0 0 0 0 0 0 0 0 0 0 0 0 0 0 0 0 0 0 0 0 0.000227 0.007808 0.015388 0.022398 0.026619 0.03084 0.033826 0.03406 0.034295 0.034324 0.034104 0.033883 0.033668 0.033456 0.033245 0.032914 0.032538 0.032163 0.032611 0.033181 0.033811 0.040323 0.046834 0.051838 0.048295 0.044752 0.04173 0.039982 0.038234 0.037185 0.037062 0.036939 0.036926 0.036996 0.037067 0.037131 0.037194 0.037256 0.037317 0.037377 0.037438 0.03749 0.037542 0.037591 0.037616 0.037642 0.037658 0.037651 0.037644
0 0 0 0 0 0 0 0 0 0 0 0 0 0 0 0 0 0 0 0 0 0 0 0 0 0 0 0 0 0 0 0 0 0 0 0 0 0 0 0 0 0 0 0 0 0.000236 0.008109 0.015982 0.023211 0.027297 0.031384 0.034243 0.034368 0.034493 0.034455 0.034215 0.033976 0.033753 0.033542 0.033331 0.032963 0.032537 0.032111 0.032439 0.03288 0.0334 0.041717 0.050034 0.056297 0.050925 0.045553 0.041226 0.03946 0.037693 0.036715 0.036782 0.036849 0.036948 0.037071 0.037193 0.037284 0.037362 0.03744 0.037519 0.037598 0.037676 0.037745 0.037814 0.037878 0.037909 0.037941 0.037962 0.037954 0.037946
0 0 0 0 0 0 0 0 0 0 0 0 0 0 0 0 0 0 0 0 0 0 0 0 0 0 0 0 0 0 0 0 0 0 0 0 0 0 0 0 0 0 0 0 0 0.000247 0.008485 0.016722 0.02422 0.028104 0.031988 0.034667 0.034665 0.034662 0.034549 0.034301 0.034052 0.033838 0.033648 0.033458 0.03309 0.032657 0.032224 0.032441 0.032754 0.033165 0.043236 0.053306 0.060757 0.053363 0.045968 0.040243 0.038606 0.036969 0.036164 0.036462 0.03676 0.036986 0.037157 0.037329 0.037443 0.037533 0.037623 0.03772 0.037819 0.037917 0.038006 0.038094 0.038176 0.038214 0.038251 0.038277 0.038267 0.038257
0 0 0 0 0 0 0 0 0 0 0 0 0 0 0 0 0 0 0 0 0 0 0 0 0 0 0 0 0 0 0 0 0 0 0 0 0 0 0 0 0 0 0 0 0 0.000258 0.008861 0.017463 0.025229 0.02891 0.032591 0.035091 0.034961 0.034831 0.034644 0.034386 0.034128 0.033923 0.033754 0.033584 0.033218 0.032778 0.032338 0.032443 0.032629 0.032931 0.044755 0.056579 0.065217 0.0558 0.046383 0.03926 0.037752 0.036245 0.035613 0.036142 0.036671 0.037024 0.037244 0.037465 0.037601 0.037703 0.037805 0.037921 0.03804 0.038158 0.038266 0.038374 0.038474 0.038518 0.038562 0.038591 0.038579 0.038567
0 0 0 0 0 0 0 0 0 0 0 0 0 0 0 0 0 0 0 0 0 0 0 0 0 0 0 0 0 0 0 0 0 0 0 0 0 0 0 0 0 0 0 0.000268 0.000569 0.00112 0.009753 0.018387 0.026127 0.029508 0.032889 0.035164 0.034978 0.034792 0.034589 0.034365 0.034141 0.033987 0.033881 0.033775 0.033514 0.033195 0.032876 0.033149 0.033511 0.033985 0.045619 0.057252 0.065682 0.055957 0.046232 0.038931 0.037564 0.036198 0.035678 0.036281 0.036883 0.037253 0.037447 0.037641 0.037763 0.037857 0.037951 0.038096 0.038251 0.038406 0.03855 0.038694 0.038825 0.038869 0.038912 0.038936 0.038908 0.03888
0 0 0 0 0 0 0 0 0 0 0 0 0 0 0 0 0 0 0 0 0 0 0 0 0 0 0 0 0 0 0 0 0 0 0 0 0 0 0 0 0 0 0 0.000778 0.001652 0.002751 0.011113 0.019476 0.026926 0.029918 0.03291 0.03492 0.034742 0.034564 0.034398 0.034247 0.034096 0.034032 0.034028 0.034025 0.033964 0.033882 0.0338 0.034494 0.035305 0.036205 0.045889 0.055574 0.062534 0.054051 0.045568 0.039193 0.037978 0.036763 0.036301 0.036835 0.037369 0.037655 0.037754 0.037853 0.037929 0.037996 0.038063 0.038248 0.038454 0.03866 0.038856 0.039051 0.039226 0.039262 0.039298 0.039308 0.039253 0.039197
0 0 0 0 0 0 0 0 0 0 0 0 0 0 0 0 0 0 0 0 0 0 0 0 0 0 0 0 0 0 0 0 0 0 0 0 0 0 0 0 0 0 0 0.001288 0.002735 0.004382 0.012473 0.020565 0.027724 0.030328 0.032932 0.034676 0.034506 0.034336 0.034207 0.034129 0.034051 0.034077 0.034175 0.034274 0.034413 0.034568 0.034723 0.035839 0.037099 0.038424 0.04616 0.053896 0.059385 0.052145 0.044905 0.039456 0.038392 0.037329 0.036923 0.037388 0.037854 0.038056 0.038061 0.038066 0.038095 0.038135 0.038175 0.038399 0.038657 0.038914 0.039161 0.039408 0.039627 0.039655 0.039683 0.039681 0.039597 0.039513
0 0 0 0 0 0 0 0 0 0 0 0 0 0 0 0 0 0 0 0 0 0 0 0 0 0 0 0 0 0 0 0 0 0 0 0 0 0 0 0 0 0 0 0.001949 0.004139 0.006488 0.013985 0.021482 0.02809 0.030357 0.032624 0.034157 0.034059 0.03396 0.033913 0.033929 0.033945 0.034076 0.034287 0.034499 0.034833 0.035212 0.035591 0.037008 0.038579 0.040193 0.046013 0.051833 0.055921 0.050195 0.044469 0.040146 0.039257 0.038369 0.037996 0.038308 0.03862 0.038637 0.038431 0.038225 0.038136 0.038094 0.038052 0.038416 0.038852 0.039288 0.039581 0.039872 0.040125 0.040125 0.040124 0.040088 0.039956 0.039823
0 0 0 0 0 0 0 0 0 0 0 0 0 0 0 0 0 0 0 0 0 0 0 0 0 0 0 0 0 0 0 0 0 0 0 0 0 0 0 0 0 0 0 0.002861 0.006075 0.009384 0.015748 0.022112 0.027736 0.029752 0.031767 0.033182 0.03326 0.033338 0.033446 0.033592 0.033738 0.033999 0.034341 0.034683 0.035201 0.035785 0.036369 0.037882 0.039535 0.04121 0.045169 0.049128 0.05193 0.04817 0.044411 0.041547 0.040873 0.040199 0.039822 0.039838 0.039854 0.039514 0.038906 0.038298 0.037969 0.037753 0.037538 0.038209 0.039036 0.039863 0.040191 0.040514 0.040787 0.040723 0.040659 0.040554 0.040338 0.040122
0 0 0 0 0 0 0 0 0 0 0 0 0 0 0 0 0 0 0 0 0 0 0 0 0 0 0 0 0 0 0 0 0 0 0 0 0 0 0 0 0 0 0 0.003773 0.008012 0.012281 0.017511 0.022741 0.027382 0.029147 0.030911 0.032207 0.032462 0.032716 0.03298 0.033255 0.033531 0.033922 0.034394 0.034866 0.03557 0.036358 0.037146 0.038757 0.04049 0.042227 0.044325 0.046424 0.047939 0.046146 0.044354 0.042948 0.042488 0.042029 0.041647 0.041368 0.041089 0.040392 0.039381 0.038371 0.037801 0.037413 0.037024 0.038001 0.039219 0.040438 0.040801 0.041156 0.041448 0.041321 0.041194 0.04102 0.040721 0.040422
0 0 0 0 0 0 0 0 0 0 0 0 0 0 0 0 0 0 0 0 0 0 0 0 0 0 0 0 0 0 0 0 0 0 0 0 0 0 0 0 0 0 0 0.004566 0.009696 0.0148 0.019051 0.023302 0.027086 0.028591 0.030097 0.031264 0.031676 0.032088 0.032497 0.032904 0.033311 0.03383 0.034427 0.035024 0.035882 0.036837 0.037792 0.039435 0.04118 0.042914 0.043583 0.044251 0.044788 0.044577 0.044366 0.044157 0.043952 0.043747 0.04343 0.042963 0.042496 0.041192 0.039256 0.03732 0.036803 0.036864 0.036926 0.038232 0.039758 0.041284 0.041606 0.041916 0.04216 0.041964 0.041769 0.041521 0.041132 0.040743
0 0 0 0 0 0 0 0 0 0 0 0 0 0 0 0 0 0 0 0 0 0 0 0 0 0 0 0 0 0 0 0 0 0 0 0 0 0 0 0 0 0 0 0.004949 0.01051 0.016018 0.01982 0.023622 0.026985 0.028208 0.02943 0.03043 0.030935 0.031439 0.031962 0.032505 0.033049 0.033686 0.034388 0.035091 0.036004 0.036994 0.037985 0.039436 0.040955 0.042466 0.043189 0.043912 0.044533 0.044577 0.044622 0.044708 0.044894 0.045081 0.045065 0.044782 0.044499 0.041721 0.037062 0.032403 0.032941 0.035602 0.038263 0.039975 0.041519 0.043063 0.04308 0.043082 0.043047 0.042765 0.042483 0.042142 0.041641 0.041141
0 0 0 0 0 0 0 0 0 0 0 0 0 0 0 0 0 0 0 0 0 0 0 0 0 0 0 0 0 0 0 0 0 0 0 0 0 0 0 0 0 0 0 0.005333 0.011324 0.017237 0.02059 0.023942 0.026885 0.027824 0.028763 0.029596 0.030193 0.030791 0.031426 0.032106 0.032786 0.033542 0.034349 0.035157 0.036125 0.037151 0.038178 0.039437 0.04073 0.042018 0.042795 0.043572 0.044278 0.044578 0.044878 0.045258 0.045836 0.046414 0.046701 0.046601 0.046501 0.042251 0.034868 0.027485 0.029079 0.03434 0.0396 0.041717 0.043279 0.044842 0.044554 0.044249 0.043935 0.043566 0.043197 0.042763 0.042151 0.041539
0 0 0 0 0 0 0 0 0 0 0 0 0 0 0 0 0 0 0 0 0 0 0 0 0 0 0 0 0 0 0 0 0 0 0 0 0 0 0 0 2.1e-05 5e-05 7.9e-05 0.005754 0.012128 0.018397 0.021308 0.024218 0.026749 0.027422 0.028096 0.028775 0.029467 0.03016 0.030909 0.031727 0.032545 0.033418 0.034331 0.035243 0.036263 0.037323 0.038383 0.039461 0.040541 0.041619 0.042445 0.043271 0.044055 0.044595 0.045135 0.04579 0.046725 0.047659 0.048213 0.048264 0.048314 0.042722 0.032874 0.023025 0.02563 0.033321 0.041012 0.043492 0.045053 0.046614 0.046021 0.045406 0.04481 0.04434 0.043869 0.043333 0.042619 0.041906
0 0 0 0 0 0 0 0 0 0 0 0 0 0 0 0 0 0 0 0 0 0 0 0 0 0 0 0 0 0 0 0 0 0 0 0 0 0 0 0 0.000307 0.000717 0.001126 0.006647 0.012799 0.018843 0.021395 0.023947 0.026172 0.026802 0.027433 0.028119 0.02893 0.029741 0.030622 0.031589 0.032557 0.033549 0.034559 0.035568 0.036615 0.037676 0.038737 0.039767 0.040792 0.041815 0.042629 0.043443 0.044224 0.044822 0.045419 0.046093 0.046953 0.047813 0.04821 0.047993 0.047776 0.042475 0.03334 0.024205 0.027264 0.035304 0.043343 0.045672 0.046992 0.048312 0.047392 0.046449 0.04553 0.044776 0.044022 0.043283 0.042585 0.041887
0 0 0 0 0 0 0 0 0 0 0 0 0 0 0 0 0 0 0 0 0 0 0 0 0 0 0 0 0 0 0 0 0 0 0 0 0 0 0 0 0.000593 0.001384 0.002174 0.00754 0.01347 0.019289 0.021482 0.023675 0.025595 0.026183 0.026771 0.027464 0.028393 0.029322 0.030335 0.031452 0.032569 0.03368 0.034786 0.035893 0.036967 0.038029 0.039091 0.040073 0.041043 0.042011 0.042813 0.043614 0.044394 0.045048 0.045703 0.046395 0.047181 0.047966 0.048206 0.047722 0.047238 0.042229 0.033807 0.025384 0.028898 0.037286 0.045675 0.047851 0.04893 0.05001 0.048762 0.047491 0.046251 0.045213 0.044175 0.043233 0.042551 0.041868
0 0 0 0 0 0 0 0 0 0 0 0 0 0 0 0 0 0 0 0 0 0 0 0 0 0 0 0 0 0 0 0 0 0 0 0 0 0 0 0 0.000879 0.00205 0.003222 0.008432 0.014142 0.019735 0.021569 0.023403 0.025018 0.025563 0.026108 0.026809 0.027856 0.028903 0.030048 0.031315 0.032582 0.033811 0.035014 0.036218 0.037319 0.038382 0.039445 0.040379 0.041294 0.042208 0.042997 0.043786 0.044563 0.045275 0.045987 0.046698 0.047409 0.04812 0.048202 0.047451 0.0467 0.041983 0.034273 0.026564 0.030532 0.039269 0.048006 0.05003 0.050869 0.051708 0.050133 0.048534 0.046971 0.045649 0.044328 0.043183 0.042516 0.041849
0 0 0 0 0 0 0 0 0 0 0 0 0 0 0 0 0 0 0 0 0 0 0 0 0 0 0 0 0 0 0 0 0 0 0 0 0 0 0 0 0.001355 0.003162 0.004969 0.009491 0.014348 0.01911 0.020772 0.022435 0.023934 0.024638 0.025341 0.026209 0.027445 0.02868 0.030015 0.031472 0.03293 0.034314 0.035647 0.03698 0.038135 0.039224 0.040312 0.041204 0.042067 0.042929 0.043644 0.044359 0.045067 0.045731 0.046395 0.047031 0.047597 0.048163 0.048111 0.04724 0.046369 0.043021 0.037804 0.032587 0.035838 0.042547 0.049256 0.050802 0.051438 0.052073 0.050322 0.048546 0.046586 0.043395 0.040203 0.038208 0.039446 0.040685
0 0 0 0 0 0 0 0 0 0 0 0 0 0 0 0 0 0 0 0 0 0 0 0 0 0 0 0 0 0 0 0 0 0 0 0 0 0 0 0 0.001847 0.00431 0.006773 0.010564 0.014518 0.018398 0.019904 0.02141 0.022809 0.023687 0.024565 0.025614 0.027044 0.028474 0.030003 0.031654 0.033305 0.034847 0.036312 0.037778 0.038989 0.040105 0.041222 0.042072 0.042883 0.043692 0.044329 0.044966 0.045598 0.046206 0.046814 0.047366 0.047782 0.048197 0.048013 0.047034 0.046054 0.044163 0.041583 0.039004 0.041442 0.04593 0.050417 0.05146 0.051896 0.052331 0.050415 0.048475 0.046112 0.040922 0.035732 0.032833 0.03613 0.039427
0 0 0 0 0 0 0 0 0 0 0 0 0 0 0 0 0 0 0 0 0 0 0 0 0 0 0 0 0 0 0 0 0 0 0 0 0 0 0 0 0.002339 0.005458 0.008578 0.011636 0.014687 0.017686 0.019036 0.020385 0.021683 0.022736 0.023789 0.025019 0.026643 0.028267 0.02999 0.031835 0.03368 0.035379 0.036978 0.038576 0.039843 0.040987 0.042131 0.04294 0.043699 0.044456 0.045014 0.045572 0.046129 0.046681 0.047233 0.047702 0.047967 0.048231 0.047915 0.046827 0.04574 0.045305 0.045362 0.04542 0.047046 0.049312 0.051579 0.052119 0.052354 0.052589 0.050508 0.048403 0.045638 0.038449 0.03126 0.027459 0.032814 0.038169
0 0 0 0 0 0 0 0 0 0 0 0 0 0 0 0 0 0 0 0 0 0 0 0 0 0 0 0 0 0 0 0 0 0 0 0 0 0 0 0 0.002511 0.005859 0.009208 0.011954 0.014626 0.017255 0.01846 0.019665 0.020835 0.021831 0.022827 0.024096 0.02597 0.027843 0.029879 0.032111 0.034343 0.036286 0.038028 0.03977 0.041066 0.042197 0.043329 0.044104 0.044825 0.045544 0.046024 0.046505 0.046985 0.047468 0.047951 0.04837 0.048633 0.048896 0.048729 0.047991 0.047254 0.047339 0.048044 0.048749 0.049944 0.051338 0.052732 0.052719 0.052458 0.052196 0.048489 0.044747 0.040782 0.035321 0.029861 0.027436 0.03322 0.039004
0 0 0 0 0 0 0 0 0 0 0 0 0 0 0 0 0 0 0 0 0 0 0 0 0 0 0 0 0 0 0 0 0 0 0 0 0 0 0 0 0.00259 0.006043 0.009497 0.012054 0.014499 0.016904 0.017969 0.019034 0.020066 0.020939 0.021811 0.023076 0.025217 0.027357 0.029738 0.032414 0.03509 0.037302 0.03919 0.041079 0.042397 0.043504 0.04461 0.045353 0.046041 0.046726 0.047129 0.047532 0.047936 0.048346 0.048756 0.049135 0.049439 0.049743 0.049807 0.049553 0.049299 0.049632 0.050407 0.051183 0.052056 0.05297 0.053883 0.053303 0.052458 0.051614 0.045857 0.04005 0.034653 0.032003 0.029353 0.028968 0.034707 0.040447
0 0 0 0 0 0 0 0 0 0 0 0 0 0 0 0 0 0 0 0 0 0 0 0 0 0 0 0 0 0 0 0 0 0 0 0 0 0 0 0 0.002669 0.006227 0.009786 0.012153 0.014373 0.016553 0.017478 0.018403 0.019298 0.020046 0.020795 0.022057 0.024464 0.02687 0.029598 0.032717 0.035837 0.038317 0.040353 0.042389 0.043728 0.04481 0.045891 0.046602 0.047257 0.047908 0.048234 0.04856 0.048887 0.049224 0.049561 0.0499 0.050245 0.05059 0.050886 0.051115 0.051344 0.051925 0.052771 0.053616 0.054169 0.054602 0.055034 0.053886 0.052459 0.051032 0.043225 0.035353 0.028525 0.028685 0.028845 0.030499 0.036194 0.041889
0 0 0 0 0 0 0 0 0 0 0 0 0 0 0 0 0 0 0 0 0 0 0 0 0 0 0 0 0 0 0 0 0 0 0 0 0 0 0 0 0.002683 0.006261 0.009839 0.012112 0.014224 0.016299 0.017159 0.01802 0.018839 0.019453 0.020067 0.021042 0.02282 0.024599 0.027547 0.031925 0.036302 0.039423 0.04167 0.043917 0.045296 0.046355 0.047413 0.048077 0.048682 0.049283 0.049536 0.049789 0.050046 0.050326 0.050606 0.050917 0.051305 0.051693 0.052113 0.052577 0.053041 0.053763 0.05468 0.055596 0.055995 0.056182 0.05637 0.053469 0.050024 0.046579 0.039806 0.033 0.027362 0.029542 0.031721 0.034568 0.039218 0.043868
0 0 0 0 0 0 0 0 0 0 0 0 0 0 0 0 0 0 0 0 0 0 0 0 0 0 0 0 0 0 0 0 0 0 0 0 0 0 0 0 0.002659 0.006204 0.009749 0.011987 0.014063 0.016102 0.016944 0.017785 0.018564 0.019038 0.019512 0.020029 0.020642 0.021255 0.024349 0.030474 0.036599 0.040583 0.04308 0.045576 0.047007 0.048043 0.04908 0.049688 0.050233 0.050773 0.050957 0.051141 0.051331 0.051563 0.051795 0.052084 0.052516 0.052948 0.053431 0.05398 0.054529 0.055328 0.056316 0.057304 0.057649 0.057732 0.057815 0.052452 0.046127 0.039803 0.035916 0.032055 0.02918 0.032904 0.036628 0.040158 0.043163 0.046169
0 0 0 0 0 0 0 0 0 0 0 0 0 0 0 0 0 0 0 0 0 0 0 0 0 0 0 0 0 0 0 0 0 0 0 0 0 0 0 0 0.002635 0.006147 0.00966 0.011862 0.013902 0.015906 0.016728 0.017551 0.01829 0.018623 0.018957 0.019016 0.018464 0.017912 0.021151 0.029024 0.036896 0.041744 0.044489 0.047235 0.048717 0.049732 0.050746 0.051299 0.051783 0.052264 0.052378 0.052492 0.052616 0.0528 0.052984 0.053252 0.053728 0.054204 0.054748 0.055382 0.056017 0.056893 0.057952 0.059011 0.059304 0.059282 0.059261 0.051435 0.04223 0.033026 0.032027 0.03111 0.030997 0.036266 0.041535 0.045749 0.047109 0.04847
