NetLogoInput/pp1_resistance.asc
NCOLS 144 
NROWS 154 
XLLCORNER -888485.5599279 
YLLCORNER -125866.530794814 
CELLSIZE 30 
NODATA_value -9999 
[rows 75 to 99 of 154, columns 0 to 56 of 144]
-9999 10 10 10 10 10 10 10 10 16.8326784260294 28.4022928191867 39.9719072123441 71.1982098357799 109.551545306083 147.904880776385 202.070247676942 258.448381355322 315.008555200489 380.236059756666 445.463564312844 500 500 500 500 500 500 500 500 500 500 500 500 500 500 500 495.19988950984 489.748755371948 484.083729450968 469.684760445421 455.285791439874 442.695826416047 439.113824144212 435.531821872377 435.458012137524 443.171954578085 450.885897018646 463.87081137692 483.197271803295 502.52373222967 515.185312355489 523.35226128901 531.51921022253 548.782388955657 569.232063157679 589.681737359702 639.282670383012 692.712451845631
-9999 10 10 10 10 10 10 10 10 14.0883830193994 21.0111462575738 27.9339094957482 48.285402142997 73.505822580571 98.726243018145 152.331964736646 209.909981345276 267.986419687633 349.793807501277 431.601195314921 500 500 500 500 500 500 500 500 500 500 500 500 500 500 500 497.127818844152 493.86609293577 490.476383317421 481.860655090717 473.244926864012 465.711629376726 463.568312166328 461.424994955931 461.38083036222 465.996524138539 470.612217914858 478.381836219809 489.945964912194 501.510093604579 509.086242510982 513.972996029618 518.859749548254 530.396149344276 544.261983224469 558.127817104661 591.041475235091 626.456954388066
-9999 10 10 10 10 10 10 10 10 11.3440876127694 13.6199996959608 15.8959117791523 25.3725944502141 37.4600998550594 49.5476052599047 102.593681796351 161.37158133523 220.964284174777 319.351555245888 417.738826316999 500 500 500 500 500 500 500 500 500 500 500 500 500 500 500 499.055748178464 497.983430499591 496.869037183875 494.036549736012 491.20406228815 488.727432337404 488.022800188444 487.318168039484 487.303648586916 488.821093698993 490.33853881107 492.892861062699 496.694658021094 500.496454979488 502.987172666475 504.593730770226 506.200288873978 512.009909732895 519.291903291257 526.57389684962 542.80028008717 560.201456930501
-9999 10 10 10 10 10 10 10 10 10 10 10 13.4781939347284 18.2174956476429 22.9567973605573 74.9796077346679 133.619365309139 193.27758703636 301.427115847005 409.576644657649 500 500 500 500 500 500 500 500 500 500 500 500 500 500 500 500 500 500 500 500 500 500 500 500 500 500 500 500 500 500 500 500 502.518083176977 505.918274745069 509.318466313161 516.067383408252 523.256136140849
-9999 10 10 10 10 10 10 10 10 10 10 10 12.1605839958917 15.1045427356233 18.0485014753549 68.6030065869719 125.820225199408 184.151365936214 295.518776682078 406.886187427942 500 500 500 500 500 500 500 500 500 500 500 500 500 500 500 500 500 500 500 500 500 500 500 500 500 500 500 500 500 500 500 500 501.564182536856 503.676313034134 505.788443531411 509.980734858143 514.446243221375
-9999 10 10 10 10 10 10 10 10 10 10 10 10.842974057055 11.9915898236037 13.1402055901524 62.2264054392759 118.021085089678 175.025144836069 289.610437517152 404.195730198235 500 500 500 500 500 500 500 500 500 500 500 500 500 500 500 500 500 500 500 500 500 500 500 500 500 500 500 500 500 500 500 500 500.610281896735 501.434351323198 502.258420749661 503.894086308034 505.6363503019
-9999 10 10 10 10 10 10 10 10 10 10 10 10 10 10 58.353073654262 113.472771537659 169.853247723639 286.262137938277 402.671028152914 500 500 500 500 500 500 500 500 500 500 500 500 500 500 500 500 500 500 500 500 500 500 500 500 500 500 500 500 500 500 500 500 500 500 500 500 500
-9999 10 10 10 10 10 10 10 10 10 10 10 10 10 10 58.9256575944569 114.698067940811 171.704402729229 287.460580480908 403.216758232587 500 500 500 500 500 500 500 500 500 500 500 500 500 500 500 500 500 500 500 500 500 500 500 500 500 500 500 500 500 500 500 500 500 500 500 500 500
-9999 10 10 10 10 10 10 10 10 10 10 10 10 10 10 59.4982415346517 115.923364343963 173.555557734818 288.659023023539 403.76248831226 500 500 500 500 500 500 500 500 500 500 500 500 500 500 500 500 500 500 500 500 500 500 500 500 500 500 500 500 500 500 500 500 500 500 500 500 500
-9999 10 10 10 10 10 10 10 10 10 10 10 12.1079267939572 14.9801361223538 17.8523454507505 70.6170104775252 130.363723884381 191.12176703404 300.031432396816 408.941097759592 500 500 500 500 500 500 500 500 500 500 500 500 500 500 500 500 500 500 500 500 500 500 500 498.999784595739 495.779215089388 492.558645583037 487.837732285314 481.311744056535 474.785755827755 474.046299355524 477.209137441538 480.371975527552 486.068219200271 492.651938849383 499.235658498495 497.04728896678 493.706756498452
-9999 10 10 10 10 10 10 10 10 10 10 10 22.1349359491613 38.6697019251873 55.2044679012133 121.355802218427 194.450576696336 267.726463637237 349.625511281313 431.524558925388 500 500 500 500 500 500 500 500 500 500 500 500 500 500 500 500 500 500 500 500 500 500 500 494.241949055888 475.70173940941 457.161529762932 429.984124620763 392.415244435625 354.846364250487 350.58945316921 368.797313945672 387.005174722134 419.797372400635 457.698601455762 495.59983051089 483.001800931975 463.77098719809
-9999 10 10 10 10 10 10 10 10 10 10 10 32.1619451043654 62.3592677280207 92.5565903516761 172.09459395933 258.537429508291 344.331160240434 399.219590165809 454.108020091185 500 500 500 500 500 500 500 500 500 500 500 500 500 500 500 500 500 500 500 500 500 500 500 489.484113516036 455.624263729431 421.764413942827 372.130516956212 303.518744814715 234.906972673218 227.132606982895 260.385490449805 293.638373916716 353.526525600999 422.745264062142 491.964002523285 468.95631289717 433.835217897729
-9999 10 10 10 10 10 10 10 10 10 10 10 41.8401468052747 85.2247495978354 128.609352390396 220.960444695837 320.164003852148 417.922182017171 446.862608166274 475.803034315377 500 500 500 500 500 500 500 500 500 500 500 500 500 500 500 500 500 500 500 500 499.841537577222 498.894009117888 497.946480658553 481.973529345122 432.646003479411 383.318477613699 312.690732038737 216.436531484391 120.182330930045 109.270496666748 155.911453190168 202.552409713588 286.506672396411 383.532139702013 480.557607007615 448.262472630113 398.981828743038
-9999 10 10 10 10 10 10 10 10 10 10 10 46.0754058447033 95.2308686861497 144.386331527596 240.60011242009 343.39932689605 444.486515921292 464.060426701856 483.634337482419 500 500 500 500 500 500 500 500 500 500 500 500 500 500 500 500 500 500 500 500 497.210358844749 480.529657265173 463.848955685597 431.50786271867 364.402643835321 297.297424951973 228.499549946956 157.665227595873 86.8309052447891 78.7110691703205 112.884338675618 147.057608180915 207.798998690756 277.847453672706 347.895908654656 323.824863278077 287.391768486561
-9999 10 10 10 10 10 10 10 10 10 10 10 50.310664884132 105.236987774464 160.163310664796 260.239780144344 366.634649939953 471.050849825414 481.258245237438 491.465640649462 500 500 500 500 500 500 500 500 500 500 500 500 500 500 500 500 500 500 500 500 494.579180112275 462.165305412457 429.75143071264 381.042196092217 296.159284191232 211.276372290247 144.308367855175 98.8939237073543 53.4794795595336 48.1516416738928 69.8572241610673 91.5628066482417 129.0913249851 172.162767643399 215.234210301698 199.387253926042 175.801708230084
-9999 10 10 10 10 10 10 10 10 10 10 10 54.5459239235606 115.243106862778 175.940289801996 279.879447868598 389.869972983855 497.615183729535 498.45606377302 499.296943816505 500 500 500 500 500 500 500 500 500 500 500 500 500 500 500 500 500 500 500 500 491.948001379801 443.800953559742 395.653905739683 330.576529465764 227.915924547143 125.255319628521 60.1171857633941 40.122619818836 20.128053874278 17.5922141774651 26.8301096465169 36.0680051155687 50.3836512794445 66.4780816140919 82.5725119487393 74.9496445740072 64.2116479736071
-9999 10 10 10 10 10 10 10 10 10 10 10 45.5765861350086 94.052369479292 142.528152823575 236.098491114392 335.979450117454 434.001824192451 443.532902580728 453.063980969005 457.092146726791 433.049289423968 409.006432121146 392.193144066456 391.68115772995 391.169171393443 390.657206161234 390.145266663735 389.633327166237 389.121415486247 388.609522827117 388.097630167987 387.585772042605 387.073926225561 386.562080408516 386.050275840043 385.538476865982 385.026679011671 384.514926880594 384.003174749518 377.099428712246 338.366652114635 299.633875517024 248.256540748459 168.80985563354 89.3631705186218 40.2610770925547 27.6667907875761 15.0725044825975 13.4476452417707 19.2202975571648 24.9929498725589 33.6901799515385 43.4119173261123 53.1336547006862 48.2054140063752 41.3529838282121
-9999 10 10 10 10 10 10 10 10 10 10 10 35.3048841786757 69.7846984684053 104.264512758135 186.062383226453 274.482035542665 361.494274382015 381.496477654112 401.49868092621 409.952308838874 359.495256717197 309.03820459552 273.753340528526 272.678870845438 271.60440116235 270.529975769365 269.455604384005 268.381232998646 267.306919991934 266.232646902962 265.158373813989 264.084173198563 263.009998413778 261.935823628993 260.861735409681 259.787658930969 258.713584802194 257.639606629555 256.565628456917 251.182898819892 224.344675944062 197.506453068232 162.794772829522 110.604994094386 58.4152153592491 26.7503112933313 19.7790387414487 12.807766189566 11.9083633689576 15.1036800120261 18.2989966550947 23.1131449012744 28.4943851934844 33.8756254856943 31.0966427879187 27.2458622219559
-9999 10 10 10 10 10 10 10 10 10 10 10 25.0331822223428 45.5170274575187 66.0008726926945 136.026275338515 212.984620967875 288.986724571579 319.460052727497 349.933380883414 362.812470950958 285.941224010426 209.069977069895 155.313536990596 153.676583960926 152.039630931256 150.402745377495 148.765942104275 147.129138831055 145.492424497621 143.855770978806 142.219117459991 140.582574354521 138.946070601995 137.309566849469 135.673194979319 134.036840995955 132.400490592718 130.764286378517 129.128082164316 125.266368927537 110.322699773488 95.3790306194388 77.333004910585 52.4001325552307 27.4672601998764 13.239545494108 11.8912866953213 10.5430278965346 10.3690814961444 10.9870624668874 11.6050434376305 12.5361098510104 13.5768530608564 14.6175962707023 13.9878715694621 13.1387406156998
-9999 10 10 10 10 10 10 10 10 10 10 10 19.5365559119777 32.5308330043704 45.5251100967631 100.088618162997 160.469406171047 220.170681731799 247.518882655675 274.867083579552 286.336675313191 216.80756060185 147.278445890509 98.6983007408959 97.354092033683 96.0098833264701 94.6657300281195 93.3216442956777 91.9775585632358 90.6335458650426 89.2895831056923 87.945620346342 86.6017482545782 85.2579084780787 83.9140687015791 82.5703372222847 81.2266204309943 79.8829065795799 78.5393127735004 77.1957189674209 74.542680646432 65.3692435119017 56.1958063773714 45.5366382478944 31.5793316422633 17.6220250366321 10 10 10 10 10 10 10 10 10 9.91321997718895 9.81504190268688
-9999 10 10 10 10 10 10 10 10 10 10 10 15.5459896736779 23.1028191241094 30.6596485745408 68.5976159245344 110.787179466526 152.51894112856 172.453753448301 192.388565768043 200.608311146976 149.068082793122 97.5278544392686 61.5825487232708 60.8008233626395 60.0190980020083 59.2374048644333 58.4557510198522 57.6740971752711 56.8924858038 56.1109034742923 55.3293211447845 54.5477915430648 53.7662807343059 52.984769925547 52.2033220970912 51.4218828104526 50.6404452335008 49.8590774689836 49.0777097044665 47.5348337157045 42.2000159796349 36.8651982435653 30.6663527775802 22.5494729499304 14.4325931222805 10 10 10 10 10 10 10 10 10 9.94953302692986 9.89243751022596
-9999 10 10 10 10 10 10 10 10 10 10 10 11.5554234353781 13.6748052438483 15.7941870523185 37.1066136860722 61.1049527620061 84.8672005253204 97.3886242409269 109.910047956533 114.879946980762 81.3286049843947 47.7772629880277 24.4667967056456 24.247554691596 24.0283126775465 23.8090797007472 23.5898577440268 23.3706357873064 23.1514257425575 22.9322238428923 22.7130219432271 22.4938348315514 22.2746529905331 22.0554711495149 21.8363069718976 21.617145189911 21.3979838874216 21.1788421644669 20.9597004415121 20.5269867849771 19.0307884473681 17.5345901097592 15.796067307266 13.5196142575975 11.243161207929 10 10 10 10 10 10 10 10 10 9.98584607667078 9.96983311776504
-9999 10 10 10 10 10 10 10 10 15.5700183018349 25.0015998715982 34.4331814413614 40.84638647852 46.1652022452138 51.4840180119076 51.1562421034617 50.038271050148 49.1030511520402 56.8690136794546 64.634976206869 67.6207759671157 46.2223871565466 24.8239983459775 10 10 10 10 10 10 10 10 10 10 10 10 10 10 10 10 10 10 10 10 10 10 10 10 10 10 10 10 10 10 10 10 10 10
-9999 10 10 10 10 10 10 10 10 24.6978308290285 49.5853236253985 74.4728164217685 91.3955979280659 105.430570546358 119.465543164649 94.2944989573527 63.6368876441714 33.7067860101597 38.4150122578889 43.1232385056181 44.9334224656915 31.9603421164899 18.9872617672883 10 10 10 10 10 10 10 10 10 10 10 10 10 10 10 10 10 10 10 10 10 10 10 10 10 10 10 10 10 10 10 10 10 10
-9999 10 10 10 10 10 10 10 10 33.8256433562221 74.1690473791988 114.512451402175 141.944809377612 164.695938847501 187.447068317391 137.432755811244 77.2355042381948 18.3105208682792 19.9610108363231 21.6115008043671 22.2460689642673 17.6982970764332 13.1505251885991 10 10 10 10 10 10 10 10 10 10 10 10 10 10 10 10 10 10 10 10 10 10 10 10 10 10 10 10 10 10 10 10 10 10
