NetLogoInput/pp1_resistance.asc
NCOLS 144 
NROWS 154 
XLLCORNER -888485.5599279 
YLLCORNER -125866.530794814 
CELLSIZE 30 
NODATA_value -9999 
[rows 25 to 49 of 154, columns 0 to 56 of 144]
-9999 603.091925351212 587.934777976006 536.242617089795 400.866661408705 265.490705727615 191.090542806319 192.053274640867 193.016006475416 189.43770085255 182.711200287836 175.984699723122 132.011629826491 74.5338677888538 17.0561057512163 10 10 10 10 10 10 10 10 10 10 10 10 10 10 10 10 10 10 10 10 10 10 10 10 10 10 10 10 10 10 10 10 10 10 10 10 10 10 10 10 10 10
-9999 691.178432031179 677.985494107391 636.062816023339 528.334395747413 420.605975471488 361.894441360491 363.765218132422 365.635994904353 358.682645277906 345.61173543441 332.540825590914 247.092526489341 135.401961927291 23.711397365242 10 10 10 10 10 10 10 10 10 10 10 10 10 10 10 10 10 10 10 10 10 10 10 10 10 10 10 10 10 10 10 10 10 10 10 10 10 10 10 10 10 10
-9999 779.264938711146 768.036210238777 735.883014956883 655.802130086122 575.72124521536 532.698339914664 535.477161623977 538.255983333291 527.927589703262 508.512270580984 489.096951458706 362.17342315219 196.270056065729 30.3666889792677 10 10 10 10 10 10 10 10 10 10 10 10 10 10 10 10 10 10 10 10 10 10 10 10 10 10 10 10 10 10 10 10 10 10 10 10 10 10 10 10 10 10
-9999 790.879433377101 783.020744130705 760.782167141489 705.606320957586 650.430474773684 620.840943059471 622.874759518285 624.908575977098 615.515055749261 598.199230565104 580.883405380946 472.512493593436 331.127241572521 189.741989551606 173.110036212119 173.93630485782 174.609503768483 167.994717621532 161.379931474581 147.481075506804 96.4252981693251 45.3695208318465 10 10 10 10 10 10 10 10 10 10 10 10 10 10 10 10 10 10 10 10 10 10 10 10 10 10 10 10 10 10 10 10 10 10
-9999 794.95152371352 790.601530128292 778.291886087838 747.750587223075 717.209288358313 700.83069529895 701.956466820381 703.082238341812 695.048676966976 680.665164558891 666.281652150805 582.383879588023 473.281941926615 364.180004265206 352.307550848265 354.041582689721 355.454377853612 341.572391815652 327.690405777692 298.521855169712 191.374689348973 84.2275235282335 10 10 10 10 10 10 10 10 10 10 10 10 10 10 10 10 10 10 10 10 10 10 10 10 10 10 10 10 10 10 10 10 10 10
-9999 799.023614049938 798.182316125879 795.801605034187 789.894853488564 783.988101942941 780.820447538428 781.038174122477 781.255900706525 774.58229818469 763.131098552678 751.679898920665 692.25526558261 615.436642280709 538.618018978807 531.505065484411 534.146860521621 536.299251938741 515.150066009772 494.000880080803 449.562634832619 286.32408052862 123.08552622462 10 10 10 10 10 10 10 10 10 10 10 10 10 10 10 10 10 10 10 10 10 10 10 10 10 10 10 10 10 10 10 10 10 10
-9999 800 800 800 800 800 800 800 800 795.184399641968 787.030256311918 778.876112981869 738.244941354988 685.838396138795 633.431850922603 628.901335105137 631.070685005424 632.787110983195 612.938837847224 593.090564711253 552.122846585791 403.422284576462 254.721722567133 149.797264744825 143.579584312268 137.36190387971 114.396249712478 71.0080129209863 27.6197761294948 10 10 10 10 10 10 10 10 10 10 10 10 10 10 10 10 10 10 10 10 10 10 10 10 10 10 10 10
-9999 800 800 800 800 800 800 800 800 797.199484792548 792.457437965209 787.715391137869 764.086309491202 733.609252439915 703.132195388627 700.497471262642 701.759057967175 702.668746049051 686.823770623737 670.978795198423 639.392274901519 527.506229830853 415.620184760187 333.686622312074 319.290203458644 304.893784605214 251.719103110926 151.257968619135 50.7968341273445 10 10 10 10 10 10 10 10 10 10 10 10 10 10 10 10 10 10 10 10 10 10 10 10 10 10 10 10
-9999 800 800 800 800 800 800 800 800 799.214569943129 797.884619618499 796.554669293868 789.927677627417 781.380108741034 772.832539854652 772.093607420146 772.447430928925 772.550381114908 760.70870340025 748.867025685593 726.661703217248 651.590175085245 576.518646953242 517.575979879323 495.00082260502 472.425665330717 389.041956509374 231.507924317284 73.9738921251941 10 10 10 10 10 10 10 10 10 10 10 10 10 10 10 10 10 10 10 10 10 10 10 10 10 10 10 10
-9999 800 800 800 800 800 800 800 800 800 800 800 800 800 800 800 800 799.829475326427 791.539897773854 783.250320221282 768.294862523428 719.335943778305 670.377025033182 629.474658838148 606.738284200817 584.001909563486 498.666759437772 336.998275809029 175.329792180286 88.9539707016991 54.0612342502278 19.1684977987564 10 10 10 10 10 10 10 10 10 10 10 10 10 10 10 10 10 10 10 10 10 10 10 10 10
-9999 800 800 800 800 800 800 800 800 800 800 800 800 800 800 800 800 799.896616969092 794.870941596872 789.845266224653 780.778305338443 751.096258137917 721.414210937391 695.390002239829 677.613522698274 659.837043156719 590.599705952777 458.610681041719 326.62165613066 218.339011071359 126.266147081548 34.1932830917361 10 10 10 10 10 10 10 10 10 10 10 10 10 10 10 10 10 10 10 10 10 10 10 10 10
-9999 800 800 800 800 800 800 800 800 800 800 800 800 800 800 800 800 799.963758611757 798.20198541989 796.440212228023 793.261748153457 782.856572497528 772.4513968416 761.305345641509 748.48876119573 735.672176749951 682.532652467781 580.223086274408 477.913520081035 347.724051441019 198.471059912868 49.2180683847158 10 10 10 10 10 10 10 10 10 10 10 10 10 10 10 10 10 10 10 10 10 10 10 10 10
-9999 770.786463279226 770.627759066615 771.003573797664 772.603709236345 774.203844675027 778.988490653451 787.709025314797 796.429559976143 800 800 800 800 800 800 800 800 800 800 800 800 800 800 797.339947366294 788.681982674482 780.024017982671 741.38388826335 666.183321309718 590.982754356085 464.627951618341 303.295266638654 141.962581658967 96.1648770810576 91.5455423586645 86.9262076362715 62.8319848127219 36.0964451451572 10 10 10 10 10 10 10 10 10 10 10 10 10 10 10 10 10 10 10 10
-9999 707.309806527613 706.806261739032 707.998665810597 713.075656823737 718.152647836877 733.333615676407 761.002571088028 788.671526499649 800 800 800 800 800 800 800 800 800 800 800 800 800 800 798.328897191015 792.889775824301 787.450654457586 761.435213043711 710.328879864446 659.222546685181 566.893336486158 446.377038434696 325.860740383235 283.388299523772 268.731839635851 254.07537974793 177.628005490315 92.8001269605288 10 10 10 10 10 10 10 10 10 10 10 10 10 10 10 10 10 10 10 10
-9999 643.833149776 642.984764411448 644.99375782353 653.547604411129 662.101450998728 687.678740699363 734.296116861259 780.913493023154 800 800 800 800 800 800 800 800 800 800 800 800 800 800 799.317847015737 797.097568974119 794.877290932501 781.486537824072 754.474438419174 727.462339014275 669.158721353975 589.458810230739 509.758899107502 470.611721966487 445.918136913038 421.22455185959 292.424026167907 149.5038087759 10 10 10 10 10 10 10 10 10 10 10 10 10 10 10 10 10 10 10 10
-9999 590.195342797098 589.216073109005 591.713687790148 602.175139079507 612.636590368866 643.636254756828 700.020077712774 756.403900668721 779.425915879702 779.318970940372 779.212026001041 780.065748556671 781.267785574599 782.469822592527 787.955315835325 794.040244367032 800 800 800 800 800 800 800 800 800 795.778600166088 786.409599299126 777.040598432164 745.637544344344 699.1682008856 652.698857426857 618.746444369897 589.255249791947 559.764055213997 403.746527602757 230.568637738526 61.0992434503455 43.0605812030002 25.0219189556549 10 10 10 10 10 10 10 10 10 10.2595636701952 10.6941706893833 11.1287777085715 12.5708270904656 14.3657930756843 16.1607590609029 14.3984177033655 12.1688446989562
-9999 558.433904310615 557.799475198494 560.056484607928 568.936361361508 577.816238115088 603.178864377992 648.913308051318 694.647751724643 713.106012277733 712.654333739296 712.202655200859 715.808325170582 720.885090156417 725.961855142252 749.129660800243 774.829162271778 800 800 800 800 800 800 800 800 800 797.265126265925 791.19533060721 785.125534948495 764.780769900517 734.675167051889 704.56956420326 679.968689633824 657.329781355864 634.690873077904 507.345769848252 365.79969997057 225.816024034373 149.630309682184 73.4445953299943 10 10 10 10 10 10 10 10 10 11.096258877878 12.9318077542476 14.7673566306173 20.8578061763925 28.4387877340404 36.0197692916883 28.5765768079356 19.1600463739077
-9999 526.672465824133 526.382877287982 528.399281425709 535.697583643509 542.99588586131 562.721473999157 597.806538389861 632.891602780565 646.786108675764 645.989696538221 645.193284400677 651.550901784492 660.502394738234 669.453887691976 710.304005765161 755.618080176524 800 800 800 800 800 800 800 800 800 798.751652365762 795.981061915294 793.210471464826 783.923995456691 770.182133218177 756.440270979664 741.19093489775 725.404312919781 709.617690941811 610.945012093747 501.030762202613 390.5328046184 256.200038161367 121.867271704334 10 10 10 10 10 10 10 10 10 11.9329540855608 15.169444819112 18.4059355526631 29.1447852623195 42.5117823923966 55.8787795224737 42.7547359125056 26.1512480488591
-9999 500 500 501.72206283858 507.388526933896 513.054991029212 527.284179133435 552.096446835306 576.908714537176 586.458889876162 585.42821393844 584.397538000719 592.835852266967 604.707390045728 616.57892782449 670.511893799623 730.331018763957 788.933616415168 789.614686483175 790.295756551181 791.389315436824 794.587029683386 797.784743929948 800 800 800 800 800 800 800 800 800 792.980058583704 783.45810658153 773.936154579357 702.682863470471 623.05714809197 541.07803446955 363.001511115356 184.924987761162 35.0705892031181 25.7486889229091 16.4267886427 10 10 10 10 10 10 12.5269101632587 16.7579063307286 20.9889024981986 35.0026071155541 52.4432871761245 69.8839672366949 52.7530671543892 31.0813909263251
-9999 500 500 501.146078769772 504.917261826408 508.688444883045 518.158349251219 534.671575485436 551.184801719653 557.540698240035 556.854755901421 556.168813562806 563.169647654335 572.957518273195 582.745388892055 625.654360744513 673.198364646957 719.865793729089 724.797577350738 729.729360972387 737.648070154997 760.80344797695 783.958825798904 800 800 800 800 800 800 800 800 800 795.328041670713 788.990928534078 782.653815397442 732.252461338064 675.874815083144 617.346936331316 471.017609691117 324.688283050919 191.541851602693 124.039846619327 56.5378416359597 10 10 10 10 10 10 11.8486151250087 14.9438907793487 18.0391664336888 28.1286621527095 40.6682994177948 53.2079366828802 40.8439677191348 25.2090547996923
-9999 500 500 500.570094700964 502.44599671892 504.321898736877 509.032519369004 517.246704135567 525.46088890213 528.622506603909 528.281297864401 527.940089124892 533.503443041702 541.207646500661 548.91184995962 580.796827689403 616.065710529957 650.797971043009 659.980468218301 669.162965393592 683.90682487317 727.019866270515 770.13290766786 800 800 800 800 800 800 800 800 800 797.676024757723 794.523750486625 791.371476215527 761.822059205656 728.692482074318 693.615838193081 579.033708266878 464.451578340675 348.013114002269 222.331004315744 96.6488946292194 10 10 10 10 10 10 11.1703200867588 13.1298752279688 15.0894303691789 21.2547171898649 28.8933116594652 36.5319061290656 28.9348682838804 19.3367186730596
-9999 500 500 500 500 500 500 500 500 500 500 500 504.127131534563 509.750659698385 515.374187862206 536.279809979727 559.324038382309 582.169137430121 595.533252129729 608.897366829336 630.361166722583 693.142440673931 755.923714625278 799.479004548127 799.683362247948 799.887719947768 800 800 800 800 800 800 800 800 800 791.118235528275 781.031865721624 769.204398399511 686.281882987367 603.359367575224 503.709795443466 320.767590789473 137.825386135479 11.5149298466122 10.9199287041943 10.3249275617764 10.007407621675 10.0237274088558 10.0400471960365 10.6298271006841 11.6063343905619 12.5828416804396 15.1305340152398 18.2286273553729 21.3267206955061 18.4191548090163 14.7227804838291
-9999 500 500 500 500 500 500 500 500 500 500 500 502.812664295189 506.645131651005 510.477599006821 524.724902831823 540.429679356467 556.034736329619 566.891927233451 577.749118137282 595.748472183949 650.180864468268 704.613256752588 748.525304911027 768.715980759577 788.906656608127 800 800 800 800 800 800 800 800 800 793.947025531246 787.073105476686 778.935436577394 719.194520822626 659.453605067857 584.426528017572 433.281779053731 282.137030089889 159.676070405751 100.889564163764 42.1030579217757 10.7318779188646 12.3442836817703 13.956689444676 23.4286638697827 38.2009379063019 52.9732119428212 81.583787627746 115.042051472634 148.500315317523 142.784123504494 131.92259459552
-9999 500 500 500 500 500 500 500 500 500 500 500 501.498197055815 503.539603603626 505.581010151436 513.169995683919 521.535320330626 529.900335229117 538.250602337172 546.600869445228 561.135777645314 607.219288262606 653.302798879897 697.571605273926 737.748599271206 777.925593268485 800 800 800 800 800 800 800 800 800 796.775815534217 793.114345231747 788.666474755278 752.107158657884 715.54784256049 665.143260591679 545.795967317989 426.448674044299 307.83721096489 190.859199623333 73.8811882817751 11.4563482160542 14.6648399546849 17.8733316933155 36.2275006388813 64.795541422042 93.3635822052028 148.037041240252 211.855475589896 275.67390993954 267.149092199971 249.122408707212
-9999 500 500 500 500 500 500 500 500 500 500 500 500.183729816441 500.434075556246 500.684421296051 501.615088536016 502.640961304785 503.765934128614 509.609277440894 515.452620753174 526.52308310668 564.257712056944 601.992341007207 646.617905636825 706.781217782835 766.944529928844 800 800 800 800 800 800 800 800 800 799.604605537187 799.155584986808 798.397512933162 785.019796493143 771.642080053124 745.859993165785 658.310155582247 570.760317998709 455.998351524029 280.828835082902 105.659318641774 12.1808185132438 16.9853962275994 21.7899739419551 49.0263374079798 91.3901449377821 133.753952467584 214.490294852758 308.668899707158 402.847504561557 391.514060895449 366.322222818903
