NetLogoInput/pp1_flow.asc
NCOLS 144 
NROWS 154 
XLLCORNER -888485.5599279 
YLLCORNER -125866.530794814 
CELLSIZE 30 
NODATA_value -9999 
[rows 53 to 105 of 154, columns 0 to 95 of 144]
0 0 0 0 0 0 0 0 0 0 0 0 0 0 0 0 0 0 0 0 0 0 0 0 0 0 0 0 0 0 0 0 0 0 0 0 0 0 0 0 0 0 0 0.94 1.99 3.13 7.06 11 14.55 16.17 17.79 17.99 15.04 12.09 12.02 15.47 18.92 26.4 36.67 46.95 53.4 58.44 63.47 66.44 69.09 71.73 72.74 73.74 74.57 74.38 74.19 74.16 74.48 74.81 75.56 76.88 78.21 79.24 80.04 80.85 80.62 79.98 79.34 77.59 75.65 73.71 71.41 69.11 66.79 64.4 62.01 59.65 57.39 55.13 52.94 50.86
0 0 0 0 0 0 0 0 0 0 0 0 0 0 0 0 0 0 0 0 0 0 0 0 0 0 0 0 0 0 0 0 0 0 0 0 0 0 0 0 0 0 0 0.13 0.27 0.51 3.86 7.22 10.63 14.28 17.93 19.93 18.23 16.54 17.14 20.53 23.93 29.59 36.83 44.07 50.58 56.81 63.05 66.87 70.34 73.77 74.99 76.21 77.2 76.92 76.63 76.51 76.77 77.03 77.85 79.4 80.94 82.27 83.43 84.58 84.52 83.97 83.41 81.49 79.32 77.15 74.49 71.82 69.14 66.41 63.67 61 58.52 56.04 53.64 51.38
0 0 0 0 0 0 0 0 0 0 0 0 0 0 0 0 0 0 0 0 0 0 0 0 0 0 0 0 0 0 0 0 0 0 0 0 0 0 0 0 0 0 0 0.02 0.04 0.13 2.5 4.87 7.33 10.19 13.05 15.29 16.12 16.95 18.73 21.69 24.64 30.08 37.24 44.4 51.3 58.09 64.88 69.42 73.62 77.8 79.15 80.49 81.5 80.55 79.6 78.9 78.79 78.69 79.51 81.57 83.62 85.76 87.95 90.15 90.51 90.13 89.74 87.52 84.97 82.42 78.96 75.48 72.04 68.88 65.71 62.64 59.85 57.05 54.37 51.85
0 0 0 0 0 0 0 0 0 0 0 0 0 0 0 0 0 0 0 0 0 0 0 0 0 0 0 0 0 0 0 0 0 0 0 0 0 0 0 0 0 0 0 0.01 0.02 0.07 1.4 2.73 4.12 5.79 7.46 9.7 13.24 16.77 19.82 22.28 24.74 30.18 37.69 45.2 52.52 59.78 67.03 72.27 77.21 82.11 83.57 85.04 86.03 84.34 82.65 81.3 80.78 80.26 81.08 83.69 86.3 89.31 92.64 95.97 96.8 96.59 96.39 93.86 90.91 87.95 83.62 79.27 75.02 71.41 67.8 64.32 61.2 58.08 55.1 52.32
0 0 0 0 0 0 0 0 0 0 0 0 0 0 0 0 0 0 0 0 0 0 0 0 0 0 0 0 0 0 0 0 0 0 0 0 0 0 0 0 0 0 0 0 0 0.01 0.3 0.59 0.91 1.39 1.86 4.12 10.36 16.59 20.9 22.87 24.83 30.28 38.13 45.99 53.75 61.46 69.18 75.12 80.79 86.41 88 89.58 90.56 88.13 85.7 83.7 82.76 81.83 82.65 85.81 88.97 92.87 97.33 101.8 103.08 103.06 103.05 100.19 96.84 93.49 88.29 83.07 78 73.95 69.89 66 62.56 59.11 55.83 52.78
0 0 0 0 0 0 0 0 0 0 0 0 0 0 0 0 0 0 0 0 0 0 0 0 0 0 0 0 0 0 0 0 0 0 0 0 0 0 0 0 0 0 0 0 0 0 0 0 0.02 0.13 0.25 2 7.4 12.8 16.8 19.09 21.38 26.66 34 41.34 49.85 58.78 67.72 76.74 85.77 94.73 97.02 99.3 100.61 96.42 92.23 88.11 84.16 80.21 80.84 87.52 94.21 100.67 106.97 113.26 115.71 116.6 117.48 112.25 105.93 99.61 93.31 87.02 80.95 76.37 71.79 67.43 63.68 59.93 56.33 52.96
0 0 0 0 0 0 0 0 0 0 0 0 0 0 0 0 0 0 0 0 0 0 0 0 0 0 0 0 0 0 0 0 0 0 0 0 0 0 0 0 0 0 0 0 0 0 0 0 0.01 0.08 0.15 1.19 4.42 7.64 10.74 13.66 16.59 21.63 28.13 34.63 44 54.44 64.88 77.89 91.28 104.58 107.78 110.98 112.75 106.42 100.08 93.29 85.34 77.4 77.75 89.09 100.42 110.08 118.47 126.86 130.76 132.82 134.88 126.47 116.21 105.95 98.48 91.03 83.89 78.75 73.62 68.77 64.71 60.66 56.74 53.02
0 0 0 0 0 0 0 0 0 0 0 0 0 0 0 0 0 0 0 0 0 0 0 0 0 0 0 0 0 0 0 0 0 0 0 0 0 0 0 0 0 0 0 0 0 0 0 0 0 0.02 0.04 0.38 1.43 2.49 4.67 8.23 11.8 16.6 22.26 27.92 38.16 50.1 62.04 79.04 96.8 114.42 118.54 122.66 124.89 116.41 107.94 98.46 86.52 74.58 74.65 90.65 106.64 119.5 129.98 140.47 145.8 149.04 152.27 140.69 126.5 112.3 103.64 95.04 86.82 81.13 75.44 70.11 65.75 61.39 57.15 53.09
0 0 0 0 0 0 0 0 0 0 0 0 0 0 0 0 0 0 0 0 0 0 0 0 0 0 0 0 0 0 0 0 0 0 0 0 0 0 0 0 0 0 0 0 0 0 0 0 0 0 0 0.03 0.14 0.24 1.71 4.84 7.98 11.86 16.26 20.66 30.46 42.27 54.07 72.68 92.3 111.89 127.49 143.08 153.19 132.18 111.17 92.39 79.05 65.72 65.94 84.14 102.34 127.05 156.68 186.3 187.06 176.02 164.99 148.49 131.03 113.57 104.21 94.94 86.09 80.15 74.21 68.69 64.29 59.88 55.64 51.64
0 0 0 0 0 0 0 0 0 0 0 0 0 0 0 0 0 0 0 0 0 0 0 0 0 0 0 0 0 0 0 0 0 0 0 0 0 0 0 0 0 0 0 0 0 0 0 0 0 0 0 0.02 0.08 0.15 1.05 2.96 4.88 7.34 10.17 13 21.4 31.84 42.3 60.76 80.42 100.23 135.1 169.97 193.43 152.21 110.98 78 65.19 52.38 53.07 71.66 90.25 133.23 194.6 255.97 247.69 210.96 174.24 151.54 131.32 111.09 101.38 91.78 82.66 76.69 70.73 65.23 60.98 56.72 52.72 49.07
0 0 0 0 0 0 0 0 0 0 0 0 0 0 0 0 0 0 0 0 0 0 0 0 0 0 0 0 0 0 0 0 0 0 0 0 0 0 0 0 0 0 0 0 0 0 0 0 0 0 0 0.01 0.03 0.05 0.38 1.08 1.78 2.82 4.08 5.35 12.33 21.42 30.52 48.84 68.53 88.56 142.71 196.86 233.68 172.23 110.79 63.61 51.32 39.04 40.2 59.19 78.17 139.41 232.52 325.63 308.32 245.91 183.49 154.59 131.6 108.61 98.56 88.63 79.22 73.23 67.24 61.77 57.67 53.57 49.8 46.51
0 0 0 0 0 0 0 0 0 0 0 0 0 0 0 0 0 0 0 0 0 0 0 0 0 0 0 0 0 0 0 0 0 0 0 0 0 0 0 0 0 0 0 0 0 0 0 0 0 0 0 0 0 0 0 0 0 0.19 0.5 0.81 6.15 13.35 20.55 37.25 55.37 74.04 146.9 219.75 269.58 188.88 108.17 48.12 38.62 29.12 36.95 67.75 98.55 165.31 259.2 353.09 326.4 250.46 174.52 143.8 121.06 98.32 88.84 79.5 70.65 65.13 59.61 54.58 50.9 47.22 43.91 41.14
0 0 0 0 0 0 0 0 0 0 0 0 0 0 0 0 0 0 0 0 0 0 0 0 0 0 0 0 0 0 0 0 0 0 0 0 0 0 0 0 0 0 0 0 0 0 0 0 0 0 0 0 0 0 0 0 0 0.12 0.32 0.52 3.9 8.45 13.01 26.12 40.51 55.66 146.45 237.24 299.61 200.93 102.26 31.15 27.5 23.84 46.73 104.79 162.85 217.9 270.68 323.45 286.92 213.92 140.91 114.3 95.88 77.45 69.81 62.27 55.14 50.75 46.35 42.36 39.47 36.57 34.03 31.98
0 0 0 0 0 0 0 0 0 0 0 0 0 0 0 0 0 0 0 0 0 0 0 0 0 0 0 0 0 0 0 0 0 0 0 0 0 0 0 0 0 0 0 0 0 0 0 0 0 0 0 0 0 0 0 0 0 0.05 0.13 0.22 1.64 3.55 5.47 14.99 25.64 37.28 146 254.72 329.63 212.99 96.35 14.17 16.37 18.56 56.5 141.83 227.15 270.49 282.15 293.81 247.44 177.37 107.29 84.79 70.69 56.59 50.77 45.04 39.63 36.36 33.1 30.14 28.03 25.92 24.14 22.83
0 0 0 0 0 0 0 0 0 0 0 0 0 0 0 0 0 0 0 0 0 0 0 0 0 0 0 0 0 0 0 0 0 0 0 0 0 0 0 0 0 0 0 0 0 0 0 0 0 0 0 0 0 0 0 0 0 0 0 0 0 0 0 7.04 15.14 24.37 145.8 267.22 351.06 221.85 92.63 4.02 14.81 25.6 76.45 180.4 284.36 312.05 282.22 252.4 199.71 137.7 75.68 57.87 47.86 37.84 33.75 29.71 25.91 23.67 21.44 19.42 18.02 16.61 15.49 14.79
0 0 0 0 0 0 0 0 0 0 0 0 0 0 0 0 0 0 0 0 0 0 0 0 0 0 0 0 0 0 0 0 0 0 0 0 0 0 0 0 0 0 0 0 0 0 0 0 0 0 0 0 0 0 0 0 0 0 0 0 0 0 0 7.5 16.12 25.85 146.24 266.62 349.81 222.26 94.7 11.86 38.49 65.11 123.22 223.04 322.87 324.57 252.25 179.94 130.25 89.8 49.36 37.74 31.21 24.68 22.01 19.38 16.9 15.44 13.98 12.67 11.75 10.83 10.12 9.7
0 0 0 0 0 0 0 0 0 0 0 0 0 0 0 0 0 0 0 0 0 0 0 0 0 0 0 0 0 0 0 0 0 0 0 0 0 0 0 0 0 0 0 0 0 0 0 0 0 0 0 0 0 0 0 0 0 0 0 0 0 0 0 7.95 17.09 27.34 146.67 266.01 348.57 222.67 96.77 19.7 62.16 104.63 169.98 265.68 361.38 337.09 222.28 107.48 60.78 41.91 23.03 17.61 14.56 11.52 10.27 9.04 7.88 7.21 6.52 5.91 5.48 5.06 4.75 4.62
0 0 0 0 0 0 0 0 0 0 0 0 0 0 0 0 0 0 0 0 0 0 0 0 0 0 0 0 0 0 0 0 0 0 0 0 0 0 0 0 0 0 0 0 0 0 0 0 0 0 0 0 0 0 0 0 0 0 0 0 0 0 0 8.41 18.07 28.82 147.11 265.4 347.33 223.17 99.01 27.71 85.82 143.94 214.92 302.96 390.99 343.37 193.43 43.48 0 0 0 0 0 0 0 0 0 0 0 0 0 0 0.05 0.16
0 0 0 0 0 0 0 0 0 0 0 0 0 0 0 0 0 0 0 0 0 0 0 0 0 0 0 0 0 0 0 0 0 0 0 0 0 0 0 0 0 0 0 0 0 0 0 0 0 0 0 0 0 0 0 0 0 0 0 0 0 0 0 8.86 19.05 30.31 147.55 264.8 346.17 224.28 102.39 36.87 109.35 181.83 247.06 302.66 358.26 306 172.38 38.75 0 0 0 0 0 0 0 0 0 0 0 0 0 0 0.03 0.11
0 0 0 0 0 0 0 0 0 0 0 0 0 0 0 0 0 0 0 0 0 0 0 0 0 0 0 0 0 0 0 0 0 0 0 0 0 0 0 0 0 0 0 0 0 0 0 0 0 0 0 0 0 0 0 0 0 0 0 0 0 0 0 9.32 20.03 31.79 147.99 264.19 345.02 225.4 105.78 46.03 132.88 219.72 279.19 302.36 325.53 268.63 151.33 34.02 0 0 0 0 0 0 0 0 0 0 0 0 0 0 0.02 0.06
0 0 0 0 0 0 0 0 0 0 0 0 0 0 0 0 0 0 0 0 0 0 0 0 0 0 0 0 0 0 0 0 0 0 0 0 0 0 0 0 0 0 0 0 0 0 0 0 0 0 0 0 0 0 0 0 0 0 0 0 0 0 0 9.77 21.01 33.28 148.43 263.59 343.86 226.51 109.16 55.19 156.4 257.61 311.32 302.07 292.81 231.26 130.27 29.29 0 0 0 0 0 0 0 0 0 0 0 0 0 0 0 0
0 0 0 0 0 0 0 0 0 0 0 0 0 0 0 0 0 0 0 0 0 0 0 0 0 0 0 0 0 0 0 0 0 0 0 0 0 0 0 0 0 0 0 0 0 0 0 0 0 0 0 0 0 0 0 0 0 0 0 0 0 0 0 10.23 21.98 34.76 148.87 262.98 342.76 228.04 113.32 64.89 178.72 292.55 339.19 296.76 254.34 189.04 106.49 23.94 0 0 0 0 0 0 0 0 0 0 0 0 0 0 0 0
0 0 0 0 0 0 0 0 0 0 0 0 0 0 0 0 0 0 0 0 0 0 0 0 0 0 0 0 0 0 0 0 0 0 0 0 0 0 0 0 0 0 0 0 0 0 0 0 0 0 0 0 0 0 0 0 0 0 0 0 0 0 0 10.68 22.96 36.25 149.31 262.37 341.66 229.59 117.51 74.59 201 327.41 366.95 291.34 215.72 146.69 82.64 18.58 0 0 0 0 0 0 0 0 0 0 0 0 0 0 0 0
0 0 0 0 0 0 0 0 0 0 0 0 0 0 0 0 0 0 0 0 0 0 0 0 0 0 0 0 0 0 0 0 0 0 0 0 0 0 0 0 0 0 0 0 0 0 0 0 0 0 0 0 0 0 0 0 0 0 0 0 0 0 0 11.14 23.94 37.73 149.75 261.77 340.56 231.13 121.69 84.3 223.29 362.28 394.71 285.91 177.1 104.35 58.78 13.21 0 0 0 0 0 0 0 0 0 0 0 0 0 0 0 0
0 0 0 0 0 0 0 0 0 0 0 0 0 0 0 0 0 0 0 0 0 0 0 0 0 0 0 0 0 0 0 0 0 0 0 0 0 0 0 0 0 0 0 0 0 0 0 0 0 0 0 0 0 0 0 0 0 0 0 0 0 0 0 9.96 21.42 33.77 135.29 236.82 314.64 258.11 201.58 185.53 268.6 351.67 352.47 244.19 135.91 71.55 40.3 9.06 0 0 0 0 0 0 0 0 0 0 0 0 0 0 0 0
0 0 0 0 0 0 0 0 0 0 0 0 0 0 0 0 0 0 0 0 0 0 0 0 0 0 0 0 0 0 0 0 0 0 0 0 0 0 0 0 0 0 0 0 0 0 0 0 0 0 0 0 0 0 0 0 0 0 0 0 0 0 0 8.44 18.15 28.65 117.68 206.71 283.44 290.48 297.52 306.17 318.8 331.43 295.37 194.77 94.18 40.77 22.97 5.16 0 0 0 0 0 0 0 0 0 0 0 0 0 0 0 0
0 0 0 0 0 0 0 0 0 0 0 0 0 0 0 0 0 0 0 0 0 0 0 0 0 0 0 0 0 0 0 0 0 0 0 0 0 0 0 0 0 0 0 0 0 0 0 0 0 0 0 0 0 0 0 0 0 0 0 0 0 0 0 6.92 14.88 23.52 100.06 176.6 252.25 322.85 393.45 426.82 369 311.18 238.27 145.36 52.44 10 5.63 1.27 0 0 0 0 0 0 0 0 0 0 0 0 0 0 0 0
0 0 0 0 0 0 0 0 0 0 0 0 0 0 0 0 0 0 0 0 0 0 0 0 0 0 0 0 0 0 0 0 0 0 0 0 0 0 0 0 0 0 0 0 0 0 0 0 0 0 0 0 0 0 0 0 0 0 0 0 0 0 0 6.31 13.56 21.47 94.15 166.84 243.85 345.37 446.9 490.63 392.85 295.07 203.35 119.67 35.99 0 0 0 0 0 0 0 0 0 0 0 0 0 0 0 0 0 0 0
0 0 0 0 0 0 0 0 0 0 0 0 0 0 0 0 0 0 0 0 0 0 0 0 0 0 0 0 0 0 0 0 0 0 0 0 0 0 0 0 0 0 0 0 0 0 0 0 0 0 0 0 0 0 0 0 0 0 0 0 0 0 0 6.13 13.18 20.89 93.88 166.87 246.43 363.16 479.88 527.07 404.02 280.96 179.12 105.41 31.7 0 0 0 0 0 0 0 0 0 0 0 0 0 0 0 0 0 0 0
0 0 0 0 0 0 0 0 0 0 0 0 0 0 0 0 0 0 0 0 0 0 0 0 0 0 0 0 0 0 0 0 0 0 0 0 0 0 0 0 0 0 0 0 0 0 0 0 0 0 0 0 0 0 0 0 0 0 0 0 0 0 0 5.95 12.8 20.31 93.61 166.91 249.01 380.94 512.87 563.52 415.18 266.84 154.88 91.14 27.41 0 0 0 0 0 0 0 0 0 0 0 0 0 0 0 0 0 0 0
0 0 0 0 0 0 0 0 0 0 0 0 0 0 0 0 0 0 0 0 0 0 0 0 0 0 0 0 0 0 0 0 0 0 0 0 0 0 0 0 0 0 0 0.04 0.08 0.13 0.43 0.74 0.99 0.99 0.99 0.88 0.53 0.19 0.06 0.18 0.3 0.93 1.92 2.91 4.18 5.56 6.94 15.66 25.48 35.91 106.97 178.04 256.1 373.81 491.53 535.91 400.76 265.62 162.7 102.5 42.31 13.93 9.54 5.15 3.47 2.91 2.34 2.08 1.87 1.66 1.39 1.12 0.88 0.73 0.59 0.44 0.27 0.1 0 0
0 0 0 0 0 0 0 0 0 0 0 0 0 0 0 0 0 0 0 0 0 0 0 0 0 0 0 0 0 0 0 0 0 0 0 0 0 0 0 0 0 0 0 0.11 0.23 0.38 1.26 2.15 2.88 2.88 2.87 2.55 1.55 0.55 0.16 0.52 0.87 2.71 5.57 8.44 12.14 16.15 20.16 34.31 49.98 66.16 132.69 199.21 267.28 344.16 421.03 450.34 363.2 276.06 199.52 137.05 74.58 40.45 27.7 14.96 10.09 8.45 6.8 6.04 5.42 4.81 4.04 3.27 2.54 2.13 1.71 1.27 0.78 0.29 0 0
0 0 0 0 0 0 0 0 0 0 0 0 0 0 0 0 0 0 0 0 0 0 0 0 0 0 0 0 0 0 0 0 0 0 0 0 0 0 0 0 0 0 0 0.18 0.39 0.63 2.09 3.56 4.77 4.76 4.75 4.23 2.57 0.91 0.27 0.85 1.44 4.48 9.23 13.98 20.1 26.74 33.38 52.97 74.49 96.42 158.4 220.38 278.47 314.5 350.54 364.78 325.64 286.49 236.34 171.59 106.85 66.97 45.87 24.76 16.71 13.99 11.27 9.99 8.98 7.96 6.69 5.41 4.21 3.52 2.83 2.11 1.29 0.48 0 0
0 0 0 0 0 0 0 0 0 0 0 0 0 0 0 0 0 0 0 0 0 0 0 0 0 0 0 0 0 0 0 0 0 0 0 0 0 0 0 0 0.05 0.1 0.17 0.76 1.43 2.13 4.11 6.1 7.75 7.83 7.9 7.4 5.64 3.88 3.46 4.67 5.87 10.27 16.87 23.47 31.22 39.4 47.58 70.37 95.35 120.61 174.18 227.75 274.75 284.47 294.19 298.8 290.89 282.98 253.39 195.05 136.72 96 68.59 41.17 28.92 22.86 16.81 14.72 13.33 11.94 10.6 9.27 7.92 6.36 4.8 3.43 2.56 1.69 1.01 0.6
0 0 0 0 0 0 0 0 0 0 0 0 0 0 0 0 0 0 0 0 0 0 0 0 0 0 0 0 0 0 0 0 0 0 0 0 0 0 0 0 0.17 0.39 0.61 2.19 3.95 5.72 8.12 10.52 12.56 12.85 13.15 13.06 12.13 11.19 11.8 14.27 16.75 22.73 31.15 39.57 47.61 55.52 63.42 85.7 110.14 134.71 173.43 212.15 246.2 253.81 261.41 265.46 260.85 256.23 237.49 200.04 162.59 129.2 98.89 68.58 50.45 37.3 24.14 20.71 19 17.28 16.64 16.01 15.02 11.6 8.18 5.56 5.08 4.6 3.7 2.19
0 0 0 0 0 0 0 0 0 0 0 0 0 0 0 0 0 0 0 0 0 0 0 0 0 0 0 0 0 0 0 0 0 0 0 0 0 0 0 0 0.29 0.67 1.05 3.62 6.47 9.31 12.13 14.94 17.37 17.88 18.4 18.72 18.61 18.51 20.13 23.88 27.63 35.2 45.43 55.66 64 71.63 79.26 101.04 124.92 148.81 172.68 196.55 217.66 223.14 228.62 232.13 230.8 229.47 221.59 205.02 188.45 162.4 129.2 95.99 71.98 51.73 31.48 26.71 24.66 22.62 22.68 22.75 22.13 16.84 11.56 7.68 7.6 7.52 6.4 3.78
0 0 0 0 0 0 0 0 0 0 0 0 0 0 0 0 0 0 0 0 0.01 0.02 0.03 0.08 0.14 0.2 0.24 0.27 0.31 0.34 0.38 0.41 0.44 0.48 0.52 0.56 0.6 0.66 0.73 0.8 1.3 1.95 2.59 6.01 9.77 13.51 16.49 19.48 22.09 22.87 23.66 24.49 25.43 26.37 29.08 33.95 38.83 47.38 58.48 69.58 77.61 84.51 91.42 112.17 134.98 157.7 169.76 181.83 192.61 196.09 199.56 202.28 203.17 204.06 204.42 204.09 203.75 185.23 152.98 120.73 93.74 68.9 44.05 37.58 34.35 31.12 31.05 31.01 30.08 23.22 16.36 11.34 11.3 11.26 9.78 6.23
0 0 0 0 0 0 0 0 0 0 0 0 0 0 0 0 0 0 0 0 0.04 0.09 0.14 0.45 0.77 1.09 1.3 1.5 1.7 1.87 2.05 2.23 2.42 2.61 2.82 3.05 3.29 3.61 3.98 4.36 5.4 6.65 7.91 11.68 15.75 19.77 22.09 24.4 26.52 27.75 28.98 30.67 33.39 36.11 40.11 45.64 51.18 58.59 67.29 75.99 81.69 86.29 90.88 108.83 128.77 148.62 159.4 170.18 179.62 181.46 183.31 184.45 183.85 183.26 182.87 182.76 182.64 172.32 154.3 136.29 116.29 95.47 74.66 65.25 57.86 50.46 47.47 44.51 40.97 33.5 26.03 20.26 19.06 17.87 15.55 11.63
0 0 0 0 0 0 0 0 0 0 0 0 0 0 0 0 0 0 0 0 0.07 0.16 0.26 0.81 1.4 1.99 2.36 2.72 3.08 3.4 3.72 4.05 4.39 4.74 5.12 5.54 5.97 6.55 7.23 7.92 9.49 11.36 13.24 17.35 21.74 26.04 27.68 29.32 30.96 32.62 34.29 36.84 41.35 45.86 51.13 57.33 63.53 69.79 76.1 82.4 85.78 88.06 90.35 105.49 122.55 139.54 149.03 158.52 166.62 166.84 167.06 166.61 164.54 162.47 161.33 161.43 161.53 159.41 155.63 151.85 138.83 122.05 105.26 92.92 81.37 69.81 63.89 58.02 51.86 43.78 35.71 29.18 26.83 24.48 21.32 17.02
0 0 0 0 0 0 0 0 0 0 0 0 0 0 0 0 0 0 0.01 0.01 0.14 0.3 0.46 1.27 2.15 3 3.54 4.08 4.61 5.08 5.55 6.03 6.54 7.04 7.6 8.23 8.85 9.7 10.7 11.69 13.78 16.23 18.68 23.02 27.6 32.06 33.06 34.05 35.23 37.31 39.38 42.71 48.83 54.95 61.35 68.09 74.83 79.94 83.92 87.89 89.15 89.39 89.64 102.12 116.43 130.68 139.02 147.37 154.21 152.54 150.88 148.71 145.3 141.89 140.09 140.43 140.77 146.34 155.84 165.34 158.98 146.15 133.31 118.64 103.64 88.64 79.93 71.29 62.64 53.95 45.25 37.94 34.35 30.76 26.77 22.2
0 0 0 0 0 0 0 0 0 0 0 0 0 0 0 0 0 0.04 0.11 0.18 0.64 1.22 1.8 3 4.27 5.51 6.29 7.07 7.84 8.55 9.27 10 10.76 11.52 12.36 13.29 14.21 15.42 16.81 18.2 20.48 23.07 25.65 28.74 31.9 34.98 35.75 36.52 37.52 39.63 41.74 44.91 50.43 55.95 61.6 67.39 73.19 77.03 79.52 82.01 83.75 85.2 86.66 98.28 111.41 124.5 133.47 142.44 149.05 142.31 135.57 129.93 126.95 123.98 122.67 123.56 124.44 131.16 142.26 153.36 149.59 139.74 129.89 120.24 110.62 101 91.37 81.73 72.11 62.67 53.22 44.75 38.92 33.08 28.22 24.76
0 0 0 0 0 0 0 0 0 0 0 0 0 0 0 0 0 0.08 0.22 0.35 1.14 2.14 3.13 4.73 6.39 8.01 9.03 10.06 11.07 12.03 12.99 13.97 14.98 16.01 17.12 18.35 19.58 21.14 22.92 24.7 27.19 29.9 32.62 34.47 36.2 37.9 38.45 39 39.82 41.96 44.11 47.11 52.03 56.95 61.84 66.69 71.54 74.12 75.12 76.12 78.34 81.01 83.69 94.44 106.4 118.33 127.92 137.51 143.89 132.08 120.27 111.15 108.61 106.07 105.24 106.68 108.12 115.97 128.68 141.38 140.19 133.33 126.46 121.84 117.6 113.37 102.8 92.16 81.58 71.39 61.19 51.57 43.48 35.39 29.66 27.32
0 0 0 0 0 0 0 0 0 0 0 0 0 0 0 0 0 0.12 0.32 0.52 1.65 3.06 4.46 6.46 8.51 10.52 11.78 13.05 14.3 15.5 16.71 17.93 19.21 20.49 21.88 23.41 24.94 26.86 29.03 31.21 33.89 36.74 39.59 40.19 40.51 40.82 41.15 41.47 42.11 44.29 46.47 49.31 53.63 57.96 62.09 65.99 69.9 71.21 70.72 70.24 72.94 76.83 80.71 90.6 101.38 112.16 122.37 132.58 138.72 121.84 104.96 92.37 90.27 88.17 87.82 89.8 91.79 100.79 115.1 129.41 130.8 126.92 123.04 123.43 124.59 125.74 114.23 102.6 91.05 80.11 69.16 58.38 48.05 37.71 31.1 29.87
0 0 0 0 0 0 0 0 0 0 0 0 0 0 0.03 0.1 0.16 0.58 1.2 1.83 3.4 5.25 7.09 8.89 10.69 12.45 13.65 14.84 16.05 17.27 18.5 19.77 21.1 22.43 23.87 25.44 27.01 28.89 30.98 33.06 35.4 37.82 40.24 40.76 41.04 41.32 41.72 42.13 42.8 44.8 46.8 49.32 52.96 56.61 60.07 63.3 66.54 67.93 68.03 68.13 70.89 74.64 78.4 86.55 95.37 104.18 113.16 122.15 127.23 110.22 93.21 80.7 79.19 77.68 78.58 82.67 86.76 93.71 102.82 111.93 111.11 106.22 101.33 104.21 108.46 112.71 107.23 101.65 95.44 84.95 74.46 63.49 51.19 38.9 31.24 30.26
0 0 0 0 0 0 0 0 0 0 0 0 0 0 0.07 0.2 0.34 1.07 2.15 3.24 5.25 7.54 9.83 11.39 12.88 14.34 15.44 16.54 17.67 18.91 20.15 21.43 22.79 24.16 25.63 27.23 28.82 30.63 32.58 34.54 36.49 38.44 40.38 40.91 41.26 41.62 42.12 42.63 43.36 45.17 46.98 49.14 52.1 55.06 57.86 60.45 63.05 64.61 65.47 66.32 69.11 72.63 76.14 82.49 89.26 96.05 103.66 111.27 115.23 98.49 81.75 69.6 68.7 67.8 70 76.33 82.65 87.29 90.65 94.02 90.58 84.36 78.15 83.31 90.47 97.63 98.74 99.79 99.41 89.48 79.54 68.45 54.23 40 31.27 30.47
0 0 0 0 0 0 0 0 0 0 0 0 0 0 0.1 0.31 0.51 1.56 3.1 4.64 7.1 9.83 12.56 13.88 15.06 16.23 17.24 18.24 19.29 20.54 21.79 23.09 24.49 25.89 27.4 29.01 30.62 32.37 34.19 36.02 37.58 39.05 40.52 41.06 41.48 41.91 42.53 43.14 43.92 45.53 47.15 48.97 51.25 53.53 55.65 57.6 59.55 61.3 62.9 64.51 67.33 70.61 73.89 78.43 83.16 87.92 94.15 100.39 103.23 86.76 70.29 58.51 58.21 57.91 61.42 69.98 78.54 80.87 78.48 76.1 70.05 62.51 54.96 62.4 72.47 82.55 90.25 97.92 103.38 94 84.62 73.42 57.26 41.1 31.31 30.67
0 0 0 0 0 0 0 0 0 0 0 0.02 0.06 0.11 0.4 0.95 1.49 2.98 5.01 7.03 9.38 11.83 14.27 15.37 16.33 17.29 18.21 19.14 20.11 21.31 22.5 23.75 25.1 26.46 27.9 29.44 30.98 32.6 34.26 35.93 37.31 38.6 39.89 40.51 41.04 41.58 42.27 42.96 43.77 45.21 46.65 48.24 50.14 52.05 53.88 55.62 57.36 59.15 60.97 62.8 65.5 68.53 71.55 75.25 79.04 82.84 86.92 91 92.51 79.39 66.27 56.78 56.15 55.52 58.03 64.7 71.38 72.46 69.33 66.19 60.61 54.03 47.44 53.42 61.62 69.81 79.66 89.53 97.42 92.05 86.69 78.14 60.99 43.84 33.25 32.08
0 0 0 0 0 0 0 0 0 0 0 0.04 0.15 0.25 0.78 1.75 2.71 4.66 7.19 9.72 11.8 13.74 15.68 16.56 17.33 18.1 18.95 19.8 20.7 21.82 22.94 24.11 25.39 26.68 28.03 29.47 30.91 32.38 33.88 35.38 36.65 37.84 39.03 39.75 40.41 41.07 41.83 42.58 43.42 44.69 45.97 47.35 48.97 50.59 52.22 53.89 55.54 57.34 59.23 61.11 63.65 66.42 69.19 72.31 75.49 78.65 80.35 82.04 82.16 73.29 64.42 57.77 56.54 55.31 56.15 59.74 63.32 63.48 61.04 58.61 54.38 49.43 44.47 47.91 52.83 57.76 68.48 79.25 88.58 88.22 87.87 82.79 64.92 47.06 35.74 33.84
0 0 0 0 0 0 0 0 0 0 0 0.06 0.23 0.4 1.16 2.55 3.93 6.35 9.37 12.4 14.21 15.65 17.09 17.75 18.33 18.92 19.69 20.47 21.3 22.34 23.38 24.47 25.69 26.9 28.17 29.51 30.84 32.17 33.51 34.84 35.99 37.08 38.17 38.99 39.78 40.56 41.38 42.2 43.06 44.17 45.28 46.46 47.79 49.13 50.57 52.15 53.73 55.53 57.48 59.43 61.79 64.31 66.83 69.38 71.94 74.46 73.77 73.09 71.81 67.19 62.58 58.77 56.93 55.09 54.26 54.77 55.27 54.49 52.76 51.02 48.16 44.83 41.5 42.4 44.05 45.7 57.28 68.97 79.74 84.4 89.05 87.43 68.85 50.27 38.23 35.6
0 0 0 0 0 0 0 0 0 0 0 0.12 0.45 0.78 1.94 3.98 6.02 8.61 11.51 14.41 15.88 16.93 17.98 18.52 19.01 19.52 20.24 20.97 21.75 22.72 23.7 24.74 25.89 27.04 28.24 29.49 30.74 31.97 33.19 34.41 35.48 36.51 37.53 38.38 39.2 40.03 40.85 41.67 42.51 43.49 44.47 45.5 46.64 47.79 49.1 50.61 52.12 53.9 55.85 57.81 60.05 62.38 64.71 66.77 68.78 70.77 69.36 67.95 66.35 63.62 60.89 58.38 56.43 54.47 53.02 52.22 51.43 50.27 48.84 47.41 45.28 42.87 40.46 40.39 40.73 41.07 51.33 61.69 71.56 78.17 84.79 85.1 68.36 51.62 40.47 37.39
0 0 0 0 0 0 0 0 0 0 0 0.19 0.75 1.3 2.97 5.81 8.64 11.2 13.61 16.02 17.12 17.83 18.54 19.03 19.5 19.98 20.68 21.37 22.11 23.04 23.96 24.95 26.04 27.13 28.27 29.44 30.62 31.78 32.92 34.06 35.08 36.05 37.03 37.86 38.67 39.48 40.26 41.04 41.84 42.71 43.58 44.5 45.51 46.52 47.73 49.18 50.63 52.37 54.3 56.24 58.36 60.54 62.73 64.34 65.87 67.37 66.24 65.12 63.82 61.56 59.29 57.17 55.39 53.6 52.15 51.14 50.13 48.91 47.54 46.16 44.41 42.5 40.6 40.49 40.69 40.9 48.51 56.21 63.78 70.52 77.26 78.57 65.2 51.84 42.57 39.2
0 0 0 0 0 0 0 0 0 0 0 0.27 1.04 1.82 3.99 7.63 11.26 13.81 15.71 17.62 18.35 18.73 19.1 19.54 19.99 20.45 21.11 21.77 22.48 23.35 24.23 25.15 26.19 27.22 28.29 29.4 30.51 31.59 32.65 33.71 34.67 35.6 36.52 37.33 38.13 38.92 39.67 40.42 41.18 41.94 42.7 43.5 44.38 45.26 46.36 47.75 49.14 50.84 52.75 54.67 56.67 58.71 60.74 61.91 62.95 63.98 63.13 62.28 61.29 59.5 57.7 55.96 54.35 52.74 51.29 50.05 48.82 47.55 46.23 44.92 43.54 42.14 40.73 40.58 40.65 40.73 45.7 50.73 55.99 62.86 69.72 72.04 62.05 52.06 44.67 41.01
0 0 0 0 0 0 0 0 0.01 0.08 0.14 0.59 1.77 2.95 5.56 9.65 13.74 16.14 17.54 18.93 19.36 19.49 19.62 20 20.41 20.83 21.45 22.08 22.74 23.57 24.4 25.29 26.28 27.27 28.3 29.35 30.4 31.42 32.42 33.42 34.32 35.2 36.08 36.86 37.62 38.39 39.09 39.8 40.5 41.17 41.84 42.54 43.28 44.03 45.01 46.29 47.57 49.26 51.24 53.21 55.22 57.24 59.26 60.14 60.84 61.54 60.74 59.94 59.04 57.58 56.11 54.65 53.2 51.75 50.37 49.07 47.78 46.52 45.3 44.07 42.97 41.91 40.86 40.73 40.77 40.81 44.05 47.32 50.95 56.93 62.92 65.37 58.26 51.15 45.48 41.9
