NetLogoInput/pp1_resistance.asc
NCOLS 144 
NROWS 154 
XLLCORNER -888485.5599279 
YLLCORNER -125866.530794814 
CELLSIZE 30 
NODATA_value -9999 
[rows 62 to 92 of 154, columns 0 to 67 of 144]
500 500 500 486.663371 442.779069 398.894766 319.206921 195.267767 71.328614 34.23614 57.352435 80.46873 99.617144 117.326901 135.036659 168.872899 204.965911 242.186446 333.090838 423.99523 500 500 500 500 500 500 500 500 500 498.626198 496.313027 493.999856 468.675127 435.148738 401.622349 366.476636 331.1113 300.47148 462.790919 625.110358 762.608975 776.511935 790.414896 800 800 800 800 800 800 800 800 800 794.012292 785.927032 777.841773 756.065594 732.491193 708.180949 657.59086 607.000771 535.393018 361.58346 187.773902 68.597919 68.833681 69.069443 69.305195 69.540935
500 500 500 486.492804 442.047246 397.601689 317.557411 193.514975 69.47254 28.574309 45.318009 62.061709 81.345142 101.54942 121.753697 176.941188 237.024299 297.34138 368.798285 440.25519 500 500 500 500 500 500 500 500 500 493.34691 482.144617 470.942324 426.711443 370.708686 314.70593 278.114991 244.156816 214.329526 353.180579 492.031633 618.921619 686.251294 753.580968 800 800 800 800 800 800 800 800 800 796.084324 790.79695 785.509576 771.268994 755.85246 739.881899 704.124863 668.367828 618.092798 497.221664 376.350531 293.779768 294.921523 296.063277 297.204984 298.346634
496.114396 500 500 486.322236 441.315424 396.308612 315.907902 191.762184 67.616465 22.912479 33.283584 43.654689 63.07314 85.771938 108.470735 185.009477 269.082687 352.496314 404.505732 456.51515 500 500 500 500 500 500 500 500 500 488.067622 467.976207 447.884792 384.74776 306.268635 227.78951 189.753347 157.202333 128.187572 243.57024 358.952907 475.234263 595.990652 716.747041 800 800 800 800 800 800 800 800 800 798.156357 795.666868 793.177379 786.472393 779.213726 771.582848 750.658866 729.734884 700.792578 632.859868 564.927159 518.961616 521.009364 523.057111 525.104773 527.152333
456.977187 488.343188 488.334508 474.808578 430.32126 385.833941 307.02296 185.789725 64.556489 18.290191 23.996715 29.703239 50.641467 77.102338 103.563209 195.315094 296.203932 395.773372 432.523411 469.27345 500 500 500 500 500 500 500 500 500 483.784174 456.480405 429.176636 351.362288 255.545225 159.728162 120.467464 88.877326 60.148769 148.268544 236.388318 337.134845 500.756478 664.378111 777.812198 779.836156 781.860114 785.67207 791.635177 797.598285 800 800 800 800 800 800 800 800 799.796928 792.341373 784.885818 775.273393 755.17284 735.072287 722.145881 724.899895 727.653909 730.407808 733.16157
382.588374 382.588374 382.500942 371.72939 336.485755 301.242121 239.730983 145.754583 51.778182 22.059473 36.889117 51.718762 85.355039 125.810139 166.265239 223.681234 283.47077 343.167923 398.466507 453.765092 500 500 500 500 500 500 500 500 500 487.539505 466.558859 445.578214 387.223244 315.547512 243.871781 205.168042 170.936188 138.245161 168.471399 198.697637 244.143276 365.374152 486.605027 576.516424 596.902466 617.288508 655.6839 715.746477 775.809055 800 800 800 800 800 800 800 800 799.863733 794.860845 789.857956 783.407747 769.919707 756.431667 747.757683 749.605704 751.453726 753.30167 755.149522
276.833559 276.833559 276.667377 268.650201 242.650251 216.650301 172.439006 105.71944 38.999874 25.828755 49.78152 73.734285 120.06861 174.517939 228.967269 252.047374 270.737608 290.562474 364.409603 438.256733 500 500 500 500 500 500 500 500 500 491.294835 476.637314 461.979793 423.084199 375.5498 328.0154 289.868619 252.995051 216.341552 188.674255 161.006957 151.151708 229.991825 308.831943 375.220651 413.968776 452.716902 525.695731 639.857778 754.019825 800 800 800 800 800 800 800 800 799.930538 797.380316 794.830094 791.542101 784.666574 777.791048 773.369485 774.311514 775.253543 776.195532 777.137474
188.861457 171.078745 170.833811 165.571013 148.814747 132.058482 105.14703 65.684298 26.221567 29.598037 62.673922 95.749808 154.782181 223.22574 291.669299 280.413515 258.004447 237.957024 330.352699 422.748374 500 500 500 500 500 500 500 500 500 495.050166 486.715768 478.381371 458.945155 435.552087 412.159019 374.569196 335.053914 294.437944 208.87711 123.316277 58.16014 94.609499 131.058858 173.924878 231.035087 288.145295 395.707561 563.969078 732.230594 800 800 800 800 800 800 800 800 799.997343 799.899788 799.802233 799.676455 799.413442 799.150428 798.981287 799.017323 799.053359 799.089394 799.125427
119.408675 118.672067 118.723874 115.297614 103.904807 92.512 74.282401 47.602885 20.923368 32.556468 70.750806 108.945144 178.62951 259.731387 340.833264 330.894706 308.21577 287.54436 362.455669 437.366977 500 500 500 500 500 500 500 500 500 496.662876 491.043917 485.424958 472.451606 456.85704 441.262474 405.274782 366.521235 326.460135 233.007096 139.554057 64.315821 79.778472 95.241124 123.294693 179.298539 235.302385 341.814311 509.092889 676.371468 755.506108 775.198646 794.891184 800 800 800 800 800 800 800 800 800 800 800 800 800 800 800 800
68.475213 68.475213 68.839315 67.211574 61.021496 54.831418 44.926692 30.430854 15.935017 35.481311 78.628218 121.775125 202.02673 295.731588 389.436446 382.291962 361.034424 341.364799 397.29916 453.233521 500 500 500 500 500 500 500 500 500 498.186833 495.133873 492.080912 485.032073 476.559045 468.086017 433.743749 395.892918 356.573808 257.299755 158.025701 74.578451 69.941008 65.303565 78.905486 132.996533 187.08758 291.073119 455.087096 619.101073 709.169158 749.369952 789.570747 800 800 800 800 800 800 800 800 800 800 800 800 800 800 800 800
31.942253 18.27836 18.954757 19.125534 18.138185 17.150837 15.570983 13.258824 10.946665 38.406154 86.50563 134.605106 225.42395 331.731789 438.039627 433.689219 413.853079 395.185237 432.142651 469.100065 500 500 500 500 500 500 500 500 500 499.710791 499.223828 498.736866 497.61254 496.26105 494.909559 462.212715 425.264601 386.687481 281.592413 176.497345 84.841081 60.103543 35.366006 34.516279 86.694527 138.872776 240.331926 401.081303 561.830679 662.832208 723.541259 784.25031 800 800 800 800 800 800 800 800 800 800 800 800 800 800 800 800
12.273615 9.073186 9.619626 10 10 10 10 10 10 33.735476 73.926201 114.116926 192.944053 285.779791 378.61553 389.805111 389.568968 390.134566 428.872834 467.611101 500 500 500 500 500 500 500 500 500 500 500 500 500 500 500 474.383137 445.29194 414.89848 331.329091 247.759703 174.424537 152.050834 129.67713 126.984809 167.982714 208.980619 288.212468 413.443864 538.675259 619.359301 670.001705 720.64411 738.505589 744.883599 751.261609 766.853496 783.655573 800 800 800 800 800 800 800 800 800 800 800
9.469299 9.469299 9.782195 10 10 10 10 10 10 27.285734 56.555263 85.824791 147.376324 220.632521 293.888717 323.603701 347.225442 371.294795 416.675917 462.057039 500 500 500 500 500 500 500 500 500 500 500 500 500 500 500 482.736027 463.130597 442.663823 387.025401 331.386979 282.586933 267.838683 253.090433 251.508876 279.155745 306.802614 359.19271 441.351568 523.510427 576.557226 609.971569 643.385912 662.607634 676.857545 691.107457 725.943245 763.482868 800 800 800 800 800 800 800 800 800 800 800
9.778237 9.865411 9.944763 10 10 10 10 10 10 20.835992 39.184324 57.532656 101.808596 155.48525 209.161904 257.402291 304.881917 352.455024 404.479001 456.502977 500 500 500 500 500 500 500 500 500 500 500 500 500 500 500 491.088918 480.969255 470.429167 442.721711 415.014256 390.749329 383.626532 376.503735 376.032943 390.328776 404.624609 430.172952 469.259273 508.345594 533.75515 549.941432 566.127714 586.709679 608.831492 630.953305 685.032993 743.310163 800 800 800 800 800 800 800 800 800 800 800
9.955137 10 10 10 10 10 10 10 10 16.832678 28.402293 39.971907 71.19821 109.551545 147.904881 202.070248 258.448381 315.008555 380.23606 445.463564 500 500 500 500 500 500 500 500 500 500 500 500 500 500 500 495.19989 489.748755 484.083729 469.68476 455.285791 442.695826 439.113824 435.531822 435.458012 443.171955 450.885897 463.870811 483.197272 502.523732 515.185312 523.352261 531.51921 548.782389 569.232063 589.681737 639.28267 692.712452 744.680745 744.453587 744.226429 743.999275 743.772138 743.545001 743.31787 743.090754 742.863638 745.334162 751.006912
10 10 10 10 10 10 10 10 10 14.088383 21.011146 27.933909 48.285402 73.505823 98.726243 152.331965 209.909981 267.98642 349.793808 431.601195 500 500 500 500 500 500 500 500 500 500 500 500 500 500 500 497.127819 493.866093 490.476383 481.860655 473.244927 465.711629 463.568312 461.424995 461.38083 465.996524 470.612218 478.381836 489.945965 501.510094 509.086243 513.972996 518.85975 530.396149 544.261983 558.127817 591.041475 626.456954 660.892241 660.321022 659.749802 659.178592 658.607425 658.036258 657.465108 656.893993 656.322878 662.535347 676.800245
10 10 10 10 10 10 10 10 10 11.344088 13.62 15.895912 25.372594 37.4601 49.547605 102.593682 161.371581 220.964284 319.351555 417.738826 500 500 500 500 500 500 500 500 500 500 500 500 500 500 500 499.055748 497.98343 496.869037 494.03655 491.204062 488.727432 488.0228 487.318168 487.303649 488.821094 490.338539 492.892861 496.694658 500.496455 502.987173 504.593731 506.200289 512.00991 519.291903 526.573897 542.80028 560.201457 577.103737 576.188456 575.273175 574.357909 573.442712 572.527515 571.612345 570.697232 569.782119 579.736532 602.593578
10 10 10 10 10 10 10 10 10 10 10 10 13.478194 18.217496 22.956797 74.979608 133.619365 193.277587 301.427116 409.576645 500 500 500 500 500 500 500 500 500 500 500 500 500 500 500 500 500 500 500 500 500 500 500 500 500 500 500 500 500 500 500 500 502.518083 505.918275 509.318466 516.067383 523.256136 530.224346 529.316101 528.407856 527.499626 526.591464 525.683303 524.775168 523.867089 522.959011 529.40736 544.588131
10 10 10 10 10 10 10 10 10 10 10 10 12.160584 15.104543 18.048501 68.603007 125.820225 184.151366 295.518777 406.886187 500 500 500 500 500 500 500 500 500 500 500 500 500 500 500 500 500 500 500 500 500 500 500 500 500 500 500 500 500 500 500 500 501.564183 503.676313 505.788444 509.980735 514.446243 518.774755 518.210571 517.646388 517.082214 516.518082 515.95395 515.389835 514.825755 514.261675 510.246452 502.134562
10 10 10 10 10 10 10 10 10 10 10 10 10.842974 11.99159 13.140206 62.226405 118.021085 175.025145 289.610438 404.19573 500 500 500 500 500 500 500 500 500 500 500 500 500 500 500 500 500 500 500 500 500 500 500 500 500 500 500 500 500 500 500 500 500.610282 501.434351 502.258421 503.894086 505.63635 507.325164 507.105042 506.88492 506.664801 506.444699 506.224598 506.004502 505.784421 505.564339 491.085544 459.680993
10 10 10 10 10 10 10 10 10 10 10 10 10 10 10 58.353074 113.472772 169.853248 286.262138 402.671028 500 500 500 500 500 500 500 500 500 500 500 500 500 500 500 500 500 500 500 500 500 500 500 500 500 500 500 500 500 500 500 500 500 500 500 500 500 500 500 500 500 500 500 498.192503 492.434388 486.676274 458.781635 404.609913
10 10 10 10 10 10 10 10 10 10 10 10 10 10 10 58.925658 114.698068 171.704403 287.46058 403.216758 500 500 500 500 500 500 500 500 500 500 500 500 500 500 500 500 500 500 500 500 500 500 500 500 500 500 500 500 500 500 500 500 500 500 500 500 500 500 500 500 500 500 500 493.174812 471.43192 449.689027 403.135183 327.129584
10 10 10 10 10 10 10 10 10 10 10 10 10 10 10 59.498242 115.923364 173.555558 288.659023 403.762488 500 500 500 500 500 500 500 500 500 500 500 500 500 500 500 500 500 500 500 500 500 500 500 500 500 500 500 500 500 500 500 500 500 500 500 500 500 500 500 500 500 500 500 488.157122 450.429451 412.701781 347.48873 249.649254
10 10 10 10 10 10 10 10 10 10 10 10 12.107927 14.980136 17.852345 70.61701 130.363724 191.121767 300.031432 408.941098 500 500 500 500 500 500 500 500 500 500 500 500 500 500 500 500 500 500 500 500 500 500 500 498.999785 495.779215 492.558646 487.837732 481.311744 474.785756 474.046299 477.209137 480.371976 486.068219 492.651939 499.235658 497.047289 493.706756 490.269856 483.391259 476.512662 470.787207 470.669091 470.550975 455.57799 408.13695 360.69591 285.528548 177.448751
10 10 10 10 10 10 10 10 10 10 10 10 22.134936 38.669702 55.204468 121.355802 194.450577 267.726464 349.625511 431.524559 500 500 500 500 500 500 500 500 500 500 500 500 500 500 500 500 500 500 500 500 500 500 500 494.241949 475.701739 457.16153 429.984125 392.415244 354.846364 350.589453 368.797314 387.005175 419.797372 457.698601 495.599831 483.001801 463.770987 443.985398 404.386617 364.787835 331.827473 331.147502 330.467532 319.455733 285.861822 252.26791 199.84888 125.083559
10 10 10 10 10 10 10 10 10 10 10 10 32.161945 62.359268 92.55659 172.094594 258.53743 344.33116 399.21959 454.10802 500 500 500 500 500 500 500 500 500 500 500 500 500 500 500 500 500 500 500 500 500 500 500 489.484114 455.624264 421.764414 372.130517 303.518745 234.906973 227.132607 260.38549 293.638374 353.526526 422.745264 491.964003 468.956313 433.835218 397.700941 325.381975 253.063009 192.867739 191.625914 190.384089 183.333477 163.586693 143.839909 114.169211 72.718366
10 10 10 10 10 10 10 10 10 10 10 10 41.840147 85.22475 128.609352 220.960445 320.164004 417.922182 446.862608 475.803034 500 500 500 500 500 500 500 500 500 500 500 500 500 500 500 500 500 500 500 500 499.841538 498.894009 497.946481 481.973529 432.646003 383.318478 312.690732 216.436531 120.182331 109.270497 155.911453 202.55241 286.506672 383.53214 480.557607 448.262473 398.981829 348.28248 246.915659 145.548838 61.182186 59.481612 57.781039 54.540989 47.936131 41.331273 33.197434 23.248623
10 10 10 10 10 10 10 10 10 10 10 10 46.075406 95.230869 144.386332 240.600112 343.399327 444.486516 464.060427 483.634337 500 500 500 500 500 500 500 500 500 500 500 500 500 500 500 500 500 500 500 500 497.210359 480.529657 463.848956 431.507863 364.402644 297.297425 228.49955 157.665228 86.830905 78.711069 112.884339 147.057608 207.798999 277.847454 347.895909 323.824863 287.391768 249.95968 176.849625 103.73957 43.006086 42.455685 41.905284 40.12538 35.658173 31.190965 25.689627 18.960731
10 10 10 10 10 10 10 10 10 10 10 10 50.310665 105.236988 160.163311 260.23978 366.63465 471.05085 481.258245 491.465641 500 500 500 500 500 500 500 500 500 500 500 500 500 500 500 500 500 500 500 500 494.57918 462.165305 429.751431 381.042196 296.159284 211.276372 144.308368 98.893924 53.47948 48.151642 69.857224 91.562807 129.091325 172.162768 215.23421 199.387254 175.801708 151.636879 106.783591 61.930303 24.829987 25.429758 26.029529 25.709772 23.380214 21.050656 18.181821 14.672838
10 10 10 10 10 10 10 10 10 10 10 10 54.545924 115.243107 175.94029 279.879448 389.869973 497.615184 498.456064 499.296944 500 500 500 500 500 500 500 500 500 500 500 500 500 500 500 500 500 500 500 500 491.948001 443.800954 395.653906 330.576529 227.915925 125.25532 60.117186 40.12262 20.128054 17.592214 26.83011 36.068005 50.383651 66.478082 82.572512 74.949645 64.211648 53.314079 36.717557 20.121035 6.653887 8.403831 10.153775 11.294163 11.102255 10.910347 10.674014 10.384946
10 10 10 10 10 10 10 10 10 10 10 10 45.576586 94.052369 142.528153 236.098491 335.97945 434.001824 443.532903 453.063981 457.092147 433.049289 409.006432 392.193144 391.681158 391.169171 390.657206 390.145267 389.633327 389.121415 388.609523 388.09763 387.585772 387.073926 386.56208 386.050276 385.538477 385.026679 384.514927 384.003175 377.099429 338.366652 299.633876 248.256541 168.809856 89.363171 40.261077 27.666791 15.072504 13.447645 19.220298 24.99295 33.69018 43.411917 53.133655 48.205414 41.352984 34.414229 24.392497 14.370765 6.244234 7.333427 8.422619 8.999606 8.45707 7.914535 7.615773 7.606382
10 10 10 10 10 10 10 10 10 10 10 10 35.304884 69.784698 104.264513 186.062383 274.482036 361.494274 381.496478 401.498681 409.952309 359.495257 309.038205 273.753341 272.678871 271.604401 270.529976 269.455604 268.381233 267.30692 266.232647 265.158374 264.084173 263.009998 261.935824 260.861735 259.787659 258.713585 257.639607 256.565628 251.182899 224.344676 197.506453 162.794773 110.604994 58.415215 26.750311 19.779039 12.807766 11.908363 15.10368 18.298997 23.113145 28.494385 33.875625 31.096643 27.245862 23.347834 17.762407 12.176979 7.586878 7.836709 8.08654 7.900543 6.761962 5.623381 4.996391 4.976683
