NetLogoInput/pp1_flow.asc
NCOLS 144 
NROWS 154 
XLLCORNER -888485.5599279 
YLLCORNER -125866.530794814 
CELLSIZE 30 
NODATA_value -9999 
[rows 0 to 52 of 154, columns 0 to 95 of 144]
0.000000000000000 0 0 0 0 0 0 0 0 0 0 0 0 0 0 0 0 0 0 0 0 0 0 0 0 0 0 0 0 0 0 0 0 0 0 0 0 0 0 0 0 0 0 0 0.07 2.49 7.27 14.13 19.78 24.24 27.36 29.36 30.25 30.36 30.43 30.46 30.52 30.63 30.8 31.01 31.22 31.46 31.66 31.83 31.95 32.02 32.02 31.98 32.01 32.11 32.29 32.5 32.74 32.98 33.18 33.34 33.46 33.55 33.62 33.67 33.72 33.76 33.79 33.82 33.84 33.86 33.88 33.9 33.92 33.93 33.95 33.96 33.96 33.97 33.96 33.96
0 0 0 0 0 0 0 0 0 0 0 0 0 0 0 0 0 0 0 0 0 0 0 0 0 0 0 0 0 0 0 0 0 0 0 0 0 0 0 0 0 0 0 0 0 0.21 7.27 14.33 20.78 24.24 27.7 30.13 30.25 30.38 30.45 30.46 30.48 30.6 30.8 31 31.22 31.46 31.69 31.83 31.95 32.07 32.02 31.96 31.94 32.11 32.29 32.48 32.74 33 33.2 33.34 33.47 33.56 33.62 33.68 33.72 33.76 33.79 33.82 33.84 33.87 33.88 33.9 33.92 33.93 33.95 33.96 33.96 33.97 33.97 33.96
0 0 0 0 0 0 0 0 0 0 0 0 0 0 0 0 0 0 0 0 0 0 0 0 0 0 0 0 0 0 0 0 0 0 0 0 0 0 0 0 0 0 0 0 0 0.21 7.09 13.98 20.32 23.99 27.66 30.26 30.49 30.71 30.83 30.84 30.86 30.97 31.15 31.33 31.56 31.81 32.06 32.23 32.38 32.53 32.26 31.99 31.81 32.17 32.53 32.87 33.16 33.45 33.66 33.75 33.85 33.91 33.95 33.98 34.01 34.03 34.05 34.07 34.09 34.11 34.13 34.14 34.15 34.16 34.17 34.18 34.18 34.18 34.18 34.16
0 0 0 0 0 0 0 0 0 0 0 0 0 0 0 0 0 0 0 0 0 0 0 0 0 0 0 0 0 0 0 0 0 0 0 0 0 0 0 0 0 0 0 0 0 0.2 6.92 13.64 19.87 23.75 27.63 30.4 30.72 31.04 31.22 31.22 31.23 31.33 31.5 31.67 31.91 32.17 32.43 32.62 32.8 32.98 32.5 32.01 31.69 32.23 32.78 33.26 33.58 33.9 34.11 34.17 34.23 34.26 34.27 34.29 34.3 34.31 34.32 34.33 34.34 34.35 34.37 34.38 34.39 34.39 34.4 34.4 34.4 34.4 34.39 34.37
0 0 0 0 0 0 0 0 0 0 0 0 0 0 0 0 0 0 0 0 0 0 0 0 0 0 0 0 0 0 0 0 0 0 0 0 0 0 0 0 0 0 0 0 0 0.2 6.8 13.4 19.56 23.6 27.63 30.54 30.95 31.35 31.57 31.58 31.58 31.68 31.83 31.98 32.22 32.49 32.76 32.97 33.18 33.38 32.75 32.12 31.69 32.4 33.1 33.7 34.03 34.36 34.56 34.58 34.6 34.61 34.6 34.59 34.59 34.58 34.58 34.59 34.6 34.6 34.61 34.61 34.62 34.62 34.63 34.63 34.62 34.61 34.6 34.58
0 0 0 0 0 0 0 0 0 0 0 0 0 0 0 0 0 0 0 0 0 0 0 0 0 0 0 0 0 0 0 0 0 0 0 0 0 0 0 0 0 0 0 0 0 0.2 6.83 13.45 19.64 23.71 27.77 30.71 31.16 31.61 31.85 31.86 31.87 31.96 32.1 32.24 32.47 32.73 32.99 33.21 33.42 33.63 33.03 32.44 32.05 32.83 33.61 34.25 34.55 34.86 35.03 35 34.98 34.95 34.92 34.89 34.87 34.86 34.84 34.84 34.84 34.84 34.85 34.85 34.86 34.86 34.86 34.86 34.85 34.84 34.82 34.8
0 0 0 0 0 0 0 0 0 0 0 0 0 0 0 0 0 0 0 0 0 0 0 0 0 0 0 0 0 0 0 0 0 0 0 0 0 0 0 0 0 0 0 0 0 0.2 6.85 13.51 19.73 23.82 27.91 30.88 31.37 31.86 32.14 32.15 32.16 32.24 32.37 32.5 32.72 32.97 33.22 33.45 33.67 33.88 33.32 32.75 32.41 33.26 34.12 34.8 35.08 35.36 35.49 35.42 35.36 35.3 35.24 35.18 35.15 35.12 35.1 35.09 35.09 35.09 35.09 35.09 35.09 35.09 35.09 35.09 35.08 35.06 35.05 35.02
0 0 0 0 0 0 0 0 0 0 0 0 0 0 0 0 0 0 0 0 0 0 0 0 0 0 0 0 0 0 0 0 0 0 0 0 0 0 0 0 0 0 0 0 0 0.2 6.89 13.57 19.83 23.94 28.06 31.06 31.59 32.12 32.41 32.42 32.44 32.51 32.63 32.74 32.95 33.2 33.44 33.67 33.9 34.12 33.63 33.14 32.85 33.75 34.65 35.36 35.6 35.85 35.94 35.83 35.73 35.63 35.55 35.47 35.42 35.39 35.36 35.35 35.34 35.33 35.33 35.33 35.33 35.33 35.33 35.32 35.31 35.29 35.27 35.24
0 0 0 0 0 0 0 0 0 0 0 0 0 0 0 0 0 0 0 0 0 0 0 0 0 0 0 0 0 0 0 0 0 0 0 0 0 0 0 0 0 0 0 0 0 0.2 6.96 13.71 20.02 24.15 28.28 31.3 31.82 32.35 32.63 32.64 32.64 32.69 32.79 32.88 33.08 33.31 33.54 33.79 34.04 34.29 34.13 33.96 33.93 34.66 35.38 35.94 36.11 36.28 36.32 36.17 36.03 35.92 35.82 35.72 35.67 35.63 35.59 35.58 35.58 35.57 35.57 35.57 35.57 35.57 35.57 35.56 35.55 35.53 35.51 35.48
0 0 0 0 0 0 0 0 0 0 0 0 0 0 0 0 0 0 0 0 0 0 0 0 0 0 0 0 0 0 0 0 0 0 0 0 0 0 0 0 0 0 0 0 0 0.21 7.03 13.85 20.22 24.36 28.51 31.53 32.05 32.58 32.86 32.85 32.84 32.88 32.95 33.02 33.2 33.42 33.64 33.9 34.18 34.46 34.63 34.79 35.02 35.56 36.1 36.52 36.61 36.71 36.69 36.51 36.34 36.2 36.08 35.97 35.91 35.87 35.83 35.82 35.81 35.81 35.81 35.81 35.82 35.81 35.81 35.81 35.79 35.77 35.75 35.71
0 0 0 0 0 0 0 0 0 0 0 0 0 0 0 0 0 0 0 0 0 0 0 0 0 0 0 0 0 0 0 0 0 0 0 0 0 0 0 0 0 0 0 0 0 0.21 7.1 13.99 20.41 24.57 28.74 31.77 32.29 32.8 33.08 33.06 33.05 33.07 33.11 33.16 33.32 33.53 33.73 34.02 34.33 34.63 35.13 35.62 36.1 36.46 36.83 37.1 37.12 37.14 37.07 36.86 36.64 36.48 36.35 36.22 36.15 36.11 36.07 36.05 36.05 36.04 36.05 36.05 36.06 36.05 36.05 36.05 36.03 36.01 35.99 35.95
0 0 0 0 0 0 0 0 0 0 0 0 0 0 0 0 0 0 0 0 0 0 0 0 0 0 0 0 0 0 0 0 0 0 0 0 0 0 0 0 0 0 0 0 0 0.21 7.19 14.17 20.67 24.85 29.02 32.06 32.55 33.04 33.29 33.25 33.2 33.18 33.18 33.19 33.3 33.45 33.6 34.05 34.56 35.06 35.75 36.44 37.09 37.49 37.89 38.11 37.87 37.63 37.38 37.1 36.82 36.63 36.51 36.39 36.33 36.3 36.27 36.27 36.27 36.28 36.29 36.3 36.3 36.31 36.31 36.3 36.29 36.27 36.25 36.21
0 0 0 0 0 0 0 0 0 0 0 0 0 0 0 0 0 0 0 0 0 0 0 0 0 0 0 0 0 0 0 0 0 0 0 0 0 0 0 0 0 0 0 0 0 0.21 7.28 14.36 20.94 25.13 29.32 32.35 32.81 33.28 33.5 33.42 33.35 33.29 33.25 33.21 33.26 33.36 33.45 34.08 34.79 35.5 36.38 37.26 38.08 38.52 38.97 39.14 38.63 38.12 37.68 37.34 36.99 36.78 36.67 36.56 36.52 36.5 36.48 36.49 36.5 36.51 36.52 36.54 36.55 36.56 36.56 36.56 36.55 36.53 36.51 36.47
0 0 0 0 0 0 0 0 0 0 0 0 0 0 0 0 0 0 0 0 0 0 0 0 0 0 0 0 0 0 0 0 0 0 0 0 0 0 0 0 0 0 0 0 0 0.21 7.38 14.55 21.21 25.41 29.61 32.64 33.08 33.52 33.71 33.61 33.5 33.41 33.32 33.23 33.23 33.27 33.31 34.11 35.02 35.94 37.01 38.08 39.07 39.55 40.04 40.16 39.38 38.61 37.99 37.58 37.17 36.93 36.83 36.73 36.7 36.69 36.69 36.7 36.72 36.74 36.76 36.78 36.8 36.81 36.82 36.82 36.81 36.79 36.77 36.72
0 0 0 0 0 0 0 0 0 0 0 0 0 0 0 0 0 0 0 0 0 0 0 0 0 0 0 0 0 0 0 0 0 0 0 0 0 0 0 0 0 0 0 0 0 0.22 7.52 14.81 21.59 25.79 30 33.02 33.4 33.77 33.92 33.77 33.63 33.5 33.37 33.24 33.14 33.05 32.96 33.68 34.51 35.37 38.05 40.74 42.92 42.23 41.55 40.75 39.65 38.56 37.79 37.46 37.12 36.95 36.9 36.85 36.85 36.86 36.88 36.91 36.94 36.97 37 37.03 37.06 37.08 37.09 37.1 37.09 37.07 37.05 37.01
0 0 0 0 0 0 0 0 0 0 0 0 0 0 0 0 0 0 0 0 0 0 0 0 0 0 0 0 0 0 0 0 0 0 0 0 0 0 0 0 0 0 0 0 0 0.22 7.66 15.1 21.99 26.21 30.42 33.42 33.73 34.03 34.12 33.94 33.76 33.58 33.41 33.24 33.03 32.79 32.56 33.14 33.85 34.59 39.19 43.79 47.38 45.27 43.15 41.24 39.82 38.4 37.49 37.26 37.03 36.94 36.95 36.96 36.99 37.03 37.07 37.11 37.16 37.2 37.25 37.29 37.33 37.35 37.37 37.38 37.37 37.36 37.34 37.29
0 0 0 0 0 0 0 0 0 0 0 0 0 0 0 0 0 0 0 0 0 0 0 0 0 0 0 0 0 0 0 0 0 0 0 0 0 0 0 0 0 0 0 0 0 0.23 7.81 15.39 22.4 26.62 30.84 33.83 34.06 34.3 34.32 34.1 33.88 33.67 33.46 33.25 32.91 32.54 32.16 32.61 33.18 33.81 40.32 46.83 51.84 48.29 44.75 41.73 39.98 38.23 37.18 37.06 36.94 36.93 37 37.07 37.13 37.19 37.26 37.32 37.38 37.44 37.49 37.54 37.59 37.62 37.64 37.66 37.65 37.64 37.62 37.58
0 0 0 0 0 0 0 0 0 0 0 0 0 0 0 0 0 0 0 0 0 0 0 0 0 0 0 0 0 0 0 0 0 0 0 0 0 0 0 0 0 0 0 0 0 0.24 8.11 15.98 23.21 27.3 31.38 34.24 34.37 34.49 34.46 34.21 33.98 33.75 33.54 33.33 32.96 32.54 32.11 32.44 32.88 33.4 41.72 50.03 56.3 50.93 45.55 41.23 39.46 37.69 36.72 36.78 36.85 36.95 37.07 37.19 37.28 37.36 37.44 37.52 37.6 37.68 37.74 37.81 37.88 37.91 37.94 37.96 37.95 37.95 37.93 37.89
0 0 0 0 0 0 0 0 0 0 0 0 0 0 0 0 0 0 0 0 0 0 0 0 0 0 0 0 0 0 0 0 0 0 0 0 0 0 0 0 0 0 0 0 0 0.25 8.48 16.72 24.22 28.1 31.99 34.67 34.66 34.66 34.55 34.3 34.05 33.84 33.65 33.46 33.09 32.66 32.22 32.44 32.75 33.17 43.24 53.31 60.76 53.36 45.97 40.24 38.61 36.97 36.16 36.46 36.76 36.99 37.16 37.33 37.44 37.53 37.62 37.72 37.82 37.92 38.01 38.09 38.18 38.21 38.25 38.28 38.27 38.26 38.24 38.21
0 0 0 0 0 0 0 0 0 0 0 0 0 0 0 0 0 0 0 0 0 0 0 0 0 0 0 0 0 0 0 0 0 0 0 0 0 0 0 0 0 0 0 0 0 0.26 8.86 17.46 25.23 28.91 32.59 35.09 34.96 34.83 34.64 34.39 34.13 33.92 33.75 33.58 33.22 32.78 32.34 32.44 32.63 32.93 44.76 56.58 65.22 55.8 46.38 39.26 37.75 36.24 35.61 36.14 36.67 37.02 37.24 37.46 37.6 37.7 37.8 37.92 38.04 38.16 38.27 38.37 38.47 38.52 38.56 38.59 38.58 38.57 38.55 38.53
0 0 0 0 0 0 0 0 0 0 0 0 0 0 0 0 0 0 0 0 0 0 0 0 0 0 0 0 0 0 0 0 0 0 0 0 0 0 0 0 0 0 0 0.27 0.57 1.12 9.75 18.39 26.13 29.51 32.89 35.16 34.98 34.79 34.59 34.36 34.14 33.99 33.88 33.78 33.51 33.2 32.88 33.15 33.51 33.99 45.62 57.25 65.68 55.96 46.23 38.93 37.56 36.2 35.68 36.28 36.88 37.25 37.45 37.64 37.76 37.86 37.95 38.1 38.25 38.41 38.55 38.69 38.83 38.87 38.91 38.94 38.91 38.88 38.86 38.84
0 0 0 0 0 0 0 0 0 0 0 0 0 0 0 0 0 0 0 0 0 0 0 0 0 0 0 0 0 0 0 0 0 0 0 0 0 0 0 0 0 0 0 0.78 1.65 2.75 11.11 19.48 26.93 29.92 32.91 34.92 34.74 34.56 34.4 34.25 34.1 34.03 34.03 34.02 33.96 33.88 33.8 34.49 35.31 36.21 45.89 55.57 62.53 54.05 45.57 39.19 37.98 36.76 36.3 36.83 37.37 37.65 37.75 37.85 37.93 38 38.06 38.25 38.45 38.66 38.86 39.05 39.23 39.26 39.3 39.31 39.25 39.2 39.15 39.13
0 0 0 0 0 0 0 0 0 0 0 0 0 0 0 0 0 0 0 0 0 0 0 0 0 0 0 0 0 0 0 0 0 0 0 0 0 0 0 0 0 0 0 1.29 2.74 4.38 12.47 20.56 27.72 30.33 32.93 34.68 34.51 34.34 34.21 34.13 34.05 34.08 34.18 34.27 34.41 34.57 34.72 35.84 37.1 38.42 46.16 53.9 59.39 52.15 44.9 39.46 38.39 37.33 36.92 37.39 37.85 38.06 38.06 38.07 38.1 38.13 38.18 38.4 38.66 38.91 39.16 39.41 39.63 39.65 39.68 39.68 39.6 39.51 39.45 39.43
0 0 0 0 0 0 0 0 0 0 0 0 0 0 0 0 0 0 0 0 0 0 0 0 0 0 0 0 0 0 0 0 0 0 0 0 0 0 0 0 0 0 0 1.95 4.14 6.49 13.98 21.48 28.09 30.36 32.62 34.16 34.06 33.96 33.91 33.93 33.95 34.08 34.29 34.5 34.83 35.21 35.59 37.01 38.58 40.19 46.01 51.83 55.92 50.2 44.47 40.15 39.26 38.37 38 38.31 38.62 38.64 38.43 38.22 38.14 38.09 38.05 38.42 38.85 39.29 39.58 39.87 40.13 40.13 40.12 40.09 39.96 39.82 39.72 39.66
0 0 0 0 0 0 0 0 0 0 0 0 0 0 0 0 0 0 0 0 0 0 0 0 0 0 0 0 0 0 0 0 0 0 0 0 0 0 0 0 0 0 0 2.86 6.07 9.38 15.75 22.11 27.74 29.75 31.77 33.18 33.26 33.34 33.45 33.59 33.74 34 34.34 34.68 35.2 35.79 36.37 37.88 39.54 41.21 45.17 49.13 51.93 48.17 44.41 41.55 40.87 40.2 39.82 39.84 39.85 39.51 38.91 38.3 37.97 37.75 37.54 38.21 39.04 39.86 40.19 40.51 40.79 40.72 40.66 40.55 40.34 40.12 39.93 39.79
0 0 0 0 0 0 0 0 0 0 0 0 0 0 0 0 0 0 0 0 0 0 0 0 0 0 0 0 0 0 0 0 0 0 0 0 0 0 0 0 0 0 0 3.77 8.01 12.28 17.51 22.74 27.38 29.15 30.91 32.21 32.46 32.72 32.98 33.25 33.53 33.92 34.39 34.87 35.57 36.36 37.15 38.76 40.49 42.23 44.33 46.42 47.94 46.15 44.35 42.95 42.49 42.03 41.65 41.37 41.09 40.39 39.38 38.37 37.8 37.41 37.02 38 39.22 40.44 40.8 41.16 41.45 41.32 41.19 41.02 40.72 40.42 40.15 39.92
0 0 0 0 0 0 0 0 0 0 0 0 0 0 0 0 0 0 0 0 0 0 0 0 0 0 0 0 0 0 0 0 0 0 0 0 0 0 0 0 0 0 0 4.57 9.7 14.8 19.05 23.3 27.09 28.59 30.1 31.26 31.68 32.09 32.5 32.9 33.31 33.83 34.43 35.02 35.88 36.84 37.79 39.43 41.18 42.91 43.58 44.25 44.79 44.58 44.37 44.16 43.95 43.75 43.43 42.96 42.5 41.19 39.26 37.32 36.8 36.86 36.93 38.23 39.76 41.28 41.61 41.92 42.16 41.96 41.77 41.52 41.13 40.74 40.36 40
0 0 0 0 0 0 0 0 0 0 0 0 0 0 0 0 0 0 0 0 0 0 0 0 0 0 0 0 0 0 0 0 0 0 0 0 0 0 0 0 0 0 0 4.95 10.51 16.02 19.82 23.62 26.99 28.21 29.43 30.43 30.94 31.44 31.96 32.5 33.05 33.69 34.39 35.09 36 36.99 37.99 39.44 40.95 42.47 43.19 43.91 44.53 44.58 44.62 44.71 44.89 45.08 45.07 44.78 44.5 41.72 37.06 32.4 32.94 35.6 38.26 39.97 41.52 43.06 43.08 43.08 43.05 42.76 42.48 42.14 41.64 41.14 40.57 39.91
0 0 0 0 0 0 0 0 0 0 0 0 0 0 0 0 0 0 0 0 0 0 0 0 0 0 0 0 0 0 0 0 0 0 0 0 0 0 0 0 0 0 0 5.33 11.32 17.24 20.59 23.94 26.88 27.82 28.76 29.6 30.19 30.79 31.43 32.11 32.79 33.54 34.35 35.16 36.13 37.15 38.18 39.44 40.73 42.02 42.79 43.57 44.28 44.58 44.88 45.26 45.84 46.41 46.7 46.6 46.5 42.25 34.87 27.48 29.08 34.34 39.6 41.72 43.28 44.84 44.55 44.25 43.94 43.57 43.2 42.76 42.15 41.54 40.78 39.81
0 0 0 0 0 0 0 0 0 0 0 0 0 0 0 0 0 0 0 0 0 0 0 0 0 0 0 0 0 0 0 0 0 0 0 0 0 0 0 0 0.02 0.05 0.08 5.75 12.13 18.4 21.31 24.22 26.75 27.42 28.1 28.77 29.47 30.16 30.91 31.73 32.55 33.42 34.33 35.24 36.26 37.32 38.38 39.46 40.54 41.62 42.45 43.27 44.05 44.59 45.13 45.79 46.73 47.66 48.21 48.26 48.31 42.72 32.87 23.03 25.63 33.32 41.01 43.49 45.05 46.61 46.02 45.41 44.81 44.34 43.87 43.33 42.62 41.91 40.92 39.54
0 0 0 0 0 0 0 0 0 0 0 0 0 0 0 0 0 0 0 0 0 0 0 0 0 0 0 0 0 0 0 0 0 0 0 0 0 0 0 0 0.31 0.72 1.13 6.65 12.8 18.84 21.39 23.95 26.17 26.8 27.43 28.12 28.93 29.74 30.62 31.59 32.56 33.55 34.56 35.57 36.61 37.68 38.74 39.77 40.79 41.82 42.63 43.44 44.22 44.82 45.42 46.09 46.95 47.81 48.21 47.99 47.78 42.48 33.34 24.2 27.26 35.3 43.34 45.67 46.99 48.31 47.39 46.45 45.53 44.78 44.02 43.28 42.59 41.89 40.18 37.04
0 0 0 0 0 0 0 0 0 0 0 0 0 0 0 0 0 0 0 0 0 0 0 0 0 0 0 0 0 0 0 0 0 0 0 0 0 0 0 0 0.59 1.38 2.17 7.54 13.47 19.29 21.48 23.68 25.6 26.18 26.77 27.46 28.39 29.32 30.33 31.45 32.57 33.68 34.79 35.89 36.97 38.03 39.09 40.07 41.04 42.01 42.81 43.61 44.39 45.05 45.7 46.4 47.18 47.97 48.21 47.72 47.24 42.23 33.81 25.38 28.9 37.29 45.67 47.85 48.93 50.01 48.76 47.49 46.25 45.21 44.17 43.23 42.55 41.87 39.45 34.53
0 0 0 0 0 0 0 0 0 0 0 0 0 0 0 0 0 0 0 0 0 0 0 0 0 0 0 0 0 0 0 0 0 0 0 0 0 0 0 0 0.88 2.05 3.22 8.43 14.14 19.73 21.57 23.4 25.02 25.56 26.11 26.81 27.86 28.9 30.05 31.31 32.58 33.81 35.01 36.22 37.32 38.38 39.45 40.38 41.29 42.21 43 43.79 44.56 45.27 45.99 46.7 47.41 48.12 48.2 47.45 46.7 41.98 34.27 26.56 30.53 39.27 48.01 50.03 50.87 51.71 50.13 48.53 46.97 45.65 44.33 43.18 42.52 41.85 38.71 32.03
0 0 0 0 0 0 0 0 0 0 0 0 0 0 0 0 0 0 0 0 0 0 0 0 0 0 0 0 0 0 0 0 0 0 0 0 0 0 0 0 1.35 3.16 4.97 9.49 14.35 19.11 20.77 22.44 23.93 24.64 25.34 26.21 27.44 28.68 30.01 31.47 32.93 34.31 35.65 36.98 38.13 39.22 40.31 41.2 42.07 42.93 43.64 44.36 45.07 45.73 46.4 47.03 47.6 48.16 48.11 47.24 46.37 43.02 37.8 32.59 35.84 42.55 49.26 50.8 51.44 52.07 50.32 48.55 46.59 43.4 40.2 38.21 39.45 40.69 38.98 33.05
0 0 0 0 0 0 0 0 0 0 0 0 0 0 0 0 0 0 0 0 0 0 0 0 0 0 0 0 0 0 0 0 0 0 0 0 0 0 0 0 1.85 4.31 6.77 10.56 14.52 18.4 19.9 21.41 22.81 23.69 24.57 25.61 27.04 28.47 30 31.65 33.31 34.85 36.31 37.78 38.99 40.11 41.22 42.07 42.88 43.69 44.33 44.97 45.6 46.21 46.81 47.37 47.78 48.2 48.01 47.03 46.05 44.16 41.58 39 41.44 45.93 50.42 51.46 51.9 52.33 50.42 48.48 46.11 40.92 35.73 32.83 36.13 39.43 39.33 34.35
0 0 0 0 0 0 0 0 0 0 0 0 0 0 0 0 0 0 0 0 0 0 0 0 0 0 0 0 0 0 0 0 0 0 0 0 0 0 0 0 2.34 5.46 8.58 11.64 14.69 17.69 19.04 20.39 21.68 22.74 23.79 25.02 26.64 28.27 29.99 31.84 33.68 35.38 36.98 38.58 39.84 40.99 42.13 42.94 43.7 44.46 45.01 45.57 46.13 46.68 47.23 47.7 47.97 48.23 47.92 46.83 45.74 45.3 45.36 45.42 47.05 49.31 51.58 52.12 52.35 52.59 50.51 48.4 45.64 38.45 31.26 27.46 32.81 38.17 39.68 35.65
0 0 0 0 0 0 0 0 0 0 0 0 0 0 0 0 0 0 0 0 0 0 0 0 0 0 0 0 0 0 0 0 0 0 0 0 0 0 0 0 2.51 5.86 9.21 11.95 14.63 17.26 18.46 19.66 20.83 21.83 22.83 24.1 25.97 27.84 29.88 32.11 34.34 36.29 38.03 39.77 41.07 42.2 43.33 44.1 44.82 45.54 46.02 46.51 46.99 47.47 47.95 48.37 48.63 48.9 48.73 47.99 47.25 47.34 48.04 48.75 49.94 51.34 52.73 52.72 52.46 52.2 48.49 44.75 40.78 35.32 29.86 27.44 33.22 39 41.25 38.41
0 0 0 0 0 0 0 0 0 0 0 0 0 0 0 0 0 0 0 0 0 0 0 0 0 0 0 0 0 0 0 0 0 0 0 0 0 0 0 0 2.59 6.04 9.5 12.05 14.5 16.9 17.97 19.03 20.07 20.94 21.81 23.08 25.22 27.36 29.74 32.41 35.09 37.3 39.19 41.08 42.4 43.5 44.61 45.35 46.04 46.73 47.13 47.53 47.94 48.35 48.76 49.13 49.44 49.74 49.81 49.55 49.3 49.63 50.41 51.18 52.06 52.97 53.88 53.3 52.46 51.61 45.86 40.05 34.65 32 29.35 28.97 34.71 40.45 43.18 41.59
0 0 0 0 0 0 0 0 0 0 0 0 0 0 0 0 0 0 0 0 0 0 0 0 0 0 0 0 0 0 0 0 0 0 0 0 0 0 0 0 2.67 6.23 9.79 12.15 14.37 16.55 17.48 18.4 19.3 20.05 20.8 22.06 24.46 26.87 29.6 32.72 35.84 38.32 40.35 42.39 43.73 44.81 45.89 46.6 47.26 47.91 48.23 48.56 48.89 49.22 49.56 49.9 50.24 50.59 50.89 51.11 51.34 51.92 52.77 53.62 54.17 54.6 55.03 53.89 52.46 51.03 43.23 35.35 28.53 28.68 28.84 30.5 36.19 41.89 45.11 44.76
0 0 0 0 0 0 0 0 0 0 0 0 0 0 0 0 0 0 0 0 0 0 0 0 0 0 0 0 0 0 0 0 0 0 0 0 0 0 0 0 2.68 6.26 9.84 12.11 14.22 16.3 17.16 18.02 18.84 19.45 20.07 21.04 22.82 24.6 27.55 31.93 36.3 39.42 41.67 43.92 45.3 46.36 47.41 48.08 48.68 49.28 49.54 49.79 50.05 50.33 50.61 50.92 51.3 51.69 52.11 52.58 53.04 53.76 54.68 55.6 55.99 56.18 56.37 53.47 50.02 46.58 39.81 33 27.36 29.54 31.72 34.57 39.22 43.87 46.59 46.54
0 0 0 0 0 0 0 0 0 0 0 0 0 0 0 0 0 0 0 0 0 0 0 0 0 0 0 0 0 0 0 0 0 0 0 0 0 0 0 0 2.66 6.2 9.75 11.99 14.06 16.1 16.94 17.78 18.56 19.04 19.51 20.03 20.64 21.25 24.35 30.47 36.6 40.58 43.08 45.58 47.01 48.04 49.08 49.69 50.23 50.77 50.96 51.14 51.33 51.56 51.79 52.08 52.52 52.95 53.43 53.98 54.53 55.33 56.32 57.3 57.65 57.73 57.82 52.45 46.13 39.8 35.92 32.06 29.18 32.9 36.63 40.16 43.16 46.17 47.81 47.48
0 0 0 0 0 0 0 0 0 0 0 0 0 0 0 0 0 0 0 0 0 0 0 0 0 0 0 0 0 0 0 0 0 0 0 0 0 0 0 0 2.64 6.15 9.66 11.86 13.9 15.91 16.73 17.55 18.29 18.62 18.96 19.02 18.46 17.91 21.15 29.02 36.9 41.74 44.49 47.24 48.72 49.73 50.75 51.3 51.78 52.26 52.38 52.49 52.62 52.8 52.98 53.25 53.73 54.2 54.75 55.38 56.02 56.89 57.95 59.01 59.3 59.28 59.26 51.44 42.23 33.03 32.03 31.11 31 36.27 41.54 45.75 47.11 48.47 49.02 48.42
0 0 0 0 0 0 0 0 0 0 0 0 0 0 0 0 0 0 0 0 0 0 0 0 0 0 0 0 0 0 0 0 0 0 0 0 0 0 0 0 2.57 5.99 9.41 11.62 13.69 15.71 16.49 17.26 17.96 18.25 18.54 18.3 16.89 15.47 18.79 27.89 36.99 42.62 45.83 49.03 50.65 51.68 52.71 53.15 53.5 53.85 53.89 53.94 54 54.14 54.28 54.53 55.02 55.52 56.09 56.76 57.43 58.28 59.26 60.24 60.29 59.95 59.61 50.81 40.52 30.22 31.59 33.06 35.03 40.26 45.49 49.38 49.66 49.93 49.76 48.95
0 0 0 0 0 0 0 0 0 0 0 0 0 0 0 0 0 0 0 0 0 0 0 0 0 0 0 0 0 0 0 0 0 0 0 0 0 0 0 0 2.45 5.71 8.98 11.25 13.41 15.52 16.22 16.92 17.57 17.92 18.28 17.93 15.98 14.03 17.35 27.11 36.87 43.18 47.08 50.99 52.84 53.93 55.01 55.27 55.4 55.54 55.52 55.5 55.49 55.6 55.7 55.92 56.41 56.9 57.46 58.11 58.77 59.47 60.21 60.95 60.53 59.64 58.75 50.62 41.21 31.81 34.95 38.22 41.52 44.96 48.39 50.85 50.66 50.47 49.98 49.04
0 0 0 0 0 0 0 0 0 0 0 0 0 0 0 0 0 0 0 0 0 0 0 0 0 0 0 0 0 0 0 0 0 0 0 0 0 0 0 0 2.33 5.44 8.54 10.89 13.13 15.33 15.95 16.58 17.17 17.6 18.02 17.55 15.07 12.59 15.92 26.33 36.75 43.74 48.34 52.94 55.02 56.17 57.31 57.39 57.31 57.23 57.14 57.05 56.99 57.06 57.12 57.31 57.79 58.28 58.83 59.46 60.1 60.66 61.16 61.66 60.77 59.33 57.88 50.43 41.91 33.39 38.32 43.38 48 49.65 51.29 52.32 51.67 51.01 50.19 49.13
0 0 0 0 0 0 0 0 0 0 0 0 0 0 0 0 0 0 0 0 0 0 0 0 0 0 0 0 0 0 0 0 0 0 0 0 0 0 0 0 2.14 4.98 7.83 10.32 12.76 15.15 15.88 16.6 17.21 17.21 17.22 16.47 14.05 11.63 14.84 24.93 35.02 42.74 48.81 54.88 57.32 58.41 59.5 59.4 59.14 58.87 58.75 58.63 58.53 58.57 58.61 58.78 59.25 59.73 60.27 60.89 61.51 61.94 62.21 62.48 61.24 59.39 57.54 51.17 44.01 36.84 42.35 47.98 52.92 53.21 53.51 53.45 52.44 51.43 50.35 49.18
0 0 0 0 0 0 0 0 0 0 0 0 0 0 0 0 0 0 0 0 0 0 0 0 0 0 0 0 0 0 0 0 0 0 0 0 0 0 0 0 1.78 4.16 6.53 9.34 12.2 15.01 16.2 17.39 18.14 16.7 15.26 13.92 12.79 11.66 14.51 22.22 29.94 38.49 47.64 56.78 59.84 60.64 61.45 61.21 60.81 60.41 60.33 60.24 60.18 60.2 60.23 60.39 60.86 61.32 61.85 62.46 63.07 63.38 63.46 63.53 62.17 60.21 58.26 53.85 49.01 44.16 47.73 51.39 54.56 54.42 54.29 53.87 52.73 51.58 50.39 49.16
0 0 0 0 0 0 0 0 0 0 0 0 0 0 0 0 0 0 0 0 0 0 0 0 0 0 0 0 0 0 0 0 0 0 0 0 0 0 0 0 1.43 3.33 5.24 8.36 11.65 14.88 16.53 18.18 19.07 16.18 13.3 11.37 11.53 11.7 14.19 19.52 24.86 34.25 46.46 58.68 62.36 62.88 63.4 63.01 62.48 61.96 61.91 61.86 61.82 61.84 61.86 62 62.46 62.92 63.44 64.04 64.64 64.83 64.71 64.59 63.1 61.04 58.99 56.53 54.01 51.48 53.12 54.81 56.2 55.63 55.06 54.3 53.01 51.73 50.44 49.14
0 0 0 0 0 0 0 0 0 0 0 0 0 0 0 0 0 0 0 0 0 0 0 0 0 0 0 0 0 0 0 0 0 0 0 0 0 0 0 0 1.07 2.5 3.93 7.28 10.87 14.41 16.62 18.82 19.98 16 12.01 9.53 10.39 11.25 13.24 16.62 20 30.15 44.99 59.83 64.14 64.56 64.97 64.55 64.01 63.47 63.48 63.5 63.51 63.52 63.53 63.67 64.12 64.57 65.09 65.69 66.3 66.41 66.15 65.89 64.35 62.29 60.22 59.35 58.69 58.03 57.99 57.96 57.81 56.84 55.87 54.78 53.36 51.93 50.53 49.16
0 0 0 0 0 0 0 0 0 0 0 0 0 0 0 0 0 0 0 0 0 0 0 0 0 0 0 0 0 0 0 0 0 0 0 0 0 0 0 0 0.71 1.66 2.61 5.7 9.05 12.4 15.58 18.77 20.82 17.34 13.86 11.06 9.78 8.5 9.34 12.79 16.23 26.71 42.09 57.46 62.45 63.61 64.76 64.89 64.87 64.86 65.06 65.26 65.44 65.45 65.46 65.6 66.05 66.5 67.05 67.75 68.44 68.66 68.52 68.38 67.17 65.52 63.87 62.83 61.89 60.96 60.41 59.86 59.23 58.01 56.8 55.5 53.94 52.38 50.86 49.37
0 0 0 0 0 0 0 0 0 0 0 0 0 0 0 0 0 0 0 0 0 0 0 0 0 0 0 0 0 0 0 0 0 0 0 0 0 0 0 0 0.35 0.82 1.29 4.12 7.24 10.39 14.55 18.71 21.66 18.68 15.7 12.59 9.17 5.75 5.45 8.95 12.46 23.28 39.19 55.09 60.77 62.65 64.54 65.23 65.73 66.24 66.63 67.03 67.36 67.37 67.38 67.52 67.97 68.42 69.01 69.8 70.58 70.91 70.88 70.86 69.98 68.75 67.52 66.31 65.1 63.88 62.82 61.76 60.65 59.19 57.73 56.22 54.53 52.84 51.19 49.59
0 0 0 0 0 0 0 0 0 0 0 0 0 0 0 0 0 0 0 0 0 0 0 0 0 0 0 0 0 0 0 0 0 0 0 0 0 0 0 0 0 0 0 2.55 5.43 8.36 13.47 18.57 22.38 19.95 17.51 14.13 8.66 3.19 1.78 5.34 8.9 20.01 36.36 52.71 59.05 61.68 64.32 65.57 66.61 67.64 68.22 68.81 69.31 69.31 69.32 69.45 69.9 70.35 70.99 71.86 72.74 73.17 73.27 73.38 72.82 72 71.18 69.8 68.31 66.83 65.25 63.68 62.09 60.39 58.69 56.95 55.13 53.3 51.53 49.81
0 0 0 0 0 0 0 0 0 0 0 0 0 0 0 0 0 0 0 0 0 0 0 0 0 0 0 0 0 0 0 0 0 0 0 0 0 0 0 0 0 0 0 1.75 3.71 5.75 10.26 14.78 18.47 18.06 17.65 16.06 11.85 7.64 6.9 10.41 13.91 23.2 36.52 49.83 56.23 60.06 63.9 66 67.85 69.68 70.48 71.28 71.94 71.85 71.76 71.81 72.19 72.58 73.27 74.37 75.47 76.2 76.66 77.11 76.72 75.99 75.26 73.69 71.98 70.27 68.33 66.39 64.44 62.39 60.35 58.3 56.26 54.21 52.23 50.34
