NetLogoInput/pp1_resistance.asc
NCOLS 144 
NROWS 154 
XLLCORNER -888485.5599279 
YLLCORNER -125866.530794814 
CELLSIZE 30 
NODATA_value -9999 
[rows 31 to 61 of 154, columns 0 to 67 of 144]
799.674538 800 800 800 800 800 800 800 800 795.1844 787.030256 778.876113 738.244941 685.838396 633.431851 628.901335 631.070685 632.787111 612.938838 593.090565 552.122847 403.422285 254.721723 149.797265 143.579584 137.361904 114.39625 71.008013 27.619776 10 10 10 10 10 10 10 10 10 10 10 10 10 10 10 10 10 10 10 10 10 10 10 10 10 10 10 10 10 10 10 10 10 10 10 10 10 10 10
800 800 800 800 800 800 800 800 800 797.199485 792.457438 787.715391 764.086309 733.609252 703.132195 700.497471 701.759058 702.668746 686.823771 670.978795 639.392275 527.50623 415.620185 333.686622 319.290203 304.893785 251.719103 151.257969 50.796834 10 10 10 10 10 10 10 10 10 10 10 10 10 10 10 10 10 10 10 10 10 10 10 10 10 10 10 10 10 10 10 10 10 10 10 10 10 10 10
800 800 800 800 800 800 800 800 800 799.21457 797.88462 796.554669 789.927678 781.380109 772.83254 772.093607 772.447431 772.550381 760.708703 748.867026 726.661703 651.590175 576.518647 517.57598 495.000823 472.425665 389.041957 231.507924 73.973892 10 10 10 10 10 10 10 10 10 10 10 10 10 10 10 10 10 10 10 10 10 10 10 10 10 10 10 10 10 10 10 10 10 10 10 10 10 10 10
800 800 800 800 800 800 800 800 800 800 800 800 800 800 800 800 800 799.829475 791.539898 783.25032 768.294863 719.335944 670.377025 629.474659 606.738284 584.00191 498.666759 336.998276 175.329792 88.953971 54.061234 19.168498 10 10 10 10 10 10 10 10 10 10 10 10 10 10 10 10 10 10 10 10 10 10 10 10 10 10 10 10 10 10 10 10 10 10 10 10
800 800 800 800 800 800 800 800 800 800 800 800 800 800 800 800 800 799.896617 794.870942 789.845266 780.778305 751.096258 721.414211 695.390002 677.613523 659.837043 590.599706 458.610681 326.621656 218.339011 126.266147 34.193283 10 10 10 10 10 10 10 10 10 10 10 10 10 10 10 10 10 10 10 10 10 10 10 10 10 10 10 10 10 10 10 10 10 10 10 10
790.262154 800 800 800 800 800 800 800 800 800 800 800 800 800 800 800 800 799.963759 798.201985 796.440212 793.261748 782.856572 772.451397 761.305346 748.488761 735.672177 682.532652 580.223086 477.91352 347.724051 198.47106 49.218068 10 10 10 10 10 10 10 10 10 10 10 10 10 10 10 10 10 10 10 10 10 10 10 10 10 10 10 10 10 10 10 10 10 10 10 10
759.365423 770.786463 770.627759 771.003574 772.603709 774.203845 778.988491 787.709025 796.42956 800 800 800 800 800 800 800 800 800 800 800 800 800 800 797.339947 788.681983 780.024018 741.383888 666.183321 590.982754 464.627952 303.295267 141.962582 96.164877 91.545542 86.926208 62.831985 36.096445 10 10 10 10 10 10 10 10 10 10 10 10 10 10 10 10 10 10 10 10 10 10 10 10 10 10 10 10 10 10 10
707.309807 707.309807 706.806262 707.998666 713.075657 718.152648 733.333616 761.002571 788.671526 800 800 800 800 800 800 800 800 800 800 800 800 800 800 798.328897 792.889776 787.450654 761.435213 710.32888 659.222547 566.893336 446.377038 325.86074 283.3883 268.73184 254.07538 177.628005 92.800127 10 10 10 10 10 10 10 10 10 10 10 10 10 10 10 10 10 10 10 10 10 10 10 10 10 10 10 10 10 10 10
647.112766 643.83315 642.984764 644.993758 653.547604 662.101451 687.678741 734.296117 780.913493 800 800 800 800 800 800 800 800 800 800 800 800 800 800 799.317847 797.097569 794.877291 781.486538 754.474438 727.462339 669.158721 589.45881 509.758899 470.611722 445.918137 421.224552 292.424026 149.503809 10 10 10 10 10 10 10 10 10 10 10 10 10 10 10 10 10 10 10 10 10 10 10 10 10 10 10 10 10 10 10
597.487466 590.195343 589.216073 591.713688 602.175139 612.63659 643.636255 700.020078 756.403901 779.425916 779.318971 779.212026 780.065749 781.267786 782.469823 787.955316 794.040244 800 800 800 800 800 800 800 800 800 795.7786 786.409599 777.040598 745.637544 699.168201 652.698857 618.746444 589.25525 559.764055 403.746528 230.568638 61.099243 43.060581 25.021919 10 10 10 10 10 10 10 10 10 10.259564 10.694171 11.128778 12.570827 14.365793 16.160759 14.398418 12.168845 10 10 10 10 10 10 10 10 10 10 10
558.433904 558.433904 557.799475 560.056485 568.936361 577.816238 603.178864 648.913308 694.647752 713.106012 712.654334 712.202655 715.808325 720.88509 725.961855 749.129661 774.829162 800 800 800 800 800 800 800 800 800 797.265126 791.195331 785.125535 764.78077 734.675167 704.569564 679.96869 657.329781 634.690873 507.34577 365.7997 225.816024 149.63031 73.444595 10 10 10 10 10 10 10 10 10 11.096259 12.931808 14.767357 20.857806 28.438788 36.019769 28.576577 19.160046 10 10 10 10 10 10 10 10 10 10 10
528.36879 526.672466 526.382877 528.399281 535.697584 542.995886 562.721474 597.806538 632.891603 646.786109 645.989697 645.193284 651.550902 660.502395 669.453888 710.304006 755.61808 800 800 800 800 800 800 800 800 800 798.751652 795.981062 793.210471 783.923995 770.182133 756.440271 741.190935 725.404313 709.617691 610.945012 501.030762 390.532805 256.200038 121.867272 10 10 10 10 10 10 10 10 10 11.932954 15.169445 18.405936 29.144785 42.511782 55.87878 42.754736 26.151248 10 10 10 10 10 10 10 10 10 10 10
508.890822 500 500 501.722063 507.388527 513.054991 527.284179 552.096447 576.908715 586.45889 585.428214 584.397538 592.835852 604.70739 616.578928 670.511894 730.331019 788.933616 789.614686 790.295757 791.389315 794.58703 797.784744 800 800 800 800 800 800 800 800 800 792.980059 783.458107 773.936155 702.682863 623.057148 541.078034 363.001511 184.924988 35.070589 25.748689 16.426789 10 10 10 10 10 10 12.52691 16.757906 20.988902 35.002607 52.443287 69.883967 52.753067 31.081391 10 10 10 10 10 10 10 10 10 10 10
500 500 500 501.146079 504.917262 508.688445 518.158349 534.671575 551.184802 557.540698 556.854756 556.168814 563.169648 572.957518 582.745389 625.654361 673.198365 719.865794 724.797577 729.729361 737.64807 760.803448 783.958826 800 800 800 800 800 800 800 800 800 795.328042 788.990929 782.653815 732.252461 675.874815 617.346936 471.01761 324.688283 191.541852 124.039847 56.537842 10 10 10 10 10 10 11.848615 14.943891 18.039166 28.128662 40.668299 53.207937 40.843968 25.209055 10 10 10 10 10 10 10 10 10 10 10
500 500 500 500.570095 502.445997 504.321899 509.032519 517.246704 525.460889 528.622507 528.281298 527.940089 533.503443 541.207647 548.91185 580.796828 616.065711 650.797971 659.980468 669.162965 683.906825 727.019866 770.132908 800 800 800 800 800 800 800 800 800 797.676025 794.52375 791.371476 761.822059 728.692482 693.615838 579.033708 464.451578 348.013114 222.331004 96.648895 10 10 10 10 10 10 11.17032 13.129875 15.08943 21.254717 28.893312 36.531906 28.934868 19.336719 10 10 10 10 10 10 10 10 10 10 10
500 500 500 500 500 500 500 500 500 500 500 500 504.127132 509.75066 515.374188 536.27981 559.324038 582.169137 595.533252 608.897367 630.361167 693.142441 755.923715 799.479005 799.683362 799.88772 800 800 800 800 800 800 800 800 800 791.118236 781.031866 769.204398 686.281883 603.359368 503.709795 320.767591 137.825386 11.51493 10.919929 10.324928 10.007408 10.023727 10.040047 10.629827 11.606334 12.582842 15.130534 18.228627 21.326721 18.419155 14.72278 11.11634 10.721794 10.327248 10 10 10 10 10 10 10 10
500 500 500 500 500 500 500 500 500 500 500 500 502.812664 506.645132 510.477599 524.724903 540.429679 556.034736 566.891927 577.749118 595.748472 650.180864 704.613257 748.525305 768.715981 788.906657 800 800 800 800 800 800 800 800 800 793.947026 787.073105 778.935437 719.194521 659.453605 584.426528 433.281779 282.13703 159.67607 100.889564 42.103058 10.731878 12.344284 13.956689 23.428664 38.200938 52.973212 81.583788 115.042051 148.500315 142.784124 131.922595 120.295146 81.313732 42.332317 10 10 10 10 10 10 10 10
500 500 500 500 500 500 500 500 500 500 500 500 501.498197 503.539604 505.58101 513.169996 521.53532 529.900335 538.250602 546.600869 561.135778 607.219288 653.302799 697.571605 737.748599 777.925593 800 800 800 800 800 800 800 800 800 796.775816 793.114345 788.666475 752.107159 715.547843 665.143261 545.795967 426.448674 307.837211 190.8592 73.881188 11.456348 14.66484 17.873332 36.227501 64.795541 93.363582 148.037041 211.855476 275.67391 267.149092 249.122409 229.473953 151.905669 74.337386 10 10 10 10 10 10 10 10
500 500 500 500 500 500 500 500 500 500 500 500 500.18373 500.434076 500.684421 501.615089 502.640961 503.765934 509.609277 515.452621 526.523083 564.257712 601.992341 646.617906 706.781218 766.94453 800 800 800 800 800 800 800 800 800 799.604606 799.155585 798.397513 785.019796 771.64208 745.859993 658.310156 570.760318 455.998352 280.828835 105.659319 12.180819 16.985396 21.789974 49.026337 91.390145 133.753952 214.490295 308.6689 402.847505 391.514061 366.322223 338.652759 222.497607 106.342455 10 10 10 10 10 10 10 10
500 500 500 500 500 500 500 500 500 500 500 500 500 500 500 500 500 500.082138 504.075024 508.06791 516.011586 544.108715 572.205845 608.788897 664.506091 720.223285 758.590387 775.800681 793.010974 800 800 800 800 800 800 800 800 799.823847 792.454765 785.085683 768.385424 705.220422 642.05542 550.093543 394.206172 238.318802 132.358234 86.464978 40.571722 47.199988 89.247477 131.294966 216.174242 316.0579 415.941557 380.668694 327.643807 273.526343 180.388703 87.251062 10 10 10 10 10 10 10 10
500 500 500 500 500 500 500 500 500 500 500 500 500 500 500 500 500 500.046266 502.295363 504.544459 509.416213 527.66646 545.916706 573.092477 620.393606 667.694735 710.452262 747.669293 784.886324 800 800 800 800 800 800 800 800 799.900777 795.749951 791.599125 781.45554 741.470922 701.486305 635.403735 511.38695 387.370165 271.945166 166.857009 61.768852 42.997241 82.435384 121.873528 207.334038 308.916618 410.499198 347.853442 263.637248 180.077644 119.967409 59.857174 10 10 10 10 10 10 10 10
500 500 500 500 500 500 500 500 500 500 500 500 500 500 500 500 500 500.010395 500.515702 501.021008 502.820841 511.224204 519.627567 537.396057 576.281121 615.166185 662.314137 719.537906 776.761674 800 800 800 800 800 800 800 800 799.977708 799.045137 798.112567 794.525657 777.721423 760.917189 720.713927 628.567728 536.421529 411.532099 247.24904 82.965981 38.794494 75.623292 112.45209 198.493833 301.775336 405.05684 315.038191 199.63069 86.628944 59.546115 32.463285 10 10 10 10 10 10 10 10
500 500 500 500 500 500 500 500 500 500 500 500 500 500 500 500 500 500 500 500 500.704565 505.003202 509.301839 521.339331 550.826466 580.3136 617.979503 665.618647 713.257791 726.624415 716.556417 706.488419 728.658779 762.319364 795.979949 800 800 800 800 800 798.693405 790.880598 783.06779 757.043582 690.592323 624.141064 520.64202 372.570507 224.498994 175.869279 194.300666 212.732052 248.233829 289.715524 331.19722 247.127867 146.568113 48.377923 34.814083 21.250243 10 10 10 10 10 10 10 10
500 500 500 500 500 500 500 500 500 500 500 500 500 500 500 500 500 500 500 500 500.415782 502.952521 505.489259 513.295694 532.984294 552.672893 575.196712 601.177815 627.158917 623.311242 599.067456 574.82367 628.210001 709.26485 790.319698 800 800 800 800 800 799.228944 794.618402 790.00786 773.388946 730.112934 686.836922 617.317176 516.223396 415.129617 370.585969 364.178337 357.770706 321.874824 275.648929 229.423033 164.898587 97.970734 32.647816 24.643439 16.639063 10 10 10 10 10 10 10 10
500 500 500 500 500 500 500 500 500 500 500 500 500 500 500 500 500 500 500 500 500.127 500.901839 501.676678 505.252058 515.142122 525.032186 532.41392 536.736982 541.060044 519.99807 481.578496 443.158921 527.761223 656.210335 784.659447 800 800 800 800 800 799.764483 798.356207 796.94793 789.734309 769.633544 749.532779 713.992332 659.876286 605.76024 565.302658 534.056009 502.80936 395.51582 261.582333 127.648846 82.669308 49.373354 16.91771 14.472796 12.027882 10 10 10 10 10 10 10 10
500 500 500 498.469608 493.433839 488.39807 478.334039 462.055341 445.776642 441.964743 446.795785 451.626827 465.009604 481.49303 497.976456 500 500 500 500 500 500 500 500 501.409714 505.998066 510.586417 510.583714 504.982651 499.381588 474.165952 435.538402 396.910853 485.018766 618.297065 751.575365 777.513089 788.892554 800 800 800 800 800 800 797.469908 789.323324 781.17674 764.242737 736.736523 709.23031 676.479056 640.190675 603.902295 478.654902 322.244326 165.833749 105.075973 56.881636 10 10 10 10 10 10 10 10 10 10 10
500 500 500 495.737862 481.713258 467.688653 439.660354 394.324219 348.988084 338.371956 351.826396 365.280836 402.551835 448.458135 494.364434 500 500 500 500 500 500 500 500 500.865376 503.682009 506.498643 505.201235 498.887142 492.573048 473.456317 445.58549 417.714663 487.575624 592.269634 696.963644 737.37401 769.06579 800 800 800 800 800 800 798.446862 793.44595 788.445039 778.049829 761.164697 744.279566 722.076534 696.287242 670.49795 569.24996 441.568072 313.886185 209.621591 108.432723 10 10 10 10 10 10 10 10 10 10 10
500 500 500 493.006116 469.992677 446.979237 400.986668 326.593097 252.199527 234.779169 256.857007 278.934844 340.094066 415.423239 490.752413 500 500 500 500 500 500 500 500 500.321037 501.365953 502.410868 499.818756 492.791632 485.764508 472.746682 455.632578 438.518473 490.132482 566.242202 642.351923 697.23493 749.239026 800 800 800 800 800 800 799.423817 797.568577 795.713338 791.856921 785.592871 779.328821 767.674012 752.383809 737.093605 659.845017 560.891819 461.938622 314.16721 159.983809 10 10 10 10 10 10 10 10 10 10 10
500 500 500 490.784581 460.461155 430.13773 370.553995 274.806043 179.058092 155.71445 182.56702 209.41959 277.357073 360.190937 443.024802 456.603851 460.491245 464.555758 477.053306 489.550854 500 500 500 500 500 500 497.081317 490.603573 484.12583 475.931865 466.564393 457.196922 490.071788 538.002445 585.933103 636.564647 687.562505 737.865615 759.799818 781.734021 800 800 800 800 800 800 800 800 800 795.273906 787.36065 779.447395 723.719841 651.242484 578.765128 424.829083 260.193912 99.849872 92.758839 85.667807 75.619373 51.190097 26.760821 10 10 10 10 10
500 500 500 489.296567 454.076818 418.857069 351.969319 245.941574 139.913828 111.913424 138.00755 164.101675 214.218643 273.045704 331.872765 350.817606 364.181251 378.153777 421.11644 464.079103 500 500 500 500 500 500 498.146617 494.033208 489.919798 484.716577 478.768171 472.819766 486.247873 506.582055 526.916238 546.376912 565.719116 586.401412 661.804344 737.207276 800 800 800 800 800 800 800 800 800 796.998899 791.97393 786.948961 749.179323 699.938917 650.698511 544.284219 430.360469 318.875768 294.499015 270.122263 235.57889 151.598676 67.618463 10 10 10 10 10
500 500 500 487.808553 447.692481 407.576409 333.384644 217.077104 100.769563 68.112398 93.448079 118.78376 151.080213 185.90047 220.720728 245.031362 267.871258 291.751796 365.179574 438.607351 500 500 500 500 500 500 499.211917 497.462842 495.713766 493.501289 490.971949 488.442609 482.423958 475.161665 467.899373 456.189177 443.875727 434.937209 563.80887 692.680531 800 800 800 800 800 800 800 800 800 798.723893 796.58721 794.450528 774.638805 748.635349 722.631893 663.739354 600.527026 537.901664 496.239192 454.576719 395.538407 252.007256 108.476105 10 10 10 10 10
