NetLogoInput/pp1_resistance.asc
NCOLS 144 
NROWS 154 
XLLCORNER -888485.5599279 
YLLCORNER -125866.530794814 
CELLSIZE 30 
NODATA_value -9999 
[rows 75 to 99 of 154, columns 57 to 113 of 144]
744.680744944327 744.45358705794 744.226429171553 743.999274834321 743.772137755432 743.545000676544 743.317870129791 743.090753860224 742.863637590658 745.334162187076 751.006912056422 756.679661925767 767.576605940558 781.948068173415 796.319530406272 800 800 800 800 800 800 800 800 800 800 800 800 800 800 800 800 800 800 800 800 800 800 800 800 800 800 800 800 800 800 800 800 800 800 800 800 800 800 800 800 800 800
660.892240827089 660.321021555933 659.749802284777 659.178591938453 658.607424990571 658.036258042689 657.465107520747 656.893992900723 656.322878280699 662.535346981579 676.800244834576 691.065142687572 718.46698427428 754.6059725025 790.74496073072 800 800 800 800 800 800 800 800 800 800 800 800 800 800 800 800 800 800 800 800 800 800 800 800 800 800 800 800 800 800 800 800 800 800 800 800 800 800 800 800 800 800
577.103736709851 576.188456053926 575.273175398001 574.357909042585 573.44271222571 572.527515408835 571.612344911704 570.697231941222 569.78211897074 579.736531776082 602.59357761273 625.450623449377 669.357362608002 727.263876831585 785.170391055169 800 800 800 800 800 800 800 800 800 800 800 800 800 800 800 800 800 800 800 800 800 800 800 800 800 800 800 800 800 800 800 800 800 800 800 800 800 800 800 800 800 800
530.224345777814 529.316101094464 528.407856411115 527.499625918343 526.591464429553 525.683302940763 524.775167569391 523.867089282448 522.959010995505 529.407360141994 544.588131065901 559.768901989807 594.484708326664 642.192917806125 689.901127285586 715.681943280715 733.914058447688 752.146173614662 754.046407777657 753.870961904347 753.69551652268 753.520086731395 753.34465694011 753.169229945382 752.993816235111 752.818402524839 754.221660228743 759.022552032837 763.823443836931 771.82827609105 783.585621167021 795.342966242991 799.955280605063 799.881230139635 799.807179674206 799.657434847234 799.482085467571 799.306736087909 799.131401032821 798.956067737868 798.780734988158 798.60541777501 798.430100561862 798.254786199818 798.079485073008 797.904183946198 797.817517765619 797.918707505974 798.01989724633 798.386891164397 799.061052904045 799.735214643693 800 800 800 800 800
518.774754656957 518.210571358376 517.646388059795 517.082213576115 516.518081956319 515.953950336523 515.38983494034 514.825755003855 514.261675067369 510.246452180432 502.134561973628 494.022671766825 494.881601067483 501.706862196913 508.532123326344 550.425288686102 604.390892928952 658.356497171803 663.981038475419 663.461732707636 662.942428395077 662.423170228803 661.90391206253 661.384662173843 660.865451606084 660.346241038325 664.499771728872 678.710027902649 692.920284076426 716.613948004058 751.414750078072 786.215552152085 799.867634163835 799.648450702415 799.429267240994 798.986034516991 798.467014362695 797.947994208399 797.429016453701 796.910043908861 796.391072977895 795.872148033912 795.353223089929 794.834306584988 794.31542925528 793.796551925573 793.540026955238 793.839540502154 794.139054049071 795.225326725641 797.220791612974 799.216256500307 800 800 800 800 800
507.3251635361 507.105041622288 506.884919708476 506.664801233888 506.444699483085 506.224597732282 506.004502311289 505.784420725261 505.564339139233 491.085544218869 459.680992881356 428.276441543842 395.278493808302 361.220806587702 327.163119367102 385.168634091489 474.867727410217 564.566820728944 573.915669173181 573.052503510925 572.189340267474 571.326253726212 570.46316718495 569.600094402304 568.737086977058 567.874079551812 574.777883229002 598.397503772461 622.017124315921 661.399619917067 719.243878989123 777.088138061179 799.779987722608 799.415671265195 799.051354807782 798.314634186748 797.451943257818 796.589252328888 795.726631874582 794.864020079854 794.001410967631 793.138878292814 792.276345617996 791.413826970158 790.551373437553 789.688919904948 789.262536144857 789.760373498334 790.258210851811 792.063762286885 795.380530321903 798.697298356921 800 800 800 800 800
500 500 500 500 500 500 498.192502998063 492.43438828872 486.676273579377 458.78163530799 404.60991319683 350.43819108567 296.390667075166 242.425745003134 188.460822931102 253.717520892396 360.017325163731 466.317129435066 488.93747226269 500.922678358351 512.512161250973 511.552957404796 510.593753558618 509.63456500328 508.675449083844 507.716333164408 515.407092142389 541.71420766547 568.021323188551 611.822133886719 676.111875783844 740.401617680968 765.542236001835 765.005277402233 764.468318802632 763.669439074267 762.781961289119 761.894483503971 760.943598450825 759.984922221149 759.026248972715 758.067660674109 757.109072375502 756.150499665984 755.191999323233 754.233498980481 754.859131440955 758.842228866263 762.825326291571 770.277083905338 781.737284136754 793.19748436817 797.623488473726 797.499762298507 797.376036123288 797.489419597666 797.681599123865
500 500 500 500 500 500 493.174812373348 471.431919729576 449.689027085804 403.135182654879 327.129583596436 251.123984537992 198.773209798103 162.154836219381 125.536462640659 182.30652576054 271.226391361531 360.146256962522 412.994315716007 461.257873190762 508.02715414048 507.411778669292 506.796403198103 506.181037536724 505.565718474775 504.950399412826 509.941175728298 526.997452598357 544.053729468416 572.255925553351 613.512423182759 654.768920812167 670.652405706035 669.893947519063 669.135489332091 668.685300530815 668.339387656675 667.993474782536 667.407887791849 666.792850812061 666.177815744883 665.562835177112 664.94785460934 664.332884042719 663.717959902865 663.103035763011 666.95078783109 680.256887701211 693.562987571332 715.411389658983 747.131421252317 778.851452845651 791.026188676196 790.558993234493 790.091797792791 790.519938744372 791.245617029262
500 500 500 500 500 500 488.157121748633 450.429451170433 412.701780592232 347.488730001769 249.649253996041 151.809777990313 101.15575252104 81.8839274356279 62.6121023502161 110.895530628684 182.435457559331 253.975384489977 337.051159169324 421.593068023172 503.542147029988 503.270599933788 502.999052837588 502.727510070168 502.455987865706 502.184465661244 504.475259314207 512.280697531244 520.086135748282 532.689717219982 550.912970581674 569.136223943366 575.762575410235 574.782617635893 573.80265986155 573.701161987362 573.896814024231 574.0924660611 573.872177132874 573.600779402973 573.329382517051 573.058009680114 572.786636843177 572.515268419454 572.243920482497 571.972572545541 579.042444221225 601.671546536159 624.300648851093 660.545695412628 712.525558367879 764.505421323131 784.428888878666 783.61822417048 782.807559462294 783.550457891079 784.809634934659
490.269855507735 483.391258632883 476.512661758031 470.787206707462 470.669090856981 470.550975006501 455.577989585254 408.136949885303 360.695910185351 285.52854819031 177.448751075336 69.3689539603613 23.0770243627784 17.8791018728355 12.6811793828926 51.6462985967224 105.814938909461 159.9835792222 260.103198899577 366.06290095893 468.779702927054 468.661652004429 468.543601081804 468.425552041433 468.307511942309 468.189471843186 468.219277420674 468.567278100648 468.915278780622 469.062472356896 468.97447703278 468.886481708665 470.366358639183 472.874589635952 475.382820632721 482.192588885387 490.457405243008 498.72222160063 499.743030431609 499.87373086963 500 500 500 500 500 500 508.972960412809 536.963518438333 564.954076463856 609.391491501957 672.835173799944 736.278856097931 760.584005074881 759.574282670704 758.564560266527 761.130767406788 764.885324030808
443.985398103861 404.386616620688 364.787835137516 331.827473080529 331.147502464724 330.467531848918 319.455733360329 285.861821540235 252.267909720141 199.848879841225 125.08355858829 50.3182373353539 18.401606779366 14.9828750958034 11.5641434122408 38.0865107722746 74.916368592028 111.746226411781 179.380381048137 250.929569348958 320.27065343063 319.591056592213 318.911459753795 318.231873751154 317.552339221584 316.872804692015 316.290841844751 315.918873852681 315.54690586061 315.042463133098 314.382863606929 313.723264080759 325.49963461184 345.432652049808 365.365669487777 403.741057926366 448.35480613705 492.968554347734 498.520674787071 499.273092493632 500 500 500 500 500 500 505.920699594961 524.38993136911 542.859163143259 572.180654948973 614.043202737357 655.905750525741 671.943209634316 671.276956496623 670.610703358929 680.667560934586 694.287912399638
397.700940699986 325.381974608494 253.063008517002 192.867739453596 191.625914072466 190.384088691335 183.333477135404 163.586693195168 143.839909254931 114.169211492141 72.7183661012437 31.2675207103466 13.7261891959536 12.0866483187713 10.447107441589 24.5267229478268 44.017798274595 63.5088736013632 98.6575631966959 135.796237738986 171.761603934207 170.520461179996 169.279318425785 168.038195460875 166.797166500859 165.556137540844 164.362406268828 163.270469604713 162.178532940597 161.0224539093 159.791250181077 158.560046452854 180.632910584497 217.990714463665 255.348518342833 325.289526967345 406.252207031091 487.214887094837 497.298319142533 498.672454117634 500 500 500 500 500 500 502.868438777112 511.816344299887 520.764249822662 534.969818395989 555.25123167477 575.532644953552 583.302414193751 582.979630322541 582.656846451331 600.204354462385 623.690500768467
348.282480343031 246.915659183745 145.548838024459 61.1821856717299 59.4816121565685 57.7810386414072 54.5409891227214 47.9361311683184 41.3312732139154 33.1974341156667 23.2486232313717 13.2998123470766 9.34511291778164 9.37698995783038 9.40886699787911 11.7351977136554 14.8514145768437 17.9676314400321 22.4627624990808 27.1331449371611 31.6082841084626 29.8921093162535 28.1759345240444 26.4632310831989 24.7670175641898 23.0708040451808 21.3560891000685 19.6015551808075 17.8470212615464 16.0923380529544 14.3374799940063 12.5826219350582 43.7288082166942 96.4545094311106 149.180210645527 247.667162189095 361.633421852241 475.599681515387 491.709053123119 495.794246533006 499.739788461457 499.705992346134 499.672196230812 499.647591445595 499.665654123576 499.683716801557 499.730104768663 499.836526317337 499.942947866011 500 500 500 500 500 500 524.605041391164 557.386806588465
249.959679885283 176.849625096279 103.739570307274 43.0060862277694 42.4556851312808 41.9052840347922 40.1253804168061 35.6581725169739 31.1909646171418 25.6896274912711 18.96073083928 12.231834187289 9.55706591006494 9.57862600509075 9.60018610011657 10.9319748404203 12.7148214808228 14.4976681212253 16.9251035426031 19.4344621707427 21.8413907548382 21.0001839617926 20.1589771687469 19.3784132445219 18.8859204666774 18.3934276888329 17.5743736741519 16.0524909491305 14.530608224109 13.0048571197854 11.4745752998766 9.94429347996777 31.076904574303 67.0739142269439 103.070923879585 182.983465788501 277.75097888244 372.518491976378 417.976625351817 457.375862104417 495.419123321058 494.824161862442 494.229200403825 493.796047103166 494.114030313236 494.432013523306 495.248647397002 497.122138454266 498.995629511529 500 500 500 500 500 500 524.904028563023 558.08414006298
151.636879427535 106.783591008812 61.9303025900885 24.829986783809 25.4297581059931 26.0295294281772 25.7097717108907 23.3802138656295 21.0506560203682 18.1818208668754 14.6728384471884 11.1638560275014 9.76901890234823 9.78026205235114 9.79150520235404 10.1287519671853 10.5782283848019 11.0277048024186 11.3874445861255 11.7357794043243 12.0744974012138 12.1082586073316 12.1420198134493 12.2935954058448 13.004823369165 13.7160513324851 13.7926582482353 12.5034267174535 11.2141951866716 9.91737618661643 8.6116706057469 7.30596502487736 18.4250009319118 37.6933190227773 56.9616371136428 118.299769387907 193.868535912638 269.437302437369 344.244197580515 418.957477675828 491.09845818066 489.942331378749 488.786204576838 487.944502760736 488.562406502896 489.180310245055 490.767190025341 494.407750591194 498.048311157047 500 500 500 500 500 500 525.203015734882 558.781473537495
53.3140789697873 36.7175569213453 20.1210348729032 6.65388733984852 8.40383108070534 10.1537748215622 11.2941630049754 11.102255214285 10.9103474235946 10.6740142424797 10.3849460550967 10.0958778677137 9.98097189463152 9.98189809961151 9.98282430459151 9.32552909395023 8.44163528878105 7.55774148361188 5.84978562964777 4.03709663790587 2.30760404758941 3.2163332528706 4.12506245815179 5.20877756716775 7.12372627165251 9.03867497613727 10.0109428223187 8.95436248577645 7.89778214923418 6.82989525344743 5.74876591161719 4.66763656978695 5.77309728952055 8.3127238186106 10.8523503477006 53.616072987313 109.986092942837 166.35611289836 270.511769809212 380.539093247238 486.777793040262 485.060500895056 483.343208749851 482.092958418307 483.010782692555 483.928606966804 486.28573265368 491.693362728122 497.100992802564 500 500 500 500 500 500 525.50200290674 559.47880701201
34.4142293422697 24.3924970600397 14.3707647778097 6.24423378370011 7.33342652030963 8.42261925691914 8.99960553815909 8.45707024328437 7.91453494840965 7.6157733269243 7.60638240249664 7.59699147806897 7.5876010703953 7.57821100640548 7.56882094241566 7.23944102729474 6.79990175119184 6.36036247508894 5.25344238920243 4.06170237209408 2.91082410015746 3.05570315511467 3.20058221007189 3.57222718178209 5.02107576983653 6.46992435789097 7.22128196361929 6.47149175299596 5.72170154237262 4.96665379577626 4.20544832825535 3.44424286073445 3.58941620394134 4.32907569410406 5.06873518426677 34.5294369115874 73.7053859083026 112.881334905018 189.372044545344 270.447810386666 348.732144864816 347.475260690562 346.218376516308 348.13978821741 364.815301961421 381.490815705432 404.223297013597 439.793121471509 475.36294592942 495.336019501046 497.285222888605 499.234426276164 500 500 500 525.800980601299 560.176118382437
23.3478339737671 17.7624066722108 12.1769793706544 7.58687776563899 7.83670883632551 8.08653990701204 7.90054256581983 6.7619619343019 5.62338130278396 4.99639131913202 4.9766832471109 4.95697517508979 4.9372681875439 4.91756192126311 4.89785565498233 5.02682447349425 5.20697601632324 5.38712755915224 5.14445916543074 4.84805299949331 4.53684434056852 3.75623725864299 2.97563017671746 2.4730372626106 3.29109196282501 4.10914666303941 4.52946705490672 4.09377926374028 3.65809147257384 3.22415859385542 2.79228110023704 2.36040360661866 2.43821177296615 2.85031842529483 3.26242507762352 19.9400208795227 42.1196192808014 64.2992176820801 107.501740456534 153.28745787294 197.497254449659 196.801535618699 196.105816787739 201.552005273243 235.50980212971 269.467598986176 314.509080140476 383.041698928865 451.574317717254 490.212032448299 494.302688383369 498.393344318438 500 500 500 526.099957361115 560.873427572747
12.2814386052644 11.1323162843818 9.98319396349914 8.92952174757786 8.33999115234139 7.75046055710492 6.80147959348057 5.06685362531942 3.33222765715828 2.37700931133974 2.34698409172517 2.3169588721106 2.2869353046925 2.25691283612075 2.22689036754901 2.81420791969376 3.61405028145464 4.41389264321553 5.03547594165905 5.63440362689255 6.16286458097959 4.45677136217131 2.75067814336303 1.37384734343912 1.56110815581349 1.74836896818786 1.83765214619414 1.7160667744846 1.59448140277506 1.48166339193458 1.37911387221873 1.27656435250288 1.28700734199095 1.37156115648561 1.45611497098026 5.35060484745797 10.5338526533001 15.7171004591423 25.6314363677239 36.1271053592135 46.2623640345017 46.1278105468361 45.9932570591705 54.9642223290762 106.204302297998 157.444382266921 224.794863267355 326.290276386222 427.785689505088 485.088045395553 491.320153878132 497.552262360712 500 500 500 526.39893412093 561.570736763056
9.7177731155545 9.65297852767535 9.58818393979619 9.4276494658747 8.8015642637497 8.1754790616247 7.20742465066775 5.49193353007776 3.77644240948777 2.7483051796067 2.5360890117266 2.3238728438465 2.49853779207413 2.93051046063484 3.36248312919556 3.83169287911111 4.31372182648677 4.79575077386244 4.99503086236838 5.15837533748717 5.2794507528884 4.06014181613461 2.84083287938081 1.87537757191275 2.11580034085142 2.35622310979009 2.35782964789651 1.84545324929516 1.33307685069381 1.04844521426002 1.0305523494963 1.01265948473258 1.1714720909493 1.44618431148382 1.72089653201835 2.7847239312913 4.11547928610892 5.44623464092654 6.96610413369793 8.50921105144446 10 10 10 17.4470847861623 59.4645976149723 101.482110443782 161.008045504132 257.641926383297 354.275807262463 420.450164629179 451.424979369381 482.399794109583 495.720731994645 497.623111644517 499.525491294389 526.697902965474 562.268027492425
9.83587079012423 9.79818945960986 9.76050812909549 9.65941654003076 9.24998228142664 8.84054802282253 8.08804962278387 6.58572133618099 5.08339304957811 4.0628616099016 3.61424545335158 3.16562929680155 3.61279542243318 4.65573034459286 5.69866526675253 5.86795267655279 5.73647913613907 5.60500559572536 4.97620273126228 4.28419241695636 3.6045607819548 3.31746657624035 3.0303723705259 2.88177534169001 3.39107991430846 3.90038448692691 3.89107037199774 2.76557937441568 1.64008837683363 1.02817334271461 1.0177677367361 1.00736213075758 1.38258716241794 2.01074404685845 2.63890093129895 4.01106904580937 5.6349081481499 7.25874725049043 8.2356360827925 9.13303081420224 10 10 10 14.330856517203 38.7661657014685 63.2014748857339 105.398736008215 185.241282436441 265.083828864666 337.041586663293 399.887548824172 462.733510985052 490.091781773057 494.496552097757 498.901322422457 526.996869313538 562.965312399208
9.95396846469396 9.94340039154437 9.93283231839478 9.89118361418682 9.69840029910359 9.50561698402035 8.96867459489999 7.67950914228422 6.39034368966846 5.37741804019651 4.69240189497656 4.00738574975661 4.72705305279224 6.38095022855088 8.03484740430951 7.90421247399447 7.15923644579137 6.41426041758828 4.95737460015618 3.41000949642555 1.92967081102119 2.57479133634609 3.219911861671 3.88817311146728 4.6663594877655 5.44454586406372 5.42431109609896 3.6857054995362 1.94709990297344 1.0079014711692 1.00498312397589 1.00206477678258 1.59370223388658 2.57530378223307 3.55690533057956 5.23741416032744 7.15433701019089 9.07125986005432 9.50516803188706 9.75685057696001 10 10 10 11.2146282482438 18.0677337879645 24.9208393276853 49.7894265122985 112.840638489584 175.891850466869 253.633008697407 348.350118278963 443.06722786052 484.462831551469 491.369992550998 498.277153550526 527.295835661603 563.662597305991
10 10 10 9.98510051277088 9.89774985167776 9.81039919058464 9.43923711978556 8.44775292422121 7.45626872865686 6.627638174725 5.99232247363328 5.35700677254157 6.03608868866725 7.58935298386586 9.14261727906448 8.94131761816486 8.13599366236153 7.3306697065582 5.88232342538854 4.35225302417807 2.89422638473891 3.72076277068791 4.54729915663691 5.35517637865401 6.07441718143665 6.79365798421929 6.70761669410872 4.88843836577828 3.06926003744784 1.91253705913723 1.53169373078559 1.15085040243395 1.68039634373489 2.8070588578638 3.9337213719927 5.7308055404478 7.7546681138352 9.77853068722258 10 10 10 10 10 10 10 10 24.6051592225534 70.1649898562979 115.724820490042 185.797382791656 284.197274077349 382.597165363042 437.9857921682 465.554658346835 493.12352452547 527.59479565675 564.359867395744
10 10 10 9.99096697201381 9.93800937997505 9.88505178793628 9.64787630299867 9.0080586731903 8.36824104338193 7.83676413520322 7.43389270645061 7.031021277698 7.46953685349629 8.46764389821131 9.46575094292634 9.3402225872159 8.82787272060419 8.31552285399248 7.41010046829147 6.45472102127616 5.54470175405517 6.07308863103345 6.60147550801173 7.11638686205617 7.56728558914013 8.01818431622408 7.83127869668727 6.27168349914855 4.71208830160983 3.40794815988305 2.40300158535697 1.39805501083089 1.68761779213421 2.82623824119936 3.9648586902645 5.75602995550876 7.76793459395992 9.77983923241107 10 10 10 10 10 10 10 10 18.8545874076969 46.4758886533146 74.0971898989323 127.908826340433 211.986458891602 296.064091442771 365.417438921833 425.247093223075 485.076747524316 527.893751594034 565.057128021267
10 10 10 9.99683343125674 9.97826890827234 9.95970438528793 9.85651548621178 9.56836442215939 9.28021335810701 9.04589009568145 8.87546293926794 8.70503578285444 8.90298501832533 9.34593481255676 9.78888460678819 9.73912755626695 9.51975177884686 9.30037600142677 8.93787751119441 8.55718901837424 8.19517712337142 8.42541449137899 8.65565185938655 8.87759734545834 9.06015399684361 9.24271064822887 8.95494069926582 7.65492863251882 6.35491656577181 4.90335926062887 3.27430943992835 1.64525961922783 1.69483924053354 2.84541762453492 3.9959960085363 5.78125437056972 7.78120107408464 9.78114777759956 10 10 10 10 10 10 10 10 13.1040155928405 22.7867874503313 32.4695593078221 70.0202698892096 139.775643705855 209.5310175225 292.849085675466 384.939528099315 477.029970523163 528.192707531318 565.754388646788
