NetLogoInput/pp1_resistance_noriver.asc
NCOLS 144 
NROWS 154 
XLLCORNER -888485.5599279 
YLLCORNER -125866.530794814 
CELLSIZE 30 
NODATA_value -9999 
[rows 33 to 65 of 154, columns 0 to 74 of 144]
800 800 800 800 800 800 800 800 800 799.214599609375 797.884643554688 796.5546875 789.927673339844 781.380126953125 772.83251953125 772.093627929688 772.447448730469 772.550354003906 760.708679199219 748.867004394531 726.661682128906 651.590148925781 20 20 20 20 20 20 20 10 10 10 10 10 10 10 10 10 10 10 10 10 10 10 10 10 10 10 10 10 10 10 10 10 10 10 10 10 10 10 10 10 10 10 10 10 10 10 10 10 10 10 10 10 10
800 800 800 800 800 800 800 800 800 800 800 800 800 800 800 800 800 799.829467773438 791.539916992188 783.250305175781 768.294860839844 719.3359375 670.377014160156 629.474670410156 606.73828125 20 20 20 20 20 20 19.1684970855713 10 10 10 10 10 10 10 10 10 10 10 10 10 10 10 10 10 10 10 10 10 10 10 10 10 10 10 10 10 10 10 10 10 10 10 10 10 10 10 10 10 10 10
800 800 800 800 800 800 800 800 800 800 800 800 800 800 800 800 800 799.896606445312 794.870971679688 789.845275878906 780.7783203125 751.096252441406 721.414184570312 695.390014648438 677.613525390625 659.837036132812 20 20 20 20 20 34.1932830810547 10 10 10 10 10 10 10 10 10 10 10 10 10 10 10 10 10 10 10 10 10 10 10 10 10 10 10 10 10 10 10 10 10 10 10 10 10 10 10 10 10 10 10
790.262145996094 800 800 800 800 800 800 800 800 800 800 800 800 800 800 800 800 799.963745117188 798.201965332031 796.440185546875 793.26171875 782.856567382812 772.451416015625 761.305358886719 748.48876953125 735.672180175781 682.532653808594 20 20 20 20 49.2180671691895 10 10 10 10 10 10 10 10 10 10 10 10 10 10 10 10 10 10 10 10 10 10 10 10 10 10 10 10 10 10 10 10 10 10 10 10 10 10 10 10 10 10 10
759.365417480469 770.786437988281 770.627746582031 771.003601074219 772.603698730469 774.203857421875 778.988464355469 787.709045410156 796.429565429688 800 800 800 800 800 800 800 800 800 800 800 800 800 800 797.339965820312 788.682006835938 780.024047851562 741.383911132812 666.183349609375 20 20 20 20 20 20 20 20 36.0964431762695 10 10 10 10 10 10 10 10 10 10 10 10 10 10 10 10 10 10 10 10 10 10 10 10 10 10 10 10 10 10 10 10 10 10 10 10 10 10
707.309814453125 707.309814453125 706.806274414062 707.998657226562 713.07568359375 718.152648925781 733.333618164062 761.002563476562 788.671508789062 800 800 800 800 800 800 800 800 800 800 800 800 800 800 798.328918457031 792.889770507812 787.45068359375 761.435241699219 710.328857421875 659.222534179688 20 20 20 20 20 20 20 20 10 10 10 10 10 10 10 10 10 10 10 10 10 10 10 10 10 10 10 10 10 10 10 10 10 10 10 10 10 10 10 10 10 10 10 10 10 10
647.11279296875 643.833129882812 642.984741210938 644.993774414062 653.547607421875 662.101440429688 687.6787109375 734.296142578125 780.913513183594 800 800 800 800 800 800 800 800 800 800 800 800 800 800 799.31787109375 797.097595214844 794.877319335938 781.486511230469 754.474426269531 727.462341308594 669.15869140625 20 20 20 20 20 20 20 10 10 10 10 10 10 10 10 10 10 10 10 10 10 10 10 10 10 10 10 10 10 10 10 10 10 10 10 10 10 10 10 10 10 10 10 10 10
20 20 20 20 602.175109863281 612.636596679688 643.63623046875 700.020080566406 756.403930664062 779.425903320312 779.318969726562 779.212036132812 780.065734863281 781.267761230469 782.469848632812 787.955322265625 794.040222167969 800 800 800 800 800 800 800 800 800 795.778625488281 786.409606933594 777.040588378906 745.637573242188 699.168212890625 652.698852539062 618.746459960938 20 20 20 20 20 43.0605812072754 25.0219192504883 10 10 10 10 10 10 10 10 10 10.2595643997192 10.6941709518433 11.1287784576416 12.5708265304565 14.3657932281494 16.160758972168 14.3984184265137 12.1688451766968 10 10 10 10 10 10 10 10 10 10 10 10 10 10 10 10 10 10
20 20 20 20 20 20 603.178894042969 648.913330078125 694.647766113281 713.106018066406 712.654357910156 712.20263671875 715.808349609375 720.885070800781 725.961853027344 749.129638671875 774.829162597656 800 800 800 800 800 800 800 800 800 797.26513671875 791.1953125 785.125549316406 764.78076171875 734.675170898438 704.569580078125 679.968688964844 657.329772949219 634.690856933594 20 20 20 20 20 10 10 10 10 10 10 10 10 10 11.0962591171265 12.9318084716797 14.7673568725586 20.8578052520752 28.4387874603271 36.0197677612305 28.5765762329102 19.1600456237793 10 10 10 10 10 10 10 10 10 10 10 10 10 10 10 10 10 10
20 20 20 20 20 20 20 20 632.8916015625 646.7861328125 645.989685058594 645.193298339844 651.550903320312 660.502380371094 669.453918457031 710.304016113281 755.618103027344 800 800 800 800 800 800 800 800 800 798.751647949219 795.981079101562 793.21044921875 783.924011230469 770.18212890625 756.440246582031 741.19091796875 725.404296875 709.61767578125 610.945007324219 20 20 20 20 10 10 10 10 10 10 10 10 10 11.9329538345337 15.1694450378418 18.4059352874756 29.1447849273682 42.5117835998535 20 42.7547378540039 26.1512489318848 10 10 10 10 10 10 10 10 10 10 10 10 10 10 10 10 10 10
20 20 20 20 20 20 20 20 20 20 20 20 20 604.707397460938 616.578918457031 670.511901855469 730.330993652344 788.93359375 789.614685058594 790.295776367188 791.389343261719 794.587036132812 797.784729003906 800 800 800 800 800 800 800 800 800 792.980041503906 783.458129882812 773.936157226562 702.682861328125 623.05712890625 20 20 20 35.0705871582031 25.7486896514893 16.4267883300781 10 10 10 10 10 10 12.526909828186 16.757905960083 20.9889011383057 35.0026054382324 20 20 20 31.0813903808594 10 10 10 10 10 10 10 10 10 10 10 10 10 10 10 10 10 10
20 20 20 20 20 20 20 20 20 20 20 20 20 20 20 625.654357910156 673.198364257812 719.865783691406 724.797607421875 729.729370117188 737.648071289062 760.803466796875 783.958801269531 800 800 800 800 800 800 800 800 800 795.328063964844 788.990905761719 782.65380859375 732.25244140625 675.874816894531 617.346923828125 20 20 20 20 20 10 10 10 10 10 10 11.848614692688 14.9438905715942 18.0391654968262 28.128662109375 40.6683006286621 20 40.8439674377441 25.2090549468994 10 10 10 10 10 10 10 10 10 10 10 10 10 10 10 10 10 10
20 20 20 20 20 20 20 20 20 20 20 20 20 20 20 20 616.065734863281 650.797973632812 659.98046875 669.162963867188 683.906799316406 727.019836425781 770.132934570312 800 800 800 800 800 800 800 800 800 797.676025390625 794.523742675781 791.371459960938 761.822082519531 728.692504882812 693.615844726562 20 20 20 20 20 10 10 10 10 10 10 11.1703195571899 13.1298751831055 15.0894298553467 21.2547168731689 28.8933124542236 36.5319061279297 28.9348678588867 19.3367195129395 10 10 10 10 10 10 10 10 10 10 10 10 10 10 10 10 10 10
20 20 20 20 20 20 20 20 20 20 20 20 20 20 20 20 20 20 20 608.897338867188 630.361145019531 693.142456054688 755.923706054688 799.47900390625 799.683349609375 799.8876953125 800 800 800 800 800 800 800 800 800 791.118225097656 781.031860351562 769.204406738281 686.281860351562 603.359375 20 20 20 11.5149297714233 10.9199285507202 10.3249282836914 10.0074081420898 10.0237274169922 10.0400466918945 10.6298265457153 11.606333732605 12.5828418731689 15.1305341720581 18.2286262512207 21.3267211914062 18.4191551208496 14.7227802276611 11.1163396835327 10.721794128418 10.3272476196289 10 10 10 10 10 10 10 10 10 10 10 10 10 10 10
20 20 20 20 20 20 20 20 20 20 20 20 20 20 20 20 20 20 20 20 20 650.180847167969 704.61328125 748.525329589844 768.716003417969 788.906677246094 800 800 800 800 800 800 800 800 800 793.947021484375 787.073120117188 778.935424804688 719.194519042969 659.45361328125 20 20 20 20 20 42.1030578613281 10.7318782806396 12.3442840576172 13.9566888809204 23.4286632537842 38.2009391784668 20 20 20 20 20 20 20 20 42.3323173522949 10 10 10 10 10 10 10 10 10 10 10 10 10 10 10
20 20 20 20 20 20 20 20 20 20 20 20 20 20 20 20 20 20 20 20 20 607.219299316406 653.302795410156 697.571594238281 737.748596191406 777.925598144531 800 800 800 800 800 800 800 800 800 796.775817871094 793.114318847656 788.66650390625 752.107177734375 715.5478515625 665.143249511719 20 20 20 20 20 11.4563484191895 14.6648397445679 17.8733310699463 36.2275009155273 20 20 20 20 20 20 20 20 20 20 10 10 10 10 10 10 10 10 10 10 10 10 10 10 10
20 20 20 20 20 20 20 20 20 20 20 20 20 20 20 20 20 20 20 20 20 20 601.992370605469 646.617919921875 706.781188964844 766.944519042969 800 800 800 800 800 800 800 800 800 799.604614257812 799.155578613281 798.397521972656 785.019775390625 771.64208984375 745.859985351562 658.310180664062 20 20 20 20 12.1808185577393 16.9853954315186 21.7899742126465 49.0263366699219 20 20 20 20 20 20 20 20 20 20 10 10 10 10 10 10 10 10 10 10 10 10 10 10 10
20 20 20 20 20 20 20 20 20 20 20 20 20 20 20 20 20 20 20 20 20 20 20 608.788879394531 664.506103515625 720.223266601562 758.590393066406 775.800659179688 793.010986328125 800 800 800 800 800 800 800 800 799.823852539062 792.454772949219 785.085693359375 768.385437011719 705.220397949219 642.055419921875 20 20 20 20 20 40.571720123291 47.1999893188477 20 20 20 20 20 20 20 20 20 20 10 10 10 10 10 10 10 10 10 10 10 10 10 10 10
20 20 20 20 20 20 20 20 20 20 20 20 20 20 20 20 20 20 20 20 20 20 20 20 620.393615722656 667.694763183594 710.452270507812 747.669311523438 784.886352539062 800 800 800 800 800 800 800 800 799.900756835938 795.749938964844 791.59912109375 781.45556640625 741.470947265625 701.486328125 635.403747558594 20 20 20 20 20 42.997241973877 20 20 20 20 20 20 20 20 20 20 10 10 10 10 10 10 10 10 10 10 10 10 10 10 10
20 20 20 20 20 20 20 20 20 20 20 20 20 20 20 20 20 20 20 20 20 20 20 20 20 615.166198730469 662.314147949219 719.537902832031 776.761657714844 800 800 800 800 800 800 800 800 799.977722167969 799.045166015625 798.112548828125 794.525634765625 777.721435546875 760.917175292969 720.713928222656 628.567749023438 20 20 20 20 38.7944946289062 20 20 20 20 20 20 20 20 20 32.4632835388184 10 10 10 10 10 10 10 10 10 10 10 10 10 10 10
20 20 20 20 20 20 20 20 20 20 20 20 20 20 20 20 20 20 20 20 20 20 20 20 20 20 617.9794921875 665.61865234375 713.2578125 726.624389648438 716.556396484375 706.488403320312 728.658752441406 762.3193359375 795.979919433594 800 800 800 800 800 798.693420410156 790.880615234375 783.067810058594 757.043579101562 690.592346191406 624.141052246094 20 20 20 20 20 20 20 20 20 20 20 48.3779220581055 34.8140830993652 21.2502422332764 10 10 10 10 10 10 10 10 10 10 10 10 10 10 10
20 20 20 20 20 20 20 20 20 20 20 20 20 20 20 20 20 20 20 20 20 20 20 20 20 20 20 601.177795410156 627.158935546875 623.311218261719 20 20 628.210021972656 709.264831542969 790.319702148438 800 800 800 800 800 799.228942871094 794.618408203125 790.007873535156 773.388916015625 730.112915039062 686.8369140625 617.317199707031 20 20 20 20 20 20 20 20 20 20 32.6478157043457 24.6434383392334 16.6390628814697 10 10 10 10 10 10 10 10 10 10 10 10 10 10 10
20 20 20 20 20 20 20 20 20 20 20 20 20 20 20 20 20 20 20 20 20 20 20 20 20 20 20 20 20 20 20 20 20 656.210327148438 784.659423828125 800 800 800 800 800 799.764465332031 798.356201171875 796.947937011719 789.734313964844 769.633544921875 749.532775878906 713.992309570312 659.876281738281 605.76025390625 20 20 20 20 20 20 20 49.3733558654785 16.9177093505859 14.4727964401245 12.0278816223145 10 10 10 10 10 10 10 10 10 10 10 10 10 10 10
20 20 20 20 20 20 20 20 20 20 20 20 20 20 20 20 20 20 20 20 20 20 20 20 20 20 20 20 20 20 20 20 20 618.297058105469 751.575378417969 777.513061523438 788.892578125 800 800 800 800 800 800 797.469909667969 789.323303222656 781.1767578125 764.242736816406 736.736511230469 709.230285644531 676.479064941406 640.190673828125 603.902282714844 20 20 20 20 20 10 10 10 10 10 10 10 10 10 10 10 10 10 10 10 10 10 10
20 20 20 20 20 20 20 20 20 20 20 20 20 20 20 20 20 20 20 20 20 20 20 20 20 20 20 20 20 20 20 20 20 20 696.963623046875 737.3740234375 769.065795898438 800 800 800 800 800 800 798.446838378906 793.445922851562 788.445068359375 778.0498046875 761.164672851562 744.279541015625 722.076538085938 696.287231445312 670.497924804688 20 20 20 20 20 10 10 10 10 10 10 10 10 10 10 10 10 10 10 10 10 10 10
20 20 20 20 20 20 20 20 20 20 20 20 20 20 20 20 20 20 20 20 20 20 20 20 20 20 20 20 20 20 20 20 20 20 642.351928710938 697.234924316406 749.239013671875 800 800 800 800 800 800 799.423828125 797.568603515625 795.713317871094 791.85693359375 785.592895507812 779.328796386719 767.674011230469 752.3837890625 737.093627929688 659.845031738281 20 20 20 20 10 10 10 10 10 10 10 10 10 10 10 10 10 10 10 10 10 10
20 20 20 20 20 20 20 20 20 20 20 20 20 20 20 20 20 20 20 20 20 20 20 20 20 20 20 20 20 20 20 20 20 20 20 636.564636230469 687.5625 737.865600585938 759.7998046875 781.734008789062 800 800 800 800 800 800 800 800 800 795.27392578125 787.360656738281 779.447387695312 723.719848632812 651.242492675781 20 20 20 20 20 20 20 20 26.7608203887939 10 10 10 10 10 10 10 10 10 10 10 10
20 20 20 20 20 20 20 20 20 20 20 20 20 20 20 20 20 20 20 20 20 20 20 20 20 20 20 20 20 20 20 20 20 20 20 20 20 20 661.804321289062 737.207275390625 800 800 800 800 800 800 800 800 800 796.998901367188 791.973937988281 786.948974609375 749.179321289062 699.938903808594 650.698486328125 20 20 20 20 20 20 20 20 10 10 10 10 10 10 10 10 10 10 10 10
20 20 20 20 20 20 20 20 20 20 20 20 20 20 20 20 20 20 20 20 20 20 20 20 20 20 20 20 20 20 20 20 20 20 20 20 20 20 20 692.680541992188 800 800 800 800 800 800 800 800 800 798.723876953125 796.587219238281 794.450500488281 774.638793945312 748.635375976562 722.631896972656 663.739379882812 600.527038574219 20 20 20 20 20 20 10 10 10 10 10 10 10 10 10 10 10 10
20 20 20 20 20 20 20 20 20 34.236141204834 20 20 20 20 20 20 20 20 20 20 20 20 20 20 20 20 20 20 20 20 20 20 20 20 20 20 20 20 20 625.1103515625 762.608947753906 776.511962890625 790.414916992188 800 800 800 800 800 800 800 800 800 794.012268066406 785.927001953125 777.841796875 756.065612792969 732.4912109375 708.180969238281 657.590881347656 607.000793457031 20 20 20 20 20 20 20 20 20 20 20 20 20 20 20
20 20 20 20 20 20 20 20 20 28.5743083953857 45.3180084228516 20 20 20 20 20 20 20 20 20 20 20 20 20 20 20 20 20 20 20 20 20 20 20 20 20 20 20 20 20 618.921630859375 686.251281738281 753.580993652344 800 800 800 800 800 800 800 800 800 796.084350585938 790.796936035156 785.509582519531 771.268981933594 755.852478027344 739.881896972656 704.124877929688 668.367797851562 618.0927734375 20 20 20 20 20 20 20 20 20 20 20 20 20 20
20 20 20 20 20 20 20 20 20 22.9124794006348 33.2835845947266 43.6546897888184 20 20 20 20 20 20 20 20 20 20 20 20 20 20 20 20 20 20 20 20 20 20 20 20 20 20 20 20 20 20 716.7470703125 800 800 800 800 800 800 800 800 800 798.156372070312 795.666870117188 793.177368164062 786.472412109375 779.213745117188 771.582824707031 750.658874511719 729.73486328125 700.792602539062 632.85986328125 20 20 20 20 20 20 20 20 20 20 20 20 20
20 20 20 20 20 20 20 20 20 18.2901916503906 23.9967155456543 29.703239440918 20 20 20 20 20 20 20 20 20 20 20 20 20 20 20 20 20 20 20 20 20 20 20 20 20 20 20 20 20 20 664.378112792969 777.812194824219 779.836181640625 781.860107421875 785.672058105469 791.635192871094 797.598266601562 800 800 800 800 800 800 800 800 799.796936035156 792.341369628906 784.885803222656 775.273376464844 755.1728515625 735.072265625 722.145874023438 724.89990234375 727.653930664062 730.407836914062 733.161560058594 735.915344238281 738.6689453125 741.422424316406 744.175964355469 746.929260253906 749.682556152344 752.435791015625
