NetLogoInput/pp1_resistance.asc
NCOLS 144 
NROWS 154 
XLLCORNER -888485.5599279 
YLLCORNER -125866.530794814 
CELLSIZE 30 
NODATA_value -9999 
[rows 50 to 74 of 154, columns 0 to 56 of 144]
-9999 500 500 500 500 500 500 500 500 500 500 500 500 500 500 500 500 500.082137557202 504.075023959703 508.067910362204 516.011585967148 544.108715253126 572.205844539103 608.788897268099 664.506091140813 720.223285013527 758.590387264498 775.80068062044 793.010973976382 800 800 800 800 800 800 800 800 799.823847210798 792.454765301704 785.08568339261 768.385423595966 705.220422044963 642.055420493961 550.093542661987 394.2061722756 238.318801889214 132.358233654577 86.4649776388245 40.5717216230723 47.199988430996 89.2474772061433 131.294965981291 216.174242314764 316.057899582549 415.941556850334 380.66869358099 327.643806774904
-9999 500 500 500 500 500 500 500 500 500 500 500 500 500 500 500 500 500.046266105689 502.295362750323 504.544459394957 509.416213371075 527.666459679454 545.916705987833 573.092476950924 620.3936060641 667.694735177277 710.45226232758 747.669293178535 784.886324029491 800 800 800 800 800 800 800 800 799.900777380772 795.749951205152 791.599125029532 781.455540135803 741.470922353334 701.486304570865 635.4037349475 511.386950174796 387.370165402092 271.945166146693 166.857008846783 61.7688515468738 42.9972409745324 82.43538449199 121.873528009448 207.334037583063 308.916617963659 410.499198344255 347.853442089844 263.637248199435
-9999 500 500 500 500 500 500 500 500 500 500 500 500 500 500 500 500 500.010394654176 500.515701540943 501.02100842771 502.820840775001 511.224204105783 519.627567436564 537.396056633748 576.281120987388 615.166185341027 662.314137390661 719.53790573663 776.761674082599 800 800 800 800 800 800 800 800 799.977707550745 799.045137108599 798.112566666454 794.525656675641 777.721422661706 760.91718864777 720.713927233012 628.567728073991 536.42152891497 411.532098638809 247.249040054742 82.9659814706754 38.7944935180687 75.6232917778367 112.452090037605 198.493832851361 301.775336344768 405.056839838175 315.038190598698 199.630689623966
-9999 500 500 500 500 500 500 500 500 500 500 500 500 500 500 500 500 500 500 500 500.704565143197 505.003202318865 509.301839494532 521.339331168523 550.826465801926 580.31360043533 617.979503427684 665.618647077175 713.257790726666 726.624414678369 716.556417044029 706.488419409689 728.658778878311 762.319363971272 795.979949064233 800 800 800 800 800 798.693404588422 790.880597516533 783.067790444644 757.04358224823 690.592323019182 624.141063790134 520.642019872107 372.570506778764 224.498993685421 175.86927928439 194.300665768179 212.732052251968 248.233828634232 289.715524308569 331.197219982905 247.127866945498 146.568113275283
-9999 500 500 500 500 500 500 500 500 500 500 500 500 500 500 500 500 500 500 500 500.415782321636 502.952520566539 505.489258811441 513.295694373545 532.984293724784 552.672893076023 575.196711825825 601.177814623377 627.15891742093 623.31124245196 599.067456385918 574.823670319877 628.210001096437 709.264849686001 790.319698275564 800 800 800 800 800 799.228943868553 794.618402041137 790.007860213721 773.388945693648 730.112933658376 686.836921623103 617.317175928959 516.223396338445 415.129616747931 370.585968825793 364.178337495602 357.77070616541 321.874824131341 275.648928528613 229.423032925886 164.898587359265 97.9707335933474
-9999 500 500 500 500 500 500 500 500 500 500 500 500 500 500 500 500 500 500 500 500.126999500076 500.901838814213 501.676678128349 505.252057578567 515.142121647641 525.032185716716 532.413920223965 536.73698216958 541.060044115194 519.99807022555 481.578495727808 443.158921230066 527.761223314564 656.210335400729 784.659447486895 800 800 800 800 800 799.764483148684 798.356206565741 796.947929982797 789.734309139066 769.633544297569 749.532779456072 713.992331985811 659.876285898126 605.76023981044 565.302658367197 534.056009223025 502.809360078852 395.51581962845 261.582332748658 127.648845868866 82.6693077730316 49.3733539114118
-9999 500 500 498.469608050413 493.433838832349 488.398069614285 478.334039188761 462.055340564079 445.776641939396 441.964743331376 446.79578526757 451.626827203765 465.009603911426 481.493029817971 497.976455724516 500 500 500 500 500 500 500 500 501.409714275393 505.998065749061 510.586417222728 510.583714271517 504.982651195674 499.381588119832 474.165952314362 435.538402428924 396.910852543486 485.018765505852 618.297065348525 751.575365191198 777.513089079095 788.892553641291 800 800 800 800 800 800 797.469907533015 789.323323694461 781.176739855906 764.24273679145 736.736523381213 709.230309970977 676.47905575594 640.190675149577 603.902294543213 478.654902318968 322.244325601503 165.833748884038 105.075972929043 56.8816364865671
-9999 500 500 495.737862273154 481.713257678367 467.688653083581 439.660353684637 394.32421899643 348.988084308224 338.37195628132 351.826395911502 365.280835541683 402.551834981451 448.458134634244 494.364434287037 500 500 500 500 500 500 500 500 500.865375786552 503.682009153192 506.498642519831 505.201235305837 498.887141595397 492.573047884957 473.456317332383 445.585490134901 417.714662937419 487.575623600729 592.269633901278 696.963644201827 737.374009695954 769.06578985393 800 800 800 800 800 800 798.446862036596 793.445950490153 788.445038943711 778.049828738943 761.16469713431 744.279565529677 722.076534117072 696.287241995112 670.497949873152 569.249959544928 441.568072402284 313.88618525964 209.621591287302 108.432722687843
-9999 500 500 493.006116495894 469.992676524385 446.979236552876 400.986668180513 326.593097428782 252.199526677052 234.779169231265 256.857006555433 278.934843879601 340.094066051476 415.423239450518 490.752412849559 500 500 500 500 500 500 500 500 500.32103729771 501.365952557323 502.410867816935 499.818756340157 492.791631995119 485.764507650082 472.746682350404 455.632577840878 438.518473331353 490.132481695607 566.242202454032 642.351923212457 697.234930312813 749.23902606657 800 800 800 800 800 800 799.423816540177 797.568577285846 795.713338031515 791.856920686436 785.592870887407 779.328821088377 767.674012478203 752.383808840647 737.093605203091 659.845016770889 560.891819203066 461.938621635242 314.16720964556 159.983808889118
-9999 500 500 490.784580523979 460.461155376965 430.13773022995 370.553994527675 274.806043403282 179.05809227889 155.714450143197 182.567020098658 209.419590054119 277.357072976975 360.19093726372 443.024801550465 456.603850591884 460.491244575878 464.555757804055 477.053305849219 489.550853894384 500 500 500 500 500 500 497.08131683463 490.603573388708 484.125829942786 475.931864705275 466.564393446082 457.196922186888 490.071787965625 538.002445263608 585.933102561591 636.56464720881 687.562504576917 737.865615455267 759.799818411486 781.734021367704 800 800 800 800 800 800 800 800 800 795.273905975303 787.360650491853 779.447395008402 723.719840645715 651.242484432846 578.765128219977 424.829082930592 260.193912212322
-9999 500 500 489.296566735009 454.076818109184 418.857069483358 351.969319363937 245.941573589331 139.913827814724 111.913424081953 138.007549594009 164.101675106066 214.218642882098 273.045703827676 331.872764773253 350.817606144663 364.181251267581 378.153776975648 421.116439795475 464.079102615301 500 500 500 500 500 500 498.146617100992 494.033207646593 489.919798192193 484.716576675568 478.768171160119 472.819765644671 486.247873089295 506.582055338324 526.916237587354 546.376912236779 565.719115841636 586.40141225577 661.804344288848 737.207276321926 800 800 800 800 800 800 800 800 800 796.998899384351 791.973930397474 786.948961410597 749.179323044816 699.938916799919 650.698510555022 544.284218552704 430.360468911056
-9999 500 500 487.80855294604 447.692480841403 407.576408736766 333.384644200199 217.077103775379 100.769563350559 68.1123980207077 93.4480790893606 118.783760158013 151.08021278722 185.900470391631 220.720727996041 245.031361697443 267.871257959283 291.751796147242 365.17957374173 438.607351336218 500 500 500 500 500 500 499.211917367355 497.462841904478 495.7137664416 493.501288645861 490.971948874157 488.442609102453 482.423958212965 475.161665413041 467.899372613117 456.189177264749 443.875727106356 434.937209056273 563.80887016621 692.680531276148 800 800 800 800 800 800 800 800 800 798.7238927934 796.587210303096 794.450527812792 774.638805443916 748.635349166992 722.631892890068 663.739354174816 600.52702560979
-9999 500 500 486.663371407941 442.779068595996 398.894765784051 319.206920566604 195.267767148513 71.3286137304229 34.2361395339368 57.3524345462049 80.4687295584729 99.6171436573877 117.326901494849 135.036659332311 168.872899448266 204.965911212217 242.186446375057 333.090837991331 423.995229607606 500 500 500 500 500 500 500 500 500 498.626197942272 496.313027211306 493.999856480341 468.675126649044 435.148737992945 401.622349336847 366.476636364839 331.111299610178 300.471480230162 462.790919028945 625.110357827728 762.608975111641 776.511935371576 790.41489563151 800 800 800 800 800 800 800 800 800 794.012291548854 785.927032104717 777.841772660581 756.065594307011 732.491193316797
-9999 500 500 486.492803710958 442.047246275124 397.601688839291 317.557411380416 193.514975486637 69.4725395928578 28.574309016984 45.3180091850289 62.0617093530737 81.3451420762922 101.549419507985 121.753696939678 176.94118814912 237.024299100424 297.341380054104 368.79828483257 440.255189611036 500 500 500 500 500 500 500 500 500 493.346910047045 482.144617210842 470.942324374638 426.711443212048 370.708686370076 314.705929528104 278.114991475231 244.156816377107 214.329525961574 353.180579265977 492.031632570381 618.921619300269 686.251293689202 753.580968078134 800 800 800 800 800 800 800 800 800 796.084324216448 790.796950112071 785.509576007694 771.268993832877 755.852459807833
-9999 500 500 486.322236013974 441.315423954253 396.308611894531 315.907902194228 191.76218382476 67.6164654552926 22.9124785000313 33.2835838238529 43.6546891476745 63.0731404951968 85.7719375211209 108.470734547045 185.009476849973 269.082686988631 352.496313733151 404.505731673809 456.515149614466 500 500 500 500 500 500 500 500 500 488.067622151819 467.976207210377 447.884792268934 384.747759775051 306.268634747207 227.789509719362 189.753346585623 157.202333144036 128.187571692985 243.570239503009 358.952907313034 475.234263488897 595.990652006828 716.747040524758 800 800 800 800 800 800 800 800 800 798.156356884041 795.666868119425 793.177379354808 786.472393358743 779.213726298868
-9999 488.343188282749 488.33450795436 474.808577968618 430.321259500664 385.83394103271 307.02295991765 185.789724681201 64.5564894447529 18.2901912040385 23.9967150483916 29.7032388927447 50.6414673061563 77.1023380642857 103.563208822415 195.315093797561 296.203931718133 395.773372160226 432.523411329128 469.27345049803 500 500 500 500 500 500 500 500 500 483.784173986773 456.480404931249 429.176635875725 351.362287830222 255.545224970274 159.728162110327 120.467464336379 88.8773256414878 60.1487693417682 148.268543587314 236.388317832861 337.13484475569 500.7564780602 664.37811136471 777.812197599466 779.836156040197 781.860114480927 785.672069658447 791.635177195148 797.598284731849 800 800 800 800 800 800 800 800
-9999 382.58837373327 382.500942324289 371.729389517745 336.485755365782 301.242121213818 239.73098320091 145.754582509589 51.7781818182672 22.0594730028233 36.8891173854314 51.7187617680394 85.3550385378881 125.810138763274 166.265238988661 223.681234051561 283.470770097109 343.16792289895 398.466507299705 453.765091700461 500 500 500 500 500 500 500 500 500 487.539504522446 466.55885940705 445.578214291654 387.223243542009 315.547512285757 243.871781029506 205.168041721168 170.936188323569 138.245160876552 168.471399166899 198.697637457246 244.143276416024 365.374151733681 486.605027051338 576.516424360169 596.90246625452 617.288508148872 655.683900259921 715.746477443982 775.809054628044 800 800 800 800 800 800 800 800
-9999 276.833559183792 276.667376694218 268.650201066871 242.650251230899 216.650301394927 172.43900648417 105.719440337976 38.9998741917815 25.8287548016081 49.7815197224711 73.7342846433342 120.06860976962 174.517939462263 228.967269154906 252.047374305561 270.737608476084 290.562473637674 364.409603270283 438.256732902892 500 500 500 500 500 500 500 500 500 491.29483505812 476.637313882851 461.979792707583 423.084199253796 375.549799601241 328.015399948685 289.868619105957 252.99505100565 216.341552411335 188.674254746483 161.006957081631 151.151708076358 229.991825407162 308.831942737967 375.220651120872 413.968776468844 452.716901816816 525.695730861394 639.857777692816 754.019824524239 800 800 800 800 800 800 800 800
-9999 171.078744634313 170.833811064148 165.571012615998 148.814747096016 132.058481576035 105.147029767431 65.6842981663634 26.2215665652958 29.5980366003929 62.6739220595109 95.7498075186289 154.782181001352 223.225740161252 291.669299321152 280.413514559561 258.00444685506 237.957024376398 330.35269924086 422.748374105323 500 500 500 500 500 500 500 500 500 495.050165593793 486.715768358652 478.381371123512 458.945154965583 435.552086916724 412.159018867864 374.569196490746 335.05391368773 294.437943946119 208.877110326067 123.316276706016 58.1601397366913 94.6094990806436 131.058858424596 173.924877881576 231.035086683168 288.14529548476 395.707561462867 563.96907794165 732.230594420433 800 800 800 800 800 800 800 800
-9999 118.672066770116 118.723873973377 115.29761367595 103.904806796496 92.5119999170427 74.2824011719871 47.6028848036427 20.9233684352984 32.5564676001023 70.7508060327078 108.945144465313 178.629510188972 259.731387154752 340.833264120531 330.894705802458 308.215769910303 287.544360273743 362.455668865602 437.366977457461 500 500 500 500 500 500 500 500 500 496.662876089737 491.043917149183 485.42495820863 472.451606251886 456.857040229668 441.26247420745 405.274782066015 366.521235392271 326.4601353141 233.007096333946 139.554057353792 64.3158212885623 79.7784724797739 95.2411236709855 123.294693145816 179.298539072142 235.302384998468 341.81431110788 509.092889419704 676.371467731528 755.506107785474 775.198645890052 794.891183994629 800 800 800 800 800
-9999 68.4752134962093 68.839315364449 67.2115738344801 61.0214961184578 54.8314184024354 44.9266921872211 30.430854463176 15.9350167391309 35.4813109593393 78.6282181675873 121.775125375835 202.026730143822 295.731587829255 389.436445514687 382.291962470079 361.034424330864 341.364798648989 397.299159992604 453.233521336218 500 500 500 500 500 500 500 500 500 498.18683344929 495.133872673847 492.080911898405 485.032073302327 476.55904495676 468.086016611194 433.743748556401 395.892918181202 356.573808281387 257.299754741067 158.025701200747 74.5784509830197 69.9410078489664 65.3035647149132 78.9054859412853 132.996533114628 187.087580287971 291.073118795532 455.087096133717 619.101073471901 709.169157814059 749.369952390388 789.570746966718 800 800 800 800 800
-9999 18.278360222303 18.9547567555209 19.1255339930106 18.1381854404194 17.1508368878281 15.570983202455 13.2588241227092 10.9466650429635 38.4061543185763 86.5056303024669 134.605106286357 225.423950098672 331.731788503758 438.039626908844 433.6892191377 413.853078751425 395.185237024236 432.142651119606 469.100065214976 500 500 500 500 500 500 500 500 500 499.710790808843 499.223828198511 498.736865588179 497.612540352767 496.261049683853 494.909559014938 462.212715046787 425.264600970134 386.687481248674 281.592413148188 176.497345047702 84.8410806774771 60.103543218159 35.3660057588409 34.516278736755 86.694527157115 138.872775577475 240.331926483184 401.081302847729 561.830679212273 662.832207842643 723.541258890725 784.250309938807 800 800 800 800 800
-9999 9.07318637090907 9.61962583914824 10 10 10 10 10 10 33.7354756427001 73.9262007876269 114.116925932554 192.944052980664 285.77979135856 378.615529736457 389.805110591997 389.568967580285 390.134566105206 428.872833692152 467.611101279097 500 500 500 500 500 500 500 500 500 500 500 500 500 500 500 474.383136527513 445.291939717178 414.898479548572 331.32909140359 247.759703258608 174.424536963788 152.050833525555 129.677130087322 126.984808798284 167.982714038096 208.980619277909 288.212468350318 413.443863609793 538.675258869269 619.359301177838 670.001705365642 720.644109553445 738.505588547321 744.883598906621 751.261609265922 766.853496365195 783.655572629613
-9999 9.46929863873845 9.78219452259162 10 10 10 10 10 10 27.2857339640055 56.5552625436584 85.8247911233114 147.376324476094 220.632520673679 293.888716871265 323.603701020054 347.225442316859 371.29479524069 416.675917264684 462.057039288679 500 500 500 500 500 500 500 500 500 500 500 500 500 500 500 482.736027324711 463.130597199961 442.663823410038 387.025401419099 331.386979428159 282.586933221596 267.838682905045 253.090432588494 251.50887577932 279.155744982737 306.802614186153 359.192709980208 441.351568299953 523.510426619697 576.557225755665 609.971568886601 643.385912017537 662.607633560728 676.857545312673 691.107457064618 725.94324482513 763.482867768557
-9999 9.86541090656784 9.94476320603499 10 10 10 10 10 10 20.8359922853108 39.18432429969 57.5326563140692 101.808595971524 155.485249988798 209.161904006073 257.402291448111 304.881917053433 352.455024376173 404.479000837217 456.502977298261 500 500 500 500 500 500 500 500 500 500 500 500 500 500 500 491.088918121908 480.969254682745 470.429167271505 442.721711434608 415.014255597711 390.749329479403 383.626532284534 376.503735089666 376.032942760356 390.328775927377 404.624609094397 430.172951610098 469.259272990112 508.345594370126 533.755150333493 549.941432407561 566.127714481629 586.709678574135 608.831491718724 630.953304863314 685.032993285066 743.310162907501
