NetLogoInput/pp1_resistance.asc
NCOLS 144 
NROWS 154 
XLLCORNER -888485.5599279 
YLLCORNER -125866.530794814 
CELLSIZE 30 
NODATA_value -9999 
[rows 62 to 92 of 154, columns 68 to 135 of 144]
69.776676 70.012403 70.248122 70.48384 70.719543 70.95524 71.190937 66.806113 61.834049 56.51086 40.053222 23.595584 10 10 10 10 10 10 10 10 10 10 10 10 10.174261 10.407468 10.640675 10.778327 10.904238 11.013704 10.654586 10.295469 10 10 10 10 10 10 10 10 10 10 10 10 10 10 10 10 10 10 10 10 10 10 10 10 10 10 10 10 10 10 10 10 10 10 10 10
299.488284 300.629871 301.771417 302.912962 304.05443 305.195871 306.337311 285.102352 261.023491 235.244191 155.542647 75.841103 10 10 10 10 10 10 10 10 10 10 10 10 10.843917 11.973299 13.102681 13.769307 14.379071 14.909197 13.170051 11.430904 10 10 10 10 10 10 10 10 10 10 10 10 10 10 10 10 10 10 10 10 10 10 10 10 10 10 10 10 10 10 10 10 10 10 10 10
529.199893 531.24734 533.294712 535.342084 537.389317 539.436501 541.483686 503.398591 460.212934 413.977522 271.032072 128.086621 10 10 10 10 10 10 10 10 10 10 10 10 11.513572 13.53913 15.564687 16.760286 17.853904 18.80469 15.685515 12.56634 10 10 10 10 10 10 10 10 10 10 10 10 10 10 10 10 10 10 10 10 10 10 10 10 10 10 10 10 10 10 10 10 10 10 10 10
735.915332 738.668943 741.422452 744.175962 746.929284 749.682541 752.435799 701.105168 642.900813 580.590457 388.075643 195.560828 36.542525 36.642329 36.742134 36.841935 36.94173 37.041526 37.141317 37.241103 37.340889 37.436073 37.528239 37.620404 39.679303 42.403473 45.127644 44.662571 43.805619 42.596731 31.359492 20.122253 10.894353 10.994094 11.093834 11.193572 11.293303 11.393034 11.492761 11.592483 11.692205 11.791922 11.891635 11.991348 11.945816 11.852017 11.758218 11.201201 10.589206 10 10 10 10 10 10 10 10 10 10 10 10 10 10 10 10 10 10 10
756.997375 758.845125 760.692808 762.540491 764.388048 766.235561 768.083075 732.604545 692.382109 649.363165 517.66484 385.966514 277.345915 278.351181 279.356448 280.361685 281.36686 282.372034 283.377166 284.382248 285.387331 286.346058 287.274382 288.202705 289.803298 291.631293 293.459289 273.657931 251.198864 227.000909 153.253747 79.506585 19.008252 20.012873 21.017495 22.022087 23.026616 24.031145 25.035631 26.040068 27.044505 28.048887 29.053231 30.057576 29.598965 28.654186 27.709407 22.098932 15.934695 10 10 10 10 10 10 10 10 10 10 10 10 10 10 10 10 10 10 10
778.079417 779.021308 779.963164 780.90502 781.846812 782.788582 783.730351 764.103922 741.863404 718.135873 647.254037 576.372201 518.149305 520.060034 521.970762 523.881436 525.791989 527.702543 529.613015 531.523394 533.433772 535.256043 537.020525 538.785007 539.927293 540.859113 541.790934 502.653291 458.592108 411.405087 275.148002 138.890916 27.12215 29.031653 30.941155 32.850601 34.759928 36.669256 38.578502 40.487654 42.396805 44.305851 46.214828 48.123805 47.252114 45.456355 43.660596 32.996663 21.280185 10 10 10 10 10 10 10 10 10 10 10 10 10 10 10 10 10 10 10
799.161459 799.19749 799.233519 799.269549 799.305576 799.341602 799.377628 795.603299 791.344699 786.90858 776.843234 766.777887 758.952695 761.768886 764.585077 767.401186 770.217118 773.033051 775.848865 778.664539 781.480213 784.166028 786.766668 789.367308 790.051288 790.086933 790.122579 731.648652 665.985353 595.809265 397.042256 198.275248 35.236049 38.050432 40.864816 43.679116 46.493241 49.307366 52.121372 54.935239 57.749106 60.562816 63.376424 66.190033 64.905263 62.258524 59.611785 43.894394 26.625674 10 10 10 10 10 10 10 10 10 10 10 10 10 10 10 10 10 10 10
800 800 800 800 800 800 800 797.814529 795.351297 792.80087 787.485372 782.169875 778.123576 780.106334 782.089093 784.071793 786.05437 788.036947 790.01944 792.001834 793.984229 795.875195 797.706194 799.537192 800 800 800 758.816218 712.571973 663.152238 523.247611 383.342984 268.585916 270.567402 272.548888 274.530315 276.51162 278.492924 280.474143 282.455266 284.436388 286.4174 288.39834 290.379281 274.860851 253.527048 232.193245 168.22546 99.197534 32.772382 33.640761 34.509141 34.940825 33.390793 31.840761 28.435192 21.156502 13.877812 10 10 10 10 10 10 10 10 10 10
800 800 800 800 800 800 800 798.812563 797.474211 796.088481 793.200401 790.312321 788.113836 789.191133 790.268429 791.345694 792.422892 793.500089 794.577241 795.65434 796.731439 797.758861 798.753701 799.748542 800 800 800 777.623529 752.497546 725.646218 649.631542 573.616867 511.265668 512.342273 513.418878 514.495451 515.571958 516.648464 517.724924 518.801331 519.877739 520.954086 522.030394 523.106703 492.782128 452.022442 411.262755 297.255242 174.554093 56.488057 58.260787 60.033517 60.914768 57.750497 54.586226 47.63402 32.775137 17.916254 10 10 10 10 10 10 10 10 10 10
800 800 800 800 800 800 800 799.810598 799.597124 799.376093 798.91543 798.454766 798.104097 798.275931 798.447765 798.619595 798.791413 798.963231 799.135043 799.306845 799.478648 799.642527 799.801209 799.959891 800 800 800 796.43084 792.42312 788.140197 776.015474 763.890751 753.945421 754.117145 754.288869 754.460587 754.632296 754.804004 754.975705 755.147397 755.319089 755.490772 755.662449 755.834125 710.703405 650.517835 590.332266 426.285024 249.910652 80.203732 82.880812 85.557893 86.88871 82.1102 77.33169 66.832847 44.393771 21.954695 10 10 10 10 10 10 10 10 10 10
800 800 800 800 800 800 800 800 800 800 800 800 800 800 800 800 800 800 800 800 800 800 800 800 800 800 800 800 800 800 800 800 800 800 800 800 800 800 800 800 800 800 800 800 764.390436 716.947136 669.503836 540.59817 402.0239 268.688603 270.804579 272.920555 271.004851 250.793426 230.582 196.363733 132.908541 69.453349 35.989063 36.721562 37.45406 36.538004 34.570481 32.602958 26.281387 18.538531 10.795674 11.700994
800 800 800 800 800 800 800 800 800 800 800 800 800 800 800 800 800 800 800 800 800 800 800 800 800 800 800 800 800 800 800 800 800 800 800 800 800 800 800 800 800 800 800 800 779.609661 752.443224 725.276787 651.464307 572.115503 495.766578 496.978204 498.18983 492.161887 453.280863 414.399839 351.737172 239.434327 127.131482 68.06542 69.701987 71.338555 69.291879 64.89599 60.5001 46.376285 29.077 11.777715 13.800404
800 800 800 800 800 800 800 800 800 800 800 800 800 800 800 800 800 800 800 800 800 800 800 800 800 800 800 800 800 800 800 800 800 800 800 800 800 800 800 800 800 800 800 800 794.828886 787.939312 781.049739 762.330445 742.207105 722.844554 723.151829 723.459105 713.318924 655.768301 598.217679 507.11061 345.960113 184.809616 100.141777 102.682413 105.223049 102.045754 95.221498 88.397242 66.471184 39.61547 12.759757 15.899814
756.679662 767.576606 781.948068 796.31953 800 800 800 800 800 800 800 800 800 800 800 800 800 800 800 800 800 800 800 800 800 800 800 800 800 800 800 800 800 800 800 800 800 800 800 800 800 800 800 800 800 800 800 800 800 800 800 800 790.88077 740.378576 689.876382 610.225894 469.733247 329.2406 255.443124 257.694052 259.944979 248.971109 229.562313 210.153518 160.719034 101.483318 42.247601 46.778776
691.065143 718.466984 754.605973 790.744961 800 800 800 800 800 800 800 800 800 800 800 800 800 800 800 800 800 800 800 800 800 800 800 800 800 800 800 800 800 800 800 800 800 800 800 800 800 800 800 800 800 800 800 800 800 800 800 800 794.543442 764.325086 734.106729 686.447278 602.382477 518.317676 474.160418 475.507277 476.854135 454.653152 417.433091 380.213029 293.128622 189.767081 86.405541 92.468716
625.450623 669.357363 727.263877 785.170391 800 800 800 800 800 800 800 800 800 800 800 800 800 800 800 800 800 800 800 800 800 800 800 800 800 800 800 800 800 800 800 800 800 800 800 800 800 800 800 800 800 800 800 800 800 800 800 800 798.206114 788.271595 778.337076 762.668662 735.031707 707.394752 692.877711 693.320502 693.763292 660.335196 605.303868 550.27254 425.538209 278.050845 130.563481 138.158655
559.768902 594.484708 642.192918 689.901127 715.681943 733.914058 752.146174 754.046408 753.870962 753.695517 753.520087 753.344657 753.16923 752.993816 752.818403 754.22166 759.022552 763.823444 771.828276 783.585621 795.342966 799.955281 799.88123 799.80718 799.657435 799.482085 799.306736 799.131401 798.956068 798.780735 798.605418 798.430101 798.254786 798.079485 797.904184 797.817518 797.918708 798.019897 798.386891 799.061053 799.735215 800 800 800 800 800 800 800 800 800 800 800 800 800 800 800 800 800 800 800 800 767.378366 713.950287 660.522208 540.538708 398.829634 257.12056 254.745612
494.022672 494.881601 501.706862 508.532123 550.425289 604.390893 658.356497 663.981038 663.461733 662.942428 662.42317 661.903912 661.384662 660.865452 660.346241 664.499772 678.710028 692.920284 716.613948 751.41475 786.215552 799.867634 799.648451 799.429267 798.986035 798.467014 797.947994 797.429016 796.910044 796.391073 795.872148 795.353223 794.834307 794.315429 793.796552 793.540027 793.839541 794.139054 795.225327 797.220792 799.216257 800 800 800 800 800 800 800 800 800 800 800 800 800 800 800 800 800 800 800 800 779.736098 746.547652 713.359206 638.827873 550.801051 462.77423 439.388043
428.276442 395.278494 361.220807 327.163119 385.168634 474.867727 564.566821 573.915669 573.052504 572.18934 571.326254 570.463167 569.600094 568.737087 567.87408 574.777883 598.397504 622.017124 661.39962 719.243879 777.088138 799.779988 799.415671 799.051355 798.314634 797.451943 796.589252 795.726632 794.86402 794.001411 793.138878 792.276346 791.413827 790.551373 789.68892 789.262536 789.760373 790.258211 792.063762 795.38053 798.697298 800 800 800 800 800 800 800 800 800 800 800 800 800 800 800 800 800 800 800 800 792.09383 779.145017 766.196204 737.117038 702.772468 668.427899 624.030474
350.438191 296.390667 242.425745 188.460823 253.717521 360.017325 466.317129 488.937472 500.922678 512.512161 511.552957 510.593754 509.634565 508.675449 507.716333 515.407092 541.714208 568.021323 611.822134 676.111876 740.401618 765.542236 765.005277 764.468319 763.669439 762.781961 761.894484 760.943598 759.984922 759.026249 758.067661 757.109072 756.1505 755.191999 754.233499 754.859131 758.842229 762.825326 770.277084 781.737284 793.197484 797.623488 797.499762 797.376036 797.48942 797.681599 797.873779 798.553122 799.290286 800 800 800 800 800 800 800 800 800 800 800 800 800 800 800 800 800 800 748.77451
251.123985 198.77321 162.154836 125.536463 182.306526 271.226391 360.146257 412.994316 461.257873 508.027154 507.411779 506.796403 506.181038 505.565718 504.950399 509.941176 526.997453 544.053729 572.255926 613.512423 654.768921 670.652406 669.893948 669.135489 668.685301 668.339388 667.993475 667.407888 666.792851 666.177816 665.562835 664.947855 664.332884 663.71796 663.103036 666.950788 680.256888 693.562988 715.41139 747.131421 778.851453 791.026189 790.558993 790.091798 790.519939 791.245617 791.971295 794.536526 797.32009 800 800 800 800 800 800 800 800 800 800 800 800 800 800 800 800 800 800 767.13638
151.809778 101.155753 81.883927 62.612102 110.895531 182.435458 253.975384 337.051159 421.593068 503.542147 503.2706 502.999053 502.72751 502.455988 502.184466 504.475259 512.280698 520.086136 532.689717 550.912971 569.136224 575.762575 574.782618 573.80266 573.701162 573.896814 574.092466 573.872177 573.600779 573.329383 573.05801 572.786637 572.515268 572.24392 571.972573 579.042444 601.671547 624.300649 660.545695 712.525558 764.505421 784.428889 783.618224 782.807559 783.550458 784.809635 786.068812 790.51993 795.349893 800 800 800 800 800 800 800 800 800 800 800 800 800 800 800 800 800 800 785.498251
69.368954 23.077024 17.879102 12.681179 51.646299 105.814939 159.983579 260.103199 366.062901 468.779703 468.661652 468.543601 468.425552 468.307512 468.189472 468.219277 468.567278 468.915279 469.062472 468.974477 468.886482 470.366359 472.87459 475.382821 482.192589 490.457405 498.722222 499.74303 499.873731 500 500 500 500 500 500 508.97296 536.963518 564.954076 609.391492 672.835174 736.278856 760.584005 759.574283 758.56456 761.130767 764.885324 768.639881 778.726741 789.565169 800 800 800 800 800 800 800 800 800 800 800 800 800 800 800 800 800 800 800
50.318237 18.401607 14.982875 11.564143 38.086511 74.916369 111.746226 179.380381 250.929569 320.270653 319.591057 318.91146 318.231874 317.552339 316.872805 316.290842 315.918874 315.546906 315.042463 314.382864 313.723264 325.499635 345.432652 365.365669 403.741058 448.354806 492.968554 498.520675 499.273092 500 500 500 500 500 500 505.9207 524.389931 542.859163 572.180655 614.043203 655.905751 671.94321 671.276956 670.610703 680.667561 694.287912 707.908264 737.718361 769.449986 800 800 800 800 800 800 800 800 800 800 800 800 800 800 800 800 800 800 800
31.267521 13.726189 12.086648 10.447107 24.526723 44.017798 63.508874 98.657563 135.796238 171.761604 170.520461 169.279318 168.038195 166.797167 165.556138 164.362406 163.27047 162.178533 161.022454 159.79125 158.560046 180.632911 217.990714 255.348518 325.289527 406.252207 487.214887 497.298319 498.672454 500 500 500 500 500 500 502.868439 511.816344 520.76425 534.969818 555.251232 575.532645 583.302414 582.97963 582.656846 600.204354 623.690501 647.176647 696.709981 749.334802 800 800 800 800 800 800 800 800 800 800 800 800 800 800 800 800 800 800 800
13.299812 9.345113 9.37699 9.408867 11.735198 14.851415 17.967631 22.462762 27.133145 31.608284 29.892109 28.175935 26.463231 24.767018 23.070804 21.356089 19.601555 17.847021 16.092338 14.33748 12.582622 43.728808 96.454509 149.180211 247.667162 361.633422 475.599682 491.709053 495.794247 499.739788 499.705992 499.672196 499.647591 499.665654 499.683717 499.730105 499.836526 499.942948 500 500 500 500 500 500 524.605041 557.386807 590.168572 658.218413 730.454151 800 800 800 800 800 800 800 800 800 799.95779 799.867449 799.777109 799.670673 799.553972 799.43727 799.56464 799.771682 799.978724 800
12.231834 9.557066 9.578626 9.600186 10.931975 12.714821 14.497668 16.925104 19.434462 21.841391 21.000184 20.158977 19.378413 18.88592 18.393428 17.574374 16.052491 14.530608 13.004857 11.474575 9.944293 31.076905 67.073914 103.070924 182.983466 277.750979 372.518492 417.976625 457.375862 495.419123 494.824162 494.2292 493.796047 494.11403 494.432014 495.248647 497.122138 498.99563 500 500 500 500 500 500 524.904029 558.08414 591.264252 659.000272 730.837663 800 800 800 800 800 800 800 800 800 799.25691 797.666521 796.076132 794.202392 792.147928 790.093465 792.33574 795.980593 799.625446 800
11.163856 9.769019 9.780262 9.791505 10.128752 10.578228 11.027705 11.387445 11.735779 12.074497 12.108259 12.14202 12.293595 13.004823 13.716051 13.792658 12.503427 11.214195 9.917376 8.611671 7.305965 18.425001 37.693319 56.961637 118.299769 193.868536 269.437302 344.244198 418.957478 491.098458 489.942331 488.786205 487.944503 488.562407 489.18031 490.76719 494.407751 498.048311 500 500 500 500 500 500 525.203016 558.781474 592.359931 659.782131 731.221176 800 800 800 800 800 800 800 800 800 798.556031 795.465593 792.375154 788.734111 784.741885 780.749659 785.10684 792.189505 799.272169 800
10.095878 9.980972 9.981898 9.982824 9.325529 8.441635 7.557741 5.849786 4.037097 2.307604 3.216333 4.125062 5.208778 7.123726 9.038675 10.010943 8.954362 7.897782 6.829895 5.748766 4.667637 5.773097 8.312724 10.85235 53.616073 109.986093 166.356113 270.51177 380.539093 486.777793 485.060501 483.343209 482.092958 483.010783 483.928607 486.285733 491.693363 497.100993 500 500 500 500 500 500 525.502003 559.478807 593.455611 660.56399 731.604689 800 800 800 800 800 800 800 800 800 797.855152 793.264664 788.674177 783.265829 777.335841 771.405853 777.87794 788.398416 798.918891 800
7.596991 7.587601 7.578211 7.568821 7.239441 6.799902 6.360362 5.253442 4.061702 2.910824 3.055703 3.200582 3.572227 5.021076 6.469924 7.221282 6.471492 5.721702 4.966654 4.205448 3.444243 3.589416 4.329076 5.068735 34.529437 73.705386 112.881335 189.372045 270.44781 348.732145 347.475261 346.218377 348.139788 364.815302 381.490816 404.223297 439.793121 475.362946 495.33602 497.285223 499.234426 500 500 500 525.800981 560.176118 594.551256 661.345825 731.98819 800 800 800 800 800 800 799.570593 798.244873 796.919152 789.222073 774.260127 759.298182 745.373894 732.111436 718.848979 734.14678 758.767459 783.388137 787.18215
4.956975 4.937268 4.917562 4.897856 5.026824 5.206976 5.387128 5.144459 4.848053 4.536844 3.756237 2.97563 2.473037 3.291092 4.109147 4.529467 4.093779 3.658091 3.224159 2.792281 2.360404 2.438212 2.850318 3.262425 19.940021 42.119619 64.299218 107.50174 153.287458 197.497254 196.801536 196.105817 201.552005 235.509802 269.467599 314.50908 383.041699 451.574318 490.212032 494.302688 498.393344 500 500 500 526.099957 560.873428 595.646898 662.127657 732.371689 800 800 800 800 800 800 799.098834 796.316637 793.534441 779.806645 753.598257 727.389869 704.284026 683.157021 662.030016 686.815417 726.587926 766.360435 773.100081
