NetLogoInput/pp2_pinchpoints.asc
NCOLS 141 
NROWS 155 
XLLCORNER -814385.5599279 
YLLCORNER -11926.5307948138 
CELLSIZE 30 
NODATA_value -9999 
[rows 66 to 87 of 155, columns 0 to 48 of 141]
-9999 0.00533055357178974 0.00280422486478224 0.000277896157774746 0 0 0 0 0 0 0 0 0 0 0 0 0 0 0 0 0 0 0 0 0 0 0 0 0 0 0 0 0 0 0 0 0 0 0 0 0 0 0 0 0 0 0 0 0
-9999 0.0096260908077048 0.00539292758396426 0.00115976436022372 0.000478115146519097 0.000235417102601156 0 0 0 0 0 0 0 0 0 0 0 0 0 0 0 0 0 0 0 0 0 0 0 0 0 0 0 0 0 0 0 0 0 0 0 0 0 0 0 0 0 0 0
-9999 0.0233635221484753 0.0144995286497777 0.00563553515108011 0.0032102016980568 0.00158065768889348 0 0 0 0 0 0 0 0 0 0 0 0 0 0 0 0 0 0 0 0 0 0 0 0 0 0 0 0 0 0 0 0 0 0 0 0 0 0 0 0 0 0 0
-9999 0.0371009534892458 0.0236061297155912 0.0101113059419365 0.00594228824959449 0.0029258982751858 0 0 0 0 0 0 0 0 0 0 0 0 0 0 0 0 0 0 0 0 0 0 0 0 0 0 0 0 0 0 0 0 0 0 0 0 0 0 0 0 0 0 0
-9999 0.0507840668042822 0.0328433303251985 0.0149025938461147 0.00893598749857042 0.00444932981899272 9.62515354900548e-05 6.22403922073592e-05 2.82292489246637e-05 0 0 0 0 0 0 0 0 0 0 0 0 0 0 0 0 0 0 0 0 0 0 0 0 0 0 0 0 0 0 0 0 0 0 0 0 0 0 0 0
-9999 0.0623487771156889 0.0471739131427652 0.0319990491698415 0.0221325819476371 0.0129222087058692 0.00394631295509225 0.00255185608050173 0.00115739920591121 0 0 0 0 0 0 0 0 0 0 0 0 0 0 0 0 0 0 0 0 0 0 0 0 0 0 0 0 0 0 0 0 0 0 0 0 0 0 0 0
-9999 0.0739134874270955 0.0615044959603319 0.0490955044935683 0.0353291763967038 0.0213950875927456 0.00779637437469444 0.0050414717687961 0.00228656916289776 0 0 0 0 0 0 0 0 0 0 0 0 0 0 0 0 0 0 0 0 0 0 0 0 0 0 0 0 0 0 0 0 0 0 0 0 0 0 0 0
-9999 0.0854781977385022 0.0758350787778986 0.0661919598172951 0.0485257708457705 0.029867966479622 0.0116464357942966 0.00753108745709047 0.00341573911988431 0 0 0 0 0 0 0 0 0 0 0 0 0 0 0 0 0 0 0 0 0 0 0 0 0 0 0 0 0 0 0 0 0 0 0 0 0 0 0 0
0.0966492390640615 0.0907886020534474 0.0835986822659011 0.0764087624783548 0.0600499760374961 0.0425579588866593 0.0253506604329441 0.0173492665204727 0.00934787260800127 0.0025458269675292 0.00159942289038025 0.000653018813231306 0 0 0 0 0 0 0 0 0 0 0 0 0 0 0 0 0 0 0 0 0 0 0 0 0 0 0 0 0 0 0 0 0 0 0 0 0
0.0992579773942474 0.0952055340831838 0.0904241458496801 0.0856427576161765 0.0713352684781729 0.0558503960822911 0.0404626226743123 0.0282143832088675 0.0159661437434226 0.00545534350184829 0.00342733476510055 0.0013993260283528 0 0 0 0 0 0 0 0 0 0 0 0 0 0 0 0 0 0 0 0 0 0 0 0 0 0 0 0 0 0 0 0 0 0 0 0 0
0.101866715724433 0.0996224661129203 0.0972496094334592 0.0948767527539981 0.0826205609188497 0.0691428332779228 0.0555745849156806 0.0390794998972622 0.0225844148788439 0.00836486003616739 0.00525524663982084 0.00214563324347429 0 0 0 0 0 0 0 0 0 0 0 0 0 0 0 0 0 0 0 0 0 0 0 0 0 0 0 0 0 0 0 0 0 0 0 0 0
0.103631692048713 0.102694952619674 0.102068310776094 0.101441668932514 0.0928184449881148 0.083206879435734 0.0732381356046791 0.0517206274285926 0.0302031192525062 0.0122056982637624 0.0113945853074326 0.0105834723511029 0.0101695140207367 0.010639545019122 0.0111095760175072 0.00987964872439232 0.00657199463055496 0.00326434053671759 0.00152166713849434 0.000866522698247183 0.000211378258000029 2.5686056625762e-05 1.36268751113241e-05 1.56769359688628e-06 0 0 0 0 0 0 0 0 0.000274390205060447 0.0012205633259636 0.00216673644686676 0.00274633338753721 0.00284000376370698 0.00293367413987675 0.00308747295866351 0.00328663183065271 0.00348579070264191 0.00357934851733467 0.00362977350580808 0.00368019849428149 0.0027714397837664 0.00169341336166509 0.00061538693956379 0.000395319749261932 0.000183918813828095
0.10507662071558 0.105257477031502 0.106125826441052 0.106994175850603 0.102603863813051 0.0975636048550616 0.0918695301876062 0.0650354142451745 0.0382012983027427 0.0163997964439792 0.0191692927585549 0.0219387890731307 0.0241964299114081 0.0253147795282558 0.0264331291451034 0.0235067504132093 0.0156368148106308 0.0077668792080522 0.00362051836400376 0.00206172641996743 0.000502934475931104 6.11151002475027e-05 3.24225649200471e-05 3.7300295925915e-06 0 0 0 0 0 0 0 0 0.000652859453419684 0.00290409894798237 0.00515533844254505 0.00653437943931266 0.00675725033433729 0.00698012122936191 0.00734605634992352 0.00781991711431161 0.00829377787869971 0.00851638095503766 0.00863635765175026 0.00875633434846287 0.00659411534758212 0.00402915592947902 0.00146419651137591 0.000940588368933563 0.000437599936349605
0.106521549382447 0.107820001443331 0.110183342106011 0.112546682768692 0.112389282637988 0.111920330274389 0.110500924770533 0.0783502010617563 0.0461994773529792 0.0205938946241961 0.0269440002096773 0.0332941057951585 0.0382233458020795 0.0399900140373896 0.0417566822726997 0.0371338521020263 0.0247016349907066 0.0122694178793868 0.00571936958951319 0.00325693014168769 0.00079449069386218 9.65441438692434e-05 5.12182547287701e-05 5.89236558829671e-06 0 0 0 0 0 0 0 0 0.00103132870177892 0.00458763457000113 0.00814394043822334 0.0103224254910881 0.0106744969049676 0.0110265683188471 0.0116046397411835 0.0123532023979705 0.0131017650547575 0.0134534133927407 0.0136429417976924 0.0138324702026442 0.0104167909113978 0.00636489849729294 0.00231300608318804 0.00148585698860519 0.000691281058871115
0.106905586871143 0.108937096446696 0.112144024432 0.115350952417305 0.118359760056794 0.121344080911968 0.123434613645696 0.096625997116242 0.0698173805867876 0.0481053880590572 0.0512769127163508 0.0544484373736445 0.0569939764021314 0.0581461925794136 0.0592984087566957 0.0546068725630152 0.0427729723603804 0.0309390721577455 0.0214032858707372 0.0134644939996831 0.00552570212862886 0.00254520671975825 0.00139860178323101 0.000251996846703772 7.1624834915785e-05 3.56324555610911e-05 0 0 0 0.000117445119711029 0.000900412584451221 0.00168338004919141 0.00660475455095376 0.0216580911089502 0.0367114276669466 0.0454610418875714 0.0458545590562258 0.0462480762248801 0.0469433649803506 0.0478663059855251 0.0487892469906997 0.0489692543131547 0.0488458098497124 0.0487223653862701 0.0378337950021178 0.0250454965143108 0.0122571980265038 0.00941023481240384 0.00666368912633685
0.106505487402062 0.108985830582936 0.11255487342049 0.116123916258045 0.121510498175417 0.127121719754342 0.132156954823816 0.1185686260857 0.104980297347584 0.0928514779864813 0.0878484985249535 0.0828455190634257 0.0792708309178125 0.0788752427979216 0.0784796546780307 0.0749225286382181 0.0675013006962788 0.0600800727543395 0.0471283371931417 0.0303333675236209 0.0135383978541001 0.00677756364558394 0.00372798501859368 0.000678406391603425 0.000196189765204107 9.76019434934234e-05 0 0 0 0.000321697501817166 0.00246634751393161 0.00461099752604605 0.0160179309311662 0.0501014891951955 0.0841850474592249 0.103771818973621 0.104141919680122 0.104512020386622 0.105254368976666 0.106277536145524 0.107300703314383 0.107086823242529 0.106367670354051 0.105648517465572 0.0826900853953323 0.0558070746459577 0.0289240638965832 0.0227887368305572 0.0168629823270222
0.106105387932981 0.109034564719176 0.11296572240898 0.116896880098785 0.124661236294039 0.132899358596716 0.140879296001936 0.140511255055158 0.14014321410838 0.137597567913905 0.124420084333556 0.111242600753207 0.101547685433494 0.0996042930164297 0.0976609005993658 0.095238184713421 0.0922296290321772 0.0892210733509334 0.0728533885155461 0.0472022410475587 0.0215510935795714 0.0110099205714096 0.00605736825395635 0.00110481593650308 0.000320754695492428 0.000159571431425756 0 0 0 0.000525949883923303 0.00403228244341199 0.00753861500290068 0.0254311073113787 0.0785448872814409 0.131658667251503 0.162082596059671 0.162429280304018 0.162775964548365 0.163565372972982 0.164688766305524 0.165812159638065 0.165204392171904 0.163889530858389 0.162574669544875 0.127546375788547 0.0865686527776046 0.0455909297666625 0.0361672388487106 0.0270622755277076
0.10493359410538 0.108511664590859 0.112844385004278 0.117177105417697 0.125970923050935 0.135316112250676 0.144581702302874 0.151273586584245 0.157965470865615 0.160805919230996 0.144842298124091 0.128878677017186 0.117148256080331 0.114840119392874 0.112531982705417 0.111821125794466 0.113062499721464 0.114303873648463 0.100001005983932 0.0748962077218291 0.049791409459726 0.0333567524807725 0.0201288600860481 0.00690096769132373 0.00390397127740632 0.00243572943534413 0.000984626973080169 0.00123032311057554 0.00147601924807092 0.00402310098232423 0.0196113677648725 0.0351996345474208 0.0594577202687574 0.104941914426598 0.150426108584438 0.181205809161658 0.192493506620133 0.203781204078609 0.207319620128343 0.205012087045148 0.202704553961954 0.204089486700334 0.206982609703854 0.209875732707374 0.174719448635737 0.132848563315543 0.0909776779953488 0.0764564701388363 0.0622115216506872
0.102717743204489 0.107215376928144 0.112003030714669 0.116790684501194 0.124789775612552 0.13318578594384 0.141492432005273 0.146909633341064 0.152326834676855 0.154874977134107 0.143415361537241 0.131955745940375 0.123716207375204 0.122643937041821 0.121571666708439 0.123353923059884 0.128625045359453 0.133896167659022 0.12907327176747 0.117235888658314 0.105398505549158 0.0802114034855093 0.050086734137244 0.0199620647889787 0.0121665400938725 0.00770755425500832 0.0033013963215041 0.00412520101781211 0.00494900571412013 0.0119753503439475 0.0541494212637179 0.0963234921834884 0.126784865065832 0.128570322063223 0.130355779060615 0.147310553344029 0.184373492402192 0.221436431460355 0.231379431557706 0.220863530333678 0.210347629109649 0.216954174686312 0.230554395716726 0.24415461674714 0.225026991861836 0.200123864756111 0.175220737650386 0.153154335149866 0.131116586433241
0.100501892303597 0.105919089265428 0.111161676425059 0.116404263584691 0.12360862817417 0.131055459637005 0.138403161707671 0.142545680097883 0.146688198488095 0.148944035037218 0.141988424950391 0.135032814863563 0.130284158670077 0.130447754690769 0.13061135071146 0.134886720325303 0.144187590997442 0.153488461669582 0.158145537551008 0.159575569594799 0.161005601638591 0.127066054490246 0.0800446081884398 0.0330231618866336 0.0204291089103386 0.0129793790746725 0.00561816566992802 0.00702007892504868 0.00842199218016934 0.0199275997055708 0.0886874747625634 0.157447349819556 0.194112009862906 0.152198729699849 0.110285449536792 0.1134152975264 0.176253478184251 0.239091658842101 0.255439242987069 0.236714973622207 0.217990704257345 0.22981886267229 0.254126181729598 0.278433500786906 0.275334535087934 0.267399166196678 0.259463797305423 0.229852200160895 0.200021651215795
0.0970208268146181 0.103310361212169 0.108942312357885 0.1145742635036 0.121055767868308 0.127642273192667 0.134130267905333 0.1374330861729 0.140735904440466 0.14294246611523 0.139796716189813 0.136650966264395 0.134864549801545 0.136103746529549 0.137342943257553 0.143378893677109 0.155277543053006 0.167176192428903 0.180752057916237 0.195493446464068 0.2102348350119 0.175200593115273 0.121756186533418 0.0683117799515633 0.0518697287663679 0.040956765169217 0.0301898204001453 0.0338787396086522 0.0375676588171592 0.0526079609548042 0.131972766357566 0.211337571760327 0.247776445315824 0.179120796072056 0.110465146828288 0.100374988127865 0.167918154102164 0.235461320076463 0.252494036675771 0.231422379185052 0.210350721694334 0.223566228222828 0.250786351040753 0.278006473858679 0.290220293089243 0.299785941098507 0.309351589107771 0.278258504738111 0.246754726101933
0.0902041955934091 0.0972415630383873 0.103090013422583 0.10893846380678 0.11488657363909 0.12084700093128 0.126736912135963 0.13034680317771 0.133956694219458 0.136754699199799 0.135588789880316 0.134422880560833 0.134205009593126 0.136097288505163 0.1379895674172 0.14385487671121 0.15457611202763 0.165297347344051 0.186312522178652 0.214481112610678 0.242649703042705 0.226709380921063 0.194454803471095 0.162200226021127 0.144416119544882 0.128794267352082 0.113433445682363 0.123914645793587 0.134395845904811 0.150480617180464 0.19831895838789 0.246157299595316 0.265421010679605 0.214726144565342 0.16403127845108 0.142315901106944 0.159015194923695 0.175714488740446 0.178353783593637 0.170386412562003 0.16241904153037 0.166913380079932 0.176497712683748 0.186082045287564 0.211721344588831 0.240193873307295 0.268666402025759 0.252077968171638 0.235034373079338
