NetLogoInput/pp2_resistance.asc
NCOLS 141 
NROWS 155 
XLLCORNER -814385.5599279 
YLLCORNER -11926.5307948138 
CELLSIZE 30 
NODATA_value -9999 
[rows 88 to 109 of 155, columns 0 to 49 of 141]
1 1 1 1 1 1 1 1 1 1 1 1 1 1 1 1 2.44268115655564 4.11910437126891 5.88177848363436 29.6494252848639 53.4170720860934 80.022774625179 123.065762636235 166.108750647291 196.294208956972 195.088008614156 193.88180827134 191.577689031494 187.841163725898 184.104638420302 162.679087162319 128.2982920694 93.9174969764808 128.715314531733 190.339792019303 251.964269506873 273.424140578359 288.556655778836 303.050083006724 229.881988049348 156.713893091971 105.578981500602 178.741769382117 251.904557263633 272.435546659853 166.52032376211 60.6051008643663 1 1 1
1 1 1 1 1 1 1 1 1 1 1 1 1 1 1 1 3.94512208156419 7.36741050978935 10.9392766812051 52.6725329757141 94.4057892702231 128.824635399127 120.880307913285 112.935980427443 107.109613172935 106.454245804549 105.798878436162 105.785754795623 106.610538047794 107.435321299966 116.766207061783 132.326866718107 147.88752637443 179.349277539663 216.977286716337 254.605295893011 297.247264961596 340.679111272608 383.265010203189 309.815185981659 236.365361760128 184.546331445585 254.754966210006 324.963600974427 336.106700709049 205.346741901576 74.5867830941029 1 1 1
1 1 1 1 1 1 1 1 1 1 1 1 1 1 1 1 5.44756300657273 10.6157166483098 15.9967748787759 75.6956406665644 135.394506454353 177.626496173076 118.694853190335 59.7632102075947 17.9250173888984 17.8204829949413 17.7159486009841 19.9938205597511 25.3799123696904 30.7660041796297 70.8533269612474 136.355441366814 201.85755577238 229.983240547593 243.614781413372 257.24632227915 321.070389344833 392.801566766379 463.479937399654 389.74838391397 316.016830428285 263.513681390568 330.768163037894 398.022644685221 399.777854758244 244.173160041042 88.5684653238394 1 1 1
1 1 1 1 1 1 1 1 1 1 1 1 1 2.12924041541831 3.70367035806006 5.27810030070181 25.6650730754587 49.1000391374195 72.7048115790043 139.631854834375 206.558898089746 250.095257196897 158.158817937016 66.222378677136 1 1 1 4.77228172708336 13.4660920317447 22.1599023364061 80.4873412522823 175.165892027101 269.844442801919 288.578052021213 277.861097797562 267.144143573912 330.179434210863 404.833329912299 478.406741238365 403.773788018773 329.14083479918 272.824239703358 319.837296963565 366.850354223772 359.101593703039 219.789317664841 80.4770416266424 1.93009652150305 1.59334651606878 1.2565965106345
1 1 1 1 1 1 1 1 1 1 1 1 1 3.52297744279703 7.04060856573014 10.5582396886632 50.2661247831079 95.8375261577155 141.510708268439 213.150951354057 284.791194439675 328.107403709076 207.378128126019 86.6488525429617 1 1 1 6.08011098468143 17.7880173455339 29.4959237063864 103.131840441744 222.12313608681 341.114431731875 349.037495170032 313.889592298818 278.741689427603 335.84207021012 407.474840856498 478.041418446113 402.361923025565 326.682427605018 265.819418992168 288.541936532036 311.264454071903 293.984533872742 180.600036589091 67.21553930544 3.07804512780117 2.32566976470567 1.57329440161018
1 1 1 1 1 1 1 1 1 1 1 1 1 4.91671447017576 10.3775467734002 15.8383790766247 74.867176490757 142.575013178012 210.316604957873 286.670047873739 363.023490789605 406.119550221254 256.597438315021 107.075326408787 1 1 1 7.38794024227951 22.1099426593231 36.8319450763667 125.776339631206 269.080380146518 412.384420661831 409.496938318851 349.918086800073 290.339235281295 341.504706209377 410.116351800696 477.67609565386 400.950058032358 324.224020410856 258.814598280978 257.246576100506 255.678553920034 228.867474042445 141.410755513341 53.9540369842376 4.22599373409928 3.05799301334257 1.88999229258587
1 1 1 1 1 1 1 1 1 1 1 1 1 6.00566107914741 12.9847441673193 19.9638272554911 88.7334064778012 167.514232936096 246.218425292029 305.371153542719 364.523881793409 393.63050726931 248.717869472244 103.805231675178 1.00859201648043 1.03816144112204 1.06773086576365 7.47100743537458 22.1897768892704 36.9085463431663 121.149385965126 256.307408554714 391.465431144302 379.478399171114 310.430229537453 241.382059903791 290.879795242445 359.052732325648 426.17264369207 348.852601261129 271.532558830188 204.646167059595 196.620029508368 188.593891957141 164.734064309983 102.834302689712 40.9345410694398 5.53909280645673 4.25697013271195 2.97484745896717
1 1 1 1 1 1 1 1 1 1 1 1 1 6.93775173761003 15.2163910778459 23.4950304180817 97.0751167856153 181.235291871625 265.186641875439 295.860978473868 326.535315072297 334.566345027906 211.453194003285 88.3400429786637 1.02160578912652 1.09596211221488 1.17031843530323 6.92376866682208 20.0864807157768 33.2491927647316 102.487576210804 212.795151262613 323.102726314421 302.896683964765 232.078981500265 161.261279035764 211.287317882358 280.350549528467 348.351698220926 270.670542759289 192.989387297652 126.205670480391 120.898615076143 115.591559671894 101.10687577657 64.5732330020987 28.0395902276279 6.9371841612689 5.69610387129205 4.45502358131521
1 1 1 1 1 1 1 1 1 1 1 1 1 7.86984239607265 17.4480379883725 27.0262335806723 105.416827093429 194.956350807154 284.15485845885 286.350803405017 288.546748351185 275.502182786501 174.188518534325 72.8748542821497 1.03461956177262 1.15376278330771 1.27290600484281 6.37652989826958 17.9831845422833 29.5898391862969 83.8257664564821 169.282893970511 254.74002148454 226.314968758415 153.727733463077 81.1404981677378 131.694840522272 201.648366731286 270.530752749781 192.488484257448 114.446215765116 47.7651739011865 45.1772006439169 42.5892273866474 37.4796872431557 26.3121633144858 15.1446393858159 8.33527551608107 7.13523760987216 5.93519970366325
1 1 1 1 1 1 1 1 1 1 1 1 1 7.13966205906048 15.699812449981 24.2599628409015 91.9275897340402 169.171763147768 246.075900076226 236.227391232351 226.378882388477 206.800524489818 130.869395086584 54.9382656833498 1.17265886650344 1.52417524880928 1.87569163111512 6.11377781937064 15.4224991702661 24.7312205211617 63.9958820940741 125.199937668985 186.403993243897 159.303473910493 97.9594693314237 36.6154647523547 79.0517440920411 137.837114020239 195.724066317139 130.378129723082 65.0321931290248 9.33769685044365 8.09070404357166 6.84371123669966 6.3385232790248 7.61549774296055 8.89247220689629 9.17875831521712 8.18994350026633 7.20112868531554
1 1 1 1 1 1 1 1 1 1 1 1 1 4.81383437321914 10.1312273317843 15.4486202903495 57.4823867935683 105.464911053422 153.236211499458 147.118516226916 141.000820954373 128.847639965992 81.7384852981878 34.6293306303831 1.43071269314438 2.19467006088307 2.95862742862177 6.12411023352889 12.4227567106899 18.721403187851 43.0447394310033 80.5691559143022 118.093572397601 101.478625995716 63.8690654858591 26.2595049760026 52.277900238781 88.3199644838388 123.810827737805 83.6953269517438 43.579826165683 9.31952171440073 8.09064183238245 6.86176195036418 6.38134743662008 7.69909702851487 9.01684662040965 9.48986121124969 8.87562937019218 8.26139752913467
1 1 1 1 1 1 1 1 1 1 1 1 1 2.4880066873778 4.56264221358763 6.63727773979745 23.0371838530965 41.7580589590768 60.3965229226904 58.0096412214803 55.6227595202703 50.8947554421667 32.6075755097915 14.3203955774163 1.68876651978532 2.86516487295687 4.04156322612842 6.13444264768713 9.42301425111373 12.7115858545403 22.0935967679325 35.938374159619 49.7831515513054 43.6537780809386 29.7786616402945 15.9035451996504 25.5040563855208 38.802814947439 51.8975891584703 37.0125241804057 22.1274592023411 9.3013465783578 8.09057962119325 6.87981266402871 6.42417159421536 7.78269631406919 9.14122103392302 9.80096410728226 9.56131524011804 9.32166637295381
1 1 1 1 1 1 1 1 1 1 1 1 1 1 1 1 1 1 1 1 1 1.02358512555198 1.18376920383736 1.34395328212275 1.88504837868213 3.35613772299761 4.82722706731309 6.24425797277615 7.59076123186507 8.93726449095399 9.49515644239811 9.47547833379337 9.45580022518863 16.1376937025083 25.4183785557408 34.6990634089732 34.1184357510319 31.9843001869741 29.8128083374829 22.5172819501135 15.2217555627441 8.86776097486212 7.82531101095858 6.78286104705503 6.45351214144771 7.83736571797805 9.2212192945084 9.98935178528588 9.96499840452612 9.94064502376637
1 1 1 1 1 1 1 1 1 1 1 1 1 1 1 1 1 1 1 1 1 1.02676578604597 1.2085520885148 1.39033839098362 1.97162052480697 3.5282717273586 5.08492292991022 6.53075929286444 7.83202045190884 9.13328161095325 11.7314802952781 15.2795414493575 18.8276026034368 42.451297182157 73.8600884864754 105.268879790794 105.583845229799 101.000425767358 96.2255448884825 65.1885531198056 34.1515613511287 7.69638823699047 7.08902425240969 6.48166026782891 6.45890520774221 7.84065438849347 9.22240356924473 9.95979187614978 9.86783244670094 9.7758730172521
1 1 1 1 1 1 1 1 1 1 1 1 1 1 1 1 1 1 1 1 1 1.02994644653996 1.23333497319223 1.4367234998445 2.05819267093182 3.70040573171959 5.34261879250735 6.81726061295272 8.07327967195262 9.32929873095251 13.967804148158 21.0836045649216 28.1994049816851 68.7649006618057 122.30179841721 175.838696172614 177.049254708566 170.016551347743 162.638281439482 107.859824289498 53.0813671395133 6.52501549911883 6.3527374938608 6.18045948860278 6.4642982740367 7.84394305900888 9.22358784398106 9.93023196701369 9.77066648887576 9.61110101073783
1 1 1 1 1 1 1 1 1 1 1 1 1 1 1 1 1 1 1 1 1 1.03029223897123 1.23602929846288 1.44176635795454 2.05600301671255 3.66759144347612 5.2791798702397 6.73440673724789 7.98563561565258 9.23686449405727 15.6440354998648 25.8273605821668 36.0106856644688 90.3034952162552 161.701448892148 233.099402568041 234.764074813238 225.44327185934 215.655540649791 141.820849714398 67.9861587790048 5.29511341127182 5.46967782820193 5.64424224513203 6.17138732984992 7.5455961907049 8.91980505155989 9.599130036461 9.38407984598682 9.16902965551264
1 1 1 1 1 1 1 1 1 1 1 1 1 1 1 1 1 1 1 1 1 1.01998796815724 1.15574108293325 1.29149419770925 1.72035206323344 2.86482517512394 4.00929828701443 5.26395523508603 6.66236414491043 8.06077305473483 15.2161052367456 26.587743332431 37.9593814281164 93.9032841808982 167.131791822338 240.360299463778 240.82053084127 229.817167249794 218.348524542169 143.059128961659 67.7697333811483 3.84532762332015 4.03522010491807 4.22511258651599 4.7578046268224 6.11406164157753 7.47031865633267 8.13519175228328 7.9101944180363 7.68519708378932
1 1 1 1 1 1 1 1 1 1 1 1 1 1 1 1 1 1 1 1 1 1.00968369734325 1.07545286740361 1.14122203746396 1.38470110975433 2.06205890677175 2.73941670378917 3.79350373292417 5.33909267416828 6.88468161541239 14.7881749736264 27.3481260826953 39.9080771917641 97.5030731455412 172.562134752528 247.621196359516 246.876986869302 234.191062640248 221.041508434548 144.29740820892 67.5533079832917 2.39554183536848 2.60076238163421 2.80598292789994 3.34422192379489 4.68252709245017 6.02083226110545 6.67125346810556 6.43630899008578 6.201364512066
1 1 1 1 1 1 1 1 1 1 1 1 1 1 1 1 1 1 1 1 1 1 1 1 1.0679404222381 1.30175738477126 1.53557434730442 2.38674173929722 4.04333884221324 5.69993594512926 14.1572045443582 27.5952085279539 41.0332125115496 99.0354642385295 174.319211988441 249.602959738353 247.758949332762 233.764570308404 219.316945642548 142.69915886795 66.0813720933515 1.03243697139603 1.24786342984978 1.46328988830353 1.9963515132974 3.29252146550497 4.58869141771254 5.21335535515355 4.97373343058925 4.73411150602494
1 1 1 1 1 1 1 1 1 1 1 1 1 1 1 1 1 1 1 1 1 1 1 1 1.04595163030534 1.20409416559583 1.36223670088633 1.97381843468065 3.17698216978962 4.38014590489859 10.357907381474 19.8325305914727 29.3071538014715 68.3072831008186 118.757059637482 169.206836174146 167.895872011713 158.430747861817 148.659070183556 96.8384883163909 45.0179064492255 1.02193880562872 1.16764288945325 1.31334697327778 1.67388418977955 2.55055113553373 3.42721808128791 3.84971069132451 3.68764195922209 3.52557322711968
1 1 1 1 1 1 1 1 1 1 1 1 1 1 1 1 1 1 1 1 1 1 1 1 1.02396283837257 1.1064309464204 1.18889905446823 1.56089513006407 2.310625497366 3.06035586466793 6.55861021858981 12.0698526549916 17.5810950913933 37.5791019631076 63.1949072865229 88.8107126099382 88.0327946906645 83.0969254152294 78.0011947245643 50.9778177648319 23.9544408050994 1.01144063986142 1.08742234905673 1.16340405825204 1.35141686626169 1.80858080556248 2.26574474486327 2.48606602749546 2.40155048785494 2.31703494821441
1 1 1 1 1 1 1 1 1 1 1 1 1 1 1 1 1 1 1 1 1 1 1 1 1.0019740464398 1.00876772724497 1.01556140805013 1.1479718254475 1.44426882494238 1.74056582443727 2.75931305570559 4.30717471851038 5.85503638131517 6.85092082539667 7.63275493556378 8.41458904573088 8.16971736961596 7.76310296864192 7.34331926557229 5.11714721327283 2.89097516097338 1.00094247409411 1.0072018086602 1.01346114322629 1.02894954274383 1.06661047559123 1.10427140843864 1.12242136366642 1.11545901648778 1.10849666930915
