NetLogoInput/pp2_resistance.asc
NCOLS 141 
NROWS 155 
XLLCORNER -814385.5599279 
YLLCORNER -11926.5307948138 
CELLSIZE 30 
NODATA_value -9999 
[rows 0 to 21 of 155, columns 50 to 99 of 141]
-9999 -9999 -9999 -9999 -9999 -9999 -9999 -9999 -9999 -9999 -9999 -9999 -9999 -9999 -9999 -9999 -9999 -9999 -9999 -9999 -9999 -9999 -9999 -9999 -9999 -9999 -9999 -9999 -9999 -9999 -9999 -9999 -9999 -9999 -9999 -9999 -9999 -9999 -9999 -9999 -9999 -9999 -9999 -9999 -9999 -9999 -9999 -9999 -9999 -9999
-9999 -9999 -9999 -9999 -9999 -9999 -9999 -9999 -9999 -9999 -9999 -9999 -9999 -9999 -9999 -9999 -9999 -9999 -9999 -9999 -9999 -9999 -9999 -9999 -9999 -9999 -9999 -9999 -9999 -9999 -9999 -9999 -9999 -9999 -9999 -9999 1000 1000 1000 1000 1000 1000 1000 964.214036136168 915.230480532753 866.246924929338 842.988042676241 823.440974766709 804.205322443295 802.724277344836
396.651226272677 336.191468358594 275.731710444511 249.827184540896 237.101956898631 224.376729256366 172.348942076869 114.304464262697 56.6871554534881 39.0522990404765 21.4174426274648 6.2684838855417 4.78585696546322 3.30323004538473 26.2128863715093 106.793497800399 187.374109229288 302.298435891705 460.831789015523 619.36514213934 708.768763158921 748.90988764321 789.0510121275 839.123776590735 892.921564923571 946.719353256406 967.797682196364 984.011562474929 1000 1000 1000 1000 1000 1000 1000 1000 1000 1000 1000 1000 1000 1000 1000 960.427994148997 906.262133022079 852.096271895161 831.418470653974 815.572663169492 800 800
371.799254354848 325.508079875597 279.216905396347 260.550995466489 252.421307690625 244.291619914762 209.376960411629 170.361883774371 131.375522840768 95.0769136895551 58.7783045383418 26.6887699813573 17.7388081978733 8.78884641438933 23.8313761699063 95.5996289085135 167.367881647121 280.232724085105 445.28127045515 610.329816825194 703.737088899497 746.092115878211 788.447142856925 839.309573473399 893.362844845896 947.416116218394 968.305095961317 984.26349320022 1000 1000 1000 1000 1000 1000 1000 1000 1000 1000 1000 1000 1000 1000 1000 960.241477562774 905.82031394891 851.399150335046 830.912266492282 815.321761494747 800 800
346.947282437019 314.824691392601 282.702100348183 271.274806392081 267.74065848262 264.206510573158 246.40497874639 226.419303286044 206.063890228049 151.101528338634 96.1391664492187 47.1090560771729 30.6917594302834 14.2744627833939 21.4498659683033 84.4057600166283 147.361654064953 258.167012278504 429.730751894777 601.294491511049 698.705414640074 743.274344113212 787.843273586351 839.495370356063 893.804124768222 948.112879180381 968.81250972627 984.51542392551 1000 1000 1000 1000 1000 1000 1000 1000 1000 1000 1000 1000 1000 1000 1000 960.054960976552 905.378494875742 850.702028774932 830.406062330591 815.070859820002 800 800
322.095310519191 304.141302909605 286.187295300019 281.998617317674 283.060009274614 284.121401231554 283.43299708115 282.476722797717 280.752257615329 207.126142987712 133.500028360096 67.5293421729884 43.6447106626935 19.7600791523985 19.0683557667003 73.2118911247431 127.355426482786 236.101300471904 414.180233334404 592.259166196904 693.67374038065 740.456572348214 787.239404315777 839.681167238727 894.245404690548 948.809642142369 969.319923491223 984.767354650801 1000 1000 1000 1000 1000 1000 1000 1000 1000 1000 1000 1000 1000 1000 1000 959.868444390329 904.936675802573 850.004907214817 829.899858168899 814.819958145256 800 800
306.364376811304 288.681376372192 270.99837593308 282.001749118074 303.946049393763 325.890349669452 316.165937501462 301.593473506425 286.360488398564 209.303603046452 132.246717694339 63.5807890499448 41.0445140932629 18.508239136581 24.9111188499629 99.7351739344123 174.559229018862 288.613116809133 452.480334372019 616.347551934904 708.133721919237 748.554260235208 788.974798551179 832.887825418529 878.110767188733 923.333708958936 940.044721169014 952.516824174722 964.60606522313 949.542672664315 934.4792801055 921.098843759529 916.738716777407 912.378589795286 916.877971631851 941.993441507672 967.108911383493 984.016237126236 990.640910626864 997.265584127492 993.800492464492 983.243424729295 972.686356994099 935.237301354521 887.870684774618 840.504068194715 823.967600278575 811.879615982265 800 800
292.115490696501 272.445325827415 252.77516095833 280.262912917902 325.736602609871 371.21029230184 348.200984793963 314.707856060743 280.744114281852 202.731615507435 124.719116733018 55.6726231416824 35.9171375324726 16.1616519232627 32.0902171339061 132.386993058767 232.683768983628 353.242791173009 499.530446025122 645.818100877235 725.760838700077 758.425565371936 791.090292043794 824.960466233389 859.282763213041 893.605060192692 905.930239208705 914.98507534564 923.461086032407 890.886699647069 858.312313261732 829.377297339106 819.948580637325 810.519863935545 820.249717410929 874.56158751522 928.873457619511 965.435325029958 979.761093507649 994.086861985339 986.593647276206 963.764128483559 940.934609690913 906.63423111486 868.103486552317 829.572741989773 817.153680708586 808.502275452355 800 800
277.866604581698 256.209275282638 234.551945983579 278.524076717731 347.527155825979 416.530234934227 380.236032086464 327.822238615061 275.12774016514 196.159627968418 117.191515771697 47.76445723342 30.7897609716822 13.8150647099444 39.2693154178493 165.038812183122 290.808308948394 417.872465536885 546.580557678225 675.288649819565 743.387955480918 768.296870508664 793.20578553641 817.033107048249 840.454759237349 863.876411426448 871.815757248395 877.453326516558 882.316106841684 832.230726629824 782.145346417964 737.655750918682 723.158444497243 708.661138075804 723.621463190006 807.129733522767 890.638003855529 946.854412933679 968.881276388433 990.908139843187 979.386802087919 944.284832237823 909.182862387726 878.0311608752 848.336288330016 818.641415784831 810.339761138597 805.124934922446 800 800
240.612927668723 232.753314174434 224.893700680146 278.642800006824 355.889342543241 433.135885079657 380.246191692339 307.43439956302 234.659537119857 165.341244328462 96.0229515370668 35.4456494184601 22.9223281114081 10.3990068043561 47.2593871521557 200.878219843222 354.497052534289 488.156942227363 596.473328242322 704.789714257282 760.108402962424 777.66043467884 795.212466395255 811.413465972878 827.10773886928 842.802011765683 847.966930869111 851.566435937161 854.026366579793 775.667489682156 697.308612784518 630.564795692645 626.075380663082 621.585965633519 644.207146494935 729.914717710876 815.622288926818 882.214187250262 924.859159990916 967.50413273157 963.101048741048 925.628444581346 888.155840421643 860.483788174054 836.426105053165 812.368421932276 806.479157255942 803.211414542744 800 800
193.973186975436 206.351595305118 218.730003634801 279.519416379795 358.772692024844 438.025967669893 367.190045196101 273.377495161148 179.971622534747 124.630216054493 69.2888095742391 21.3272787814958 13.9369392821259 6.54659978275607 55.5803399014659 238.018178747818 420.45601759417 560.748605093459 647.52591712767 734.303229161881 776.458925068565 786.81683812594 797.174751183316 806.735384834099 815.996985814892 825.258586795685 828.306540667125 830.430702766808 830.98162478608 719.958098978808 608.934573171536 517.20304876149 528.872800940089 540.542553118689 571.816197973277 648.708125465364 725.600052957452 798.781543118049 867.314828260886 935.848113403722 943.111057795161 907.307807533162 871.504557271163 847.447192516817 827.721621147713 807.99604977861 803.823520184238 801.895139728686 800 800
147.333446282149 179.949876435802 212.566306589455 280.396032752765 361.656041506447 442.916050260128 354.133898699864 239.320590759276 125.283707949637 83.919187780524 42.5546676114114 7.20890814453146 4.95155045284375 2.69419276115603 63.901292650776 275.158137652414 486.414982654052 633.340267959555 698.578506013018 763.816744066481 792.809447174707 795.973241573041 799.137035971376 802.057303695321 804.886232760504 807.715161825686 808.646150465138 809.294969596454 807.936882992367 664.24870827546 520.560533558554 403.841301830334 431.670221217096 459.499140603859 499.42524945162 567.501533219852 635.577816988085 715.348898985836 809.770496530855 904.192094075874 923.121066849274 888.987170484978 854.853274120682 834.410596859579 819.017137242261 803.623677624943 801.167883112535 800.578864914628 800 800
165.567029194331 208.49936522823 251.431701262129 314.097952525257 384.290680664344 454.483408803431 353.761004653545 226.873803913426 100.960118558166 66.1661822483385 31.372245938511 1.89261264438693 1.6285939988871 1.36457535338727 67.8910379232929 292.331001438842 516.770964954392 666.646061148837 721.840041745098 777.034022341358 800 800 800 800 800 800 800 800 797.698861059925 632.200566257931 466.702271455937 333.678310401128 374.710295988929 415.742281576729 461.678712179599 519.027792431972 576.376872684344 655.102529173241 760.607430276214 866.112331379187 894.037967727888 867.434060483316 840.830153238743 825.053411805071 813.269646908589 801.485882012107 800 800 799.491714863667 770.004780757532
234.726007818571 280.185413695763 325.644819572956 373.567652828851 422.430032494369 471.292412159887 363.344431850393 231.3909049457 100.472448001681 66.4351667717568 32.3978855418331 3.48592396747017 2.75063270441864 2.0153414413671 68.4807962303181 293.829745824562 519.178695418806 669.112545543781 723.285670715685 777.458795887589 800 800 800 800 800 800 800 800 797.514081977734 618.726444891706 439.938807805678 297.426233288325 349.340753228538 401.255273168752 451.127950521428 496.249257633558 541.370564745687 613.057326330228 718.023636319964 822.9899463097 857.816801580585 843.343467350905 828.870133121224 818.584554810808 809.843389084549 801.10222335829 800 800 798.584427174918 716.463389922525
303.884986442811 351.871462163297 399.857937883783 433.037353132446 460.569384324395 488.101415516343 372.927859047241 235.908005977975 99.9847774451952 66.7041512951752 33.4235251451552 5.07923529055342 3.87267140995017 2.66610752934693 69.0705545373434 295.328490210282 521.58642588322 671.579029938724 724.731299686272 777.88356943382 800 800 800 800 800 800 800 800 797.329302895542 605.25232352548 413.175344155419 261.174156175521 323.971210468147 386.768264760774 440.577188863257 473.470722835144 506.364256807031 571.012123487214 675.439842363714 779.867561240214 821.595635433282 819.252874218494 816.910113003706 812.115697816546 806.417131260509 800.718564704472 800 800 797.677139486169 662.921999087519
364.901455180473 407.934953951419 450.968452722365 472.263997709327 485.268729414418 498.27346111951 378.480156594643 238.357267678944 99.3715473018045 66.8232941362684 34.2750409707324 6.51619500448094 5.08732584161743 3.65845667875391 70.1360612433796 297.165720652428 524.195380061477 674.150758426063 726.23861317806 778.326467930056 800 800 800 800 800 800 800 800 797.454472345658 614.37970061928 431.304928892903 285.85549993485 342.07039777337 398.285295611891 446.456893850807 475.911723918356 505.366553985904 564.304859161848 660.178227430435 756.051595699022 798.518044265066 803.445403419439 808.372762573813 807.219548285394 803.823864682865 800.428181080336 800 800 796.991491541903 622.460142264827
414.211540457639 441.538093628209 468.86464679878 482.387457144273 490.645546831559 498.903636518845 378.236950039168 237.833622931635 98.5778017286594 66.7270114861927 34.876221243726 7.72836998778631 6.43513273115327 5.14189547452023 71.8855454044165 299.489588216024 527.093631027631 676.873795013693 727.834609725663 778.795424437632 800 800 800 800 800 800 800 800 798.025250879798 656.0009661382 513.976681396602 398.140052069137 422.664028410829 447.188004752521 475.958472888124 514.610532709328 553.262592530531 608.402502015403 684.197363650615 759.992225285827 794.336804576956 799.546472816857 804.756141056759 804.584460379074 802.428179082755 800.271897786437 800 800 796.62449225452 600.802566034435
463.521625734804 475.141233305 486.760840875196 492.510916579219 496.0223642487 499.533811918181 377.993743483693 237.309978184327 97.7840561555143 66.630728836117 35.4774015167196 8.94054497109167 7.78293962068911 6.62533427028654 73.6350295654534 301.813455779619 529.991881993784 679.596831601323 729.430606273265 779.264380945208 800 800 800 800 800 800 800 800 798.596029413938 697.62223165712 596.648433900302 510.424604203424 503.257659048288 496.090713893151 505.460051925442 553.3093415003 601.158631075158 652.500144868959 708.216499870796 763.932854872632 790.155564888844 795.647542214275 801.139519539706 801.949372472754 801.032493482645 800.115614492537 800 800 796.257492967136 579.144989804042
500 500 500 500 500 500 377.672506118266 236.61832635481 96.7330823371565 66.2586740025444 35.7842656679322 10.9268251696432 16.9489124880438 22.9709998064445 92.2545387438466 311.107853467739 529.961168191632 674.775175153824 725.57541251046 776.375649867097 798.021670330199 798.892121946291 799.762573562384 800 800 800 800 800 799.099378348758 734.326519593251 669.553660837744 610.161520398021 579.608956078998 549.056391759975 543.362533494736 595.514915132298 647.66729676986 693.512148150512 731.455318092963 769.398488035413 788.131177821247 793.361049315801 798.590920810355 800 800 800 800 800 795.981422682025 562.853368947344
500 500 500 500 500 500 377.129440417788 235.449058935424 94.9508523214221 65.1026457057177 35.2544390900133 15.1137549726043 48.3406029031415 81.5674508336785 158.832662784458 340.218283988273 521.603905192089 648.50523827087 706.223410866899 763.941583462928 790.419285532626 794.634734817318 798.85018410201 800 800 800 800 800 799.411036389182 757.052675669086 714.69431494899 674.2276394928 643.900019449487 613.572399406174 605.147353626755 647.689625398657 690.23189717056 725.752202387233 752.475824824881 779.199447262529 792.238356298771 795.65844285265 799.07852940653 800 800 800 800 800 795.963848101297 561.816247527968
500 500 500 500 500 500 376.586374717311 234.279791516038 93.1686223056877 63.946617408891 34.7246125120943 19.3006847755655 79.7322933182391 140.163901860913 225.41078682507 369.328714508808 513.246642192546 622.235301387917 686.871409223338 751.50751705876 782.816900735054 790.377347688345 797.937794641636 800 800 800 800 800 799.722694429606 779.778831744922 759.834969060237 738.29375858758 708.191082819976 678.088407052373 666.932173758774 699.864335665017 732.79649757126 757.992256623954 773.4963315568 789.000406489645 796.345534776294 797.9558363895 799.566138002706 800 800 800 800 800 795.946273520569 560.779126108592
500 500 500 500 500 500 376.04331113591 233.110528659207 91.3858273540405 62.7359216698278 34.086015985615 22.7339610504353 106.477601682451 190.221242314466 280.902759032832 387.987575772187 495.072392511542 587.904586408955 662.639058425309 737.373530441664 774.941635850116 786.024639255129 797.107642660141 800.097403735081 800.051662020362 800.005920305643 800 800 800 800 800 795.462723004073 766.606547001502 737.750370998931 724.639409819215 748.16758311389 771.695756408565 787.144795609084 792.472798316972 797.80080102486 800 800 800 800 800 800 800 800 795.928699008417 559.742008736082
