NetLogoInput/pp2_pinchpoints.asc
NCOLS 141 
NROWS 155 
XLLCORNER -814385.5599279 
YLLCORNER -11926.5307948138 
CELLSIZE 30 
NODATA_value -9999 
[rows 62 to 92 of 155, columns 0 to 69 of 141]
0 0 0 0 0 0 0 0 0 0 0 0 0 0 0 0 0 0 0 0 0 0 0 0 0 0 0 0 0 0 0 0 0 0 0 0 0 0 0 0 0 0 0 0 0 0 0 0 0 0 0 0 0 0 0 0 0 0 0 0 0 0 0 0 0 0 0 0 0 0
0.000248 0 0 0 0 0 0 0 0 0 0 0 0 0 0 0 0 0 0 0 0 0 0 0 0 0 0 0 0 0 0 0 0 0 0 0 0 0 0 0 0 0 0 0 0 0 0 0 0 0 0 0 0 0 0 0 0 0 0 0 0 0 0 0 0 0 0 0 0 0
0.001261 0.000745 0.000392 3.9e-05 0 0 0 0 0 0 0 0 0 0 0 0 0 0 0 0 0 0 0 0 0 0 0 0 0 0 0 0 0 0 0 0 0 0 0 0 0 0 0 0 0 0 0 0 0 0 0 0 0 0 0 0 0 0 0 0 0 0 0 0 0 0 0 0 0 0
0.003038 0.003038 0.001598 0.000158 0 0 0 0 0 0 0 0 0 0 0 0 0 0 0 0 0 0 0 0 0 0 0 0 0 0 0 0 0 0 0 0 0 0 0 0 0 0 0 0 0 0 0 0 0 0 0 0 0 0 0 0 0 0 0 0 0 0 0 0 0 0 0 0 0 0
0.005998 0.005331 0.002804 0.000278 0 0 0 0 0 0 0 0 0 0 0 0 0 0 0 0 0 0 0 0 0 0 0 0 0 0 0 0 0 0 0 0 0 0 0 0 0 0 0 0 0 0 0 0 0 0 0 0 0 0 0 0 0 0 0 0 0 0 0 0 0 0 0 0 0 0
0.012773 0.009626 0.005393 0.00116 0.000478 0.000235 0 0 0 0 0 0 0 0 0 0 0 0 0 0 0 0 0 0 0 0 0 0 0 0 0 0 0 0 0 0 0 0 0 0 0 0 0 0 0 0 0 0 0 0 0 0 0 0 0 0 0 0 0 0 0 0 0 0 0 0 0 0 0 0
0.023364 0.023364 0.0145 0.005636 0.00321 0.001581 0 0 0 0 0 0 0 0 0 0 0 0 0 0 0 0 0 0 0 0 0 0 0 0 0 0 0 0 0 0 0 0 0 0 0 0 0 0 0 0 0 0 0 0 0 0 0 0 0 0 0 0 0 0 0 0 0 0 0 0 0 0 0 0
0.037083 0.037101 0.023606 0.010111 0.005942 0.002926 0 0 0 0 0 0 0 0 0 0 0 0 0 0 0 0 0 0 0 0 0 0 0 0 0 0 0 0 0 0 0 0 0 0 0 0 0 0 0 0 0 0 0 0 0 0 0 0 0 0 0 0 0 0 0 0 0 0 0 0 0 0 0 0
0.050078 0.050784 0.032843 0.014903 0.008936 0.004449 9.6e-05 6.2e-05 2.8e-05 0 0 0 0 0 0 0 0 0 0 0 0 0 0 0 0 0 0 0 0 0 0 0 0 0 0 0 0 0 0 0 0 0 0 0 0 0 0 0 0 0 0 0 0 0 0 0 0 0 0 0 0 0 0 0 0 0 0 0 0 0
0.062349 0.062349 0.047174 0.031999 0.022133 0.012922 0.003946 0.002552 0.001157 0 0 0 0 0 0 0 0 0 0 0 0 0 0 0 0 0 0 0 0 0 0 0 0 0 0 0 0 0 0 0 0 0 0 0 0 0 0 0 0 0 0 0 0 0 0 0 0 0 0 0 0 0 0 0 0 0 0 0 0 0
0.073913 0.073913 0.061504 0.049096 0.035329 0.021395 0.007796 0.005041 0.002287 0 0 0 0 0 0 0 0 0 0 0 0 0 0 0 0 0 0 0 0 0 0 0 0 0 0 0 0 0 0 0 0 0 0 0 0 0 0 0 0 0 0 0 0 0 0 0 0 0 0 0 0 0 0 0 0 0 0 0 0 0
0.086707 0.085478 0.075835 0.066192 0.048526 0.029868 0.011646 0.007531 0.003416 0 0 0 0 0 0 0 0 0 0 0 0 0 0 0 0 0 0 0 0 0 0 0 0 0 0 0 0 0 0 0 0 0 0 0 0 0 0 0 0 0 0 0 0 0 0 0 0 0 0 0 0 0 0 0 0 0 0 0 0 0
0.096649 0.090789 0.083599 0.076409 0.06005 0.042558 0.025351 0.017349 0.009348 0.002546 0.001599 0.000653 0 0 0 0 0 0 0 0 0 0 0 0 0 0 0 0 0 0 0 0 0 0 0 0 0 0 0 0 0 0 0 0 0 0 0 0 0 0 0 0 0 0 0 0 0 0 0 0 0 0 0 0 0 0 0 0 0 0
0.099258 0.095206 0.090424 0.085643 0.071335 0.05585 0.040463 0.028214 0.015966 0.005455 0.003427 0.001399 0 0 0 0 0 0 0 0 0 0 0 0 0 0 0 0 0 0 0 0 0 0 0 0 0 0 0 0 0 0 0 0 0 0 0 0 0 0 0 0 0 0 0 0 0 0 0 0 0 0 0 0 0 0 0 0 0 0
0.101867 0.099622 0.09725 0.094877 0.082621 0.069143 0.055575 0.039079 0.022584 0.008365 0.005255 0.002146 0 0 0 0 0 0 0 0 0 0 0 0 0 0 0 0 0 0 0 0 0 0 0 0 0 0 0 0 0 0 0 0 0 0 0 0 0 0 0 0 0 0 0 0 0 0 0 0 0 0 0 0 0 0 0 0 0 0
0.103632 0.102695 0.102068 0.101442 0.092818 0.083207 0.073238 0.051721 0.030203 0.012206 0.011395 0.010583 0.01017 0.01064 0.01111 0.00988 0.006572 0.003264 0.001522 0.000867 0.000211 2.6e-05 1.4e-05 2e-06 0 0 0 0 0 0 0 0 0.000274 0.001221 0.002167 0.002746 0.00284 0.002934 0.003087 0.003287 0.003486 0.003579 0.00363 0.00368 0.002771 0.001693 0.000615 0.000395 0.000184 0 0 0 0 0 0 0.000321 0.001105 0.001888 0.002427 0.002765 0.003103 0.003191 0.003165 0.00314 0.002355 0.001415 0.000476 0.000296 0.000139 0
0.105077 0.105257 0.106126 0.106994 0.102604 0.097564 0.09187 0.065035 0.038201 0.0164 0.019169 0.021939 0.024196 0.025315 0.026433 0.023507 0.015637 0.007767 0.003621 0.002062 0.000503 6.1e-05 3.2e-05 4e-06 0 0 0 0 0 0 0 0 0.000653 0.002904 0.005155 0.006534 0.006757 0.00698 0.007346 0.00782 0.008294 0.008516 0.008636 0.008756 0.006594 0.004029 0.001464 0.000941 0.000438 0 0 0 0 0 0 0.000764 0.002628 0.004492 0.005774 0.006579 0.007384 0.007591 0.007531 0.00747 0.005604 0.003368 0.001132 0.000704 0.000331 0
0.106522 0.10782 0.110183 0.112547 0.112389 0.11192 0.110501 0.07835 0.046199 0.020594 0.026944 0.033294 0.038223 0.03999 0.041757 0.037134 0.024702 0.012269 0.005719 0.003257 0.000794 9.7e-05 5.1e-05 6e-06 0 0 0 0 0 0 0 0 0.001031 0.004588 0.008144 0.010322 0.010674 0.011027 0.011605 0.012353 0.013102 0.013453 0.013643 0.013832 0.010417 0.006365 0.002313 0.001486 0.000691 0 0 0 0 0 0 0.001207 0.004152 0.007096 0.00912 0.010392 0.011664 0.011992 0.011896 0.0118 0.008852 0.00532 0.001788 0.001112 0.000523 0
0.106906 0.108937 0.112144 0.115351 0.11836 0.121344 0.123435 0.096626 0.069817 0.048105 0.051277 0.054448 0.056994 0.058146 0.059298 0.054607 0.042773 0.030939 0.021403 0.013464 0.005526 0.002545 0.001399 0.000252 7.2e-05 3.6e-05 0 0 0 0.000117 9e-04 0.001683 0.006605 0.021658 0.036711 0.045461 0.045855 0.046248 0.046943 0.047866 0.048789 0.048969 0.048846 0.048722 0.037834 0.025045 0.012257 0.00941 0.006664 0.004245 0.004019 0.003792 0.003686 0.003905 0.004124 0.006991 0.01367 0.020348 0.024746 0.027277 0.029809 0.030403 0.030126 0.02985 0.023723 0.016399 0.009075 0.006101 0.003262 0.000707
0.106505 0.108986 0.112555 0.116124 0.12151 0.127122 0.132157 0.118569 0.10498 0.092851 0.087848 0.082846 0.079271 0.078875 0.07848 0.074923 0.067501 0.06008 0.047128 0.030333 0.013538 0.006778 0.003728 0.000678 0.000196 9.8e-05 0 0 0 0.000322 0.002466 0.004611 0.016018 0.050101 0.084185 0.103772 0.104142 0.104512 0.105254 0.106278 0.107301 0.107087 0.106368 0.105649 0.08269 0.055807 0.028924 0.022789 0.016863 0.011627 0.011007 0.010388 0.010098 0.010697 0.011297 0.016723 0.029097 0.04147 0.049446 0.053824 0.058203 0.05917 0.058604 0.058039 0.047185 0.034224 0.021263 0.014478 0.007884 0.001937
0.106105 0.109035 0.112966 0.116897 0.124661 0.132899 0.140879 0.140511 0.140143 0.137598 0.12442 0.111243 0.101548 0.099604 0.097661 0.095238 0.09223 0.089221 0.072853 0.047202 0.021551 0.01101 0.006057 0.001105 0.000321 0.00016 0 0 0 0.000526 0.004032 0.007539 0.025431 0.078545 0.131659 0.162083 0.162429 0.162776 0.163565 0.164689 0.165812 0.165204 0.16389 0.162575 0.127546 0.086569 0.045591 0.036167 0.027062 0.019009 0.017996 0.016983 0.016509 0.017489 0.018469 0.026455 0.044524 0.062592 0.074146 0.080371 0.086596 0.087936 0.087082 0.086228 0.070647 0.052049 0.033452 0.022855 0.012505 0.003168
0.104934 0.108512 0.112844 0.117177 0.125971 0.135316 0.144582 0.151274 0.157965 0.160806 0.144842 0.128879 0.117148 0.11484 0.112532 0.111821 0.113062 0.114304 0.100001 0.074896 0.049791 0.033357 0.020129 0.006901 0.003904 0.002436 0.000985 0.00123 0.001476 0.004023 0.019611 0.0352 0.059458 0.104942 0.150426 0.181206 0.192494 0.203781 0.20732 0.205012 0.202705 0.204089 0.206983 0.209876 0.174719 0.132849 0.090978 0.076456 0.062212 0.049406 0.046231 0.043057 0.041171 0.042769 0.044366 0.0525 0.070039 0.087578 0.098965 0.105317 0.111669 0.114032 0.114602 0.115171 0.099588 0.080696 0.061804 0.044899 0.028056 0.013029
0.102718 0.107215 0.112003 0.116791 0.12479 0.133186 0.141492 0.14691 0.152327 0.154875 0.143415 0.131956 0.123716 0.122644 0.121572 0.123354 0.128625 0.133896 0.129073 0.117236 0.105399 0.080211 0.050087 0.019962 0.012167 0.007708 0.003301 0.004125 0.004949 0.011975 0.054149 0.096323 0.126785 0.12857 0.130356 0.147311 0.184373 0.221436 0.231379 0.220864 0.210348 0.216954 0.230554 0.244155 0.225027 0.200124 0.175221 0.153154 0.131117 0.110939 0.103211 0.095483 0.090527 0.093062 0.095598 0.100615 0.109204 0.117794 0.123943 0.128097 0.132251 0.136513 0.140824 0.145135 0.135942 0.123984 0.112025 0.085436 0.058394 0.034567
0.100502 0.105919 0.111162 0.116404 0.123609 0.131055 0.138403 0.142546 0.146688 0.148944 0.141988 0.135033 0.130284 0.130448 0.130611 0.134887 0.144188 0.153488 0.158146 0.159576 0.161006 0.127066 0.080045 0.033023 0.020429 0.012979 0.005618 0.00702 0.008422 0.019928 0.088687 0.157447 0.194112 0.152199 0.110285 0.113415 0.176253 0.239092 0.255439 0.236715 0.217991 0.229819 0.254126 0.278434 0.275335 0.267399 0.259464 0.229852 0.200022 0.172472 0.160191 0.14791 0.139882 0.143356 0.146829 0.14873 0.14837 0.148009 0.148922 0.150877 0.152832 0.158994 0.167046 0.175098 0.172296 0.167271 0.162246 0.125972 0.088732 0.056106
0.097021 0.10331 0.108942 0.114574 0.121056 0.127642 0.13413 0.137433 0.140736 0.142942 0.139797 0.136651 0.134865 0.136104 0.137343 0.143379 0.155278 0.167176 0.180752 0.195493 0.210235 0.175201 0.121756 0.068312 0.05187 0.040957 0.03019 0.033879 0.037568 0.052608 0.131973 0.211338 0.247776 0.179121 0.110465 0.100375 0.167918 0.235461 0.252494 0.231422 0.210351 0.223566 0.250786 0.278006 0.29022 0.299786 0.309352 0.278259 0.246755 0.217429 0.202678 0.187927 0.178114 0.18165 0.185187 0.184445 0.177546 0.170647 0.167512 0.167455 0.167399 0.175319 0.186824 0.198328 0.200953 0.201759 0.202565 0.164392 0.125013 0.090994
0.090204 0.097242 0.10309 0.108938 0.114887 0.120847 0.126737 0.130347 0.133957 0.136755 0.135589 0.134423 0.134205 0.136097 0.13799 0.143855 0.154576 0.165297 0.186313 0.214481 0.24265 0.226709 0.194455 0.1622 0.144416 0.128794 0.113433 0.123915 0.134396 0.150481 0.198319 0.246157 0.265421 0.214726 0.164031 0.142316 0.159015 0.175714 0.178354 0.170386 0.162419 0.166913 0.176498 0.186082 0.211721 0.240194 0.268666 0.252078 0.235034 0.218682 0.206955 0.195229 0.187018 0.188311 0.189605 0.187466 0.180388 0.173309 0.169258 0.167683 0.166109 0.175415 0.18961 0.203806 0.209315 0.213045 0.216775 0.197229 0.176962 0.161074
0.083388 0.091173 0.097238 0.103303 0.108717 0.114052 0.119344 0.123261 0.127177 0.130567 0.131381 0.132195 0.133545 0.136091 0.138636 0.144331 0.153875 0.163419 0.191873 0.233469 0.275065 0.278218 0.267153 0.256089 0.236963 0.216632 0.196677 0.213951 0.231224 0.248353 0.264665 0.280977 0.283066 0.250331 0.217597 0.184257 0.150112 0.115968 0.104214 0.10935 0.114487 0.110261 0.102209 0.094158 0.133222 0.180602 0.227981 0.225897 0.223314 0.219935 0.211233 0.202531 0.195922 0.194972 0.194023 0.190487 0.183229 0.175971 0.171004 0.167912 0.164819 0.175511 0.192397 0.209283 0.217677 0.224331 0.230986 0.230066 0.228911 0.231154
0.074547 0.083086 0.08966 0.096234 0.101343 0.10627 0.111175 0.115374 0.119573 0.123493 0.126053 0.128614 0.131333 0.134404 0.137476 0.142831 0.150978 0.159124 0.192006 0.242077 0.292148 0.312643 0.322198 0.331754 0.313194 0.290433 0.268117 0.289974 0.31183 0.328408 0.315078 0.301747 0.287453 0.270801 0.254149 0.212187 0.136674 0.061162 0.03778 0.053724 0.069668 0.058281 0.03573 0.013179 0.061975 0.123361 0.184747 0.196161 0.20707 0.215852 0.210404 0.204956 0.200224 0.197427 0.19463 0.19 0.182731 0.175463 0.169705 0.165183 0.160661 0.171266 0.188666 0.206067 0.21762 0.227975 0.238331 0.253791 0.26941 0.287165
0.051536 0.060873 0.070005 0.079137 0.085528 0.091581 0.097581 0.101885 0.106188 0.110215 0.112889 0.115564 0.118249 0.120958 0.123668 0.127503 0.132713 0.137923 0.154149 0.17803 0.201911 0.227477 0.253667 0.279857 0.27522 0.265976 0.256935 0.267907 0.278879 0.283737 0.253954 0.22417 0.199044 0.185322 0.1716 0.142043 0.091493 0.040943 0.025291 0.035964 0.046637 0.039015 0.023918 0.008822 0.041487 0.082581 0.123674 0.141534 0.159159 0.174417 0.173834 0.17325 0.172318 0.170441 0.168564 0.164956 0.158857 0.152759 0.147084 0.141755 0.136427 0.136627 0.139311 0.141995 0.15863 0.178123 0.197616 0.213738 0.229755 0.244684
0.028526 0.038661 0.05035 0.062039 0.069714 0.076892 0.083988 0.088396 0.092804 0.096937 0.099725 0.102513 0.105165 0.107512 0.10986 0.112174 0.114448 0.116722 0.116292 0.113983 0.111673 0.142312 0.185136 0.22796 0.237246 0.24152 0.245752 0.24584 0.245928 0.239067 0.19283 0.146593 0.110635 0.099843 0.089052 0.071898 0.046311 0.020724 0.012801 0.018204 0.023607 0.019748 0.012107 0.004466 0.021 0.0418 0.0626 0.086906 0.111248 0.132982 0.137263 0.141544 0.144411 0.143454 0.142497 0.139911 0.134983 0.130055 0.124463 0.118328 0.112193 0.101988 0.089955 0.077922 0.09964 0.12827 0.156901 0.173684 0.1901 0.202204
0.005515 0.016448 0.030695 0.044941 0.053899 0.062203 0.070394 0.074907 0.07942 0.083659 0.086561 0.089463 0.092081 0.094066 0.096052 0.096846 0.096183 0.095521 0.078435 0.049935 0.021436 0.057146 0.116605 0.176063 0.199272 0.217064 0.23457 0.223773 0.212976 0.194396 0.131706 0.069016 0.022226 0.014364 0.006503 0.001754 0.00113 0.000505 0.000312 0.000444 0.000576 0.000482 0.000295 0.000109 0.000512 0.00102 0.001527 0.032279 0.063337 0.091546 0.100692 0.109838 0.116505 0.116467 0.11643 0.114867 0.111109 0.107351 0.101842 0.0949 0.087959 0.067349 0.0406 0.01385 0.04065 0.078418 0.116186 0.13363 0.150446 0.159723
