NetLogoInput/pp2_pinchpoints.asc
NCOLS 141 
NROWS 155 
XLLCORNER -814385.5599279 
YLLCORNER -11926.5307948138 
CELLSIZE 30 
NODATA_value -9999 
[rows 62 to 92 of 155, columns 70 to 139 of 141]
0 0 0 0 0 0 0 0 0 0 0 0 0 0 0 0 0 0 0 0 0 0 0 0 0 0 0 0 0 0 0 0 0 0 0 0 0 0 0 0.00066 0.010091 0.019521 0.025386 0.017838 0.010289 0.008631 0.017911 0.027191 0.030685 0.028157 0.025629 0.023354 0.021228 0.019102 0.017923 0.017027 0.016131 0.015554 0.015009 0.01447 0.014064 0.013658 0.013264 0.012924 0.012585 0.012266 0.011991 0.011716 0.011473 0.011268
0 0 0 0 0 0 0 0 0 0 0 0 0 0 0 0 0 0 0 0 0 0 0 0 0 0 0 0 0 0 0 0 0 0 0 0 0 0 0 0.001108 0.016932 0.032755 0.042597 0.029931 0.017265 0.014482 0.030054 0.045626 0.051489 0.047246 0.043004 0.039187 0.03562 0.032053 0.030075 0.028571 0.027068 0.0261 0.025184 0.02428 0.023599 0.022917 0.022256 0.021686 0.021116 0.020582 0.020121 0.019659 0.019252 0.018907
0 0 0 0 0 0 0 0 0 0 0 0 0 0 0 0 0 0 0 0 0 0 0 0 0 0 0 0 0 0 0 0.001372 0.003482 0.005592 0.006615 0.00735 0.008085 0.010485 0.01301 0.016818 0.037672 0.058525 0.07162 0.055531 0.039443 0.034873 0.051694 0.068516 0.07459 0.069475 0.064361 0.059333 0.054357 0.04938 0.046418 0.044057 0.041696 0.040157 0.0387 0.03726 0.036156 0.035052 0.033981 0.033045 0.032109 0.031231 0.030468 0.029706 0.029037 0.028474
0 0 0 0 0 0 0 0 0 0 0 0 0 0 0 0 0 0 0 0 0 0 0 0 0 0 0 0 0 0 0 0.005592 0.014194 0.022797 0.02697 0.029966 0.032962 0.042747 0.053042 0.064229 0.087279 0.110328 0.125179 0.109186 0.093193 0.085458 0.09306 0.100661 0.102462 0.098224 0.093987 0.088437 0.082117 0.075797 0.071466 0.067728 0.063991 0.06151 0.059153 0.056822 0.054992 0.053162 0.051378 0.049796 0.048213 0.046723 0.045423 0.044122 0.042989 0.042044
0 0 0 0 0 0 0 0 0 0 0 0 0 0 0 0 0 0 0 0 0 0 0 0 0 0 0 0 0 0 0 0.009812 0.024907 0.040002 0.047325 0.052582 0.05784 0.075008 0.093073 0.11164 0.136886 0.162131 0.178737 0.16284 0.146944 0.136044 0.134425 0.132806 0.130334 0.126973 0.123613 0.117541 0.109877 0.102213 0.096513 0.0914 0.086287 0.082863 0.079606 0.076384 0.073828 0.071271 0.068776 0.066547 0.064317 0.062216 0.060377 0.058538 0.05694 0.055614
0 0 0 0 0 0 0 0 0 0 0 0 0 0 0 0 0 0 0 0 0 0 0 0 0 0 0 0 0.000614 0.001817 0.003021 0.017105 0.038126 0.059146 0.070627 0.079572 0.088517 0.111914 0.136399 0.1608 0.184089 0.207378 0.223032 0.20996 0.196889 0.18407 0.17172 0.15937 0.152111 0.150153 0.148195 0.142097 0.133567 0.125037 0.118291 0.112078 0.105865 0.101671 0.097677 0.093723 0.090533 0.087343 0.084222 0.081395 0.078569 0.075901 0.073554 0.071207 0.069184 0.067524
0 0 0 0 0 0 0 0 0 0 0 0 0 0 0 0 0 0 0 0 0 0 0 0 0 0 0 0 0.004121 0.012202 0.020283 0.038889 0.063161 0.087433 0.107822 0.127177 0.146533 0.170713 0.195255 0.218202 0.219959 0.221715 0.223653 0.226274 0.228895 0.220028 0.189824 0.15962 0.145157 0.14708 0.149002 0.145211 0.138065 0.130919 0.124651 0.118644 0.112637 0.108486 0.104518 0.100579 0.097195 0.093811 0.090464 0.087278 0.084091 0.081062 0.078351 0.07564 0.073374 0.071609
0 0 0 0 0 0 0 0 0 0 0 0 0 0 0 0 0 0 0 0 0 0 0 0 0 0 0 0 0.007629 0.022587 0.037545 0.060672 0.088196 0.115721 0.145016 0.174783 0.20455 0.229511 0.254112 0.275605 0.255829 0.236052 0.224274 0.242588 0.260901 0.255985 0.207927 0.15987 0.138203 0.144006 0.149808 0.148326 0.142564 0.136802 0.131011 0.12521 0.119409 0.1153 0.111358 0.107434 0.103857 0.100279 0.096707 0.09316 0.089614 0.086223 0.083148 0.080073 0.077564 0.075693
0 0 0 0 0 0 0 0 0 0 0 0 0 0 0 0 0 0 0 0 0 0 0 0 0 6.2e-05 0.000229 0.000397 0.011587 0.033369 0.05515 0.082439 0.112695 0.14295 0.180843 0.220766 0.260689 0.285766 0.309726 0.329172 0.288641 0.248111 0.223095 0.256442 0.289789 0.288884 0.224369 0.159854 0.131587 0.14105 0.150512 0.151231 0.146816 0.1424 0.137101 0.131537 0.125974 0.12193 0.118037 0.11415 0.110383 0.106615 0.102821 0.098913 0.095005 0.091251 0.08781 0.084369 0.081613 0.079628
0 0 0 0 0 0 0 0 0 0 0 0 0 0 0 0 0 0 0 0 0 0 0 0 0 0.00254 0.009405 0.01627 0.033138 0.059618 0.086098 0.1036 0.116269 0.128937 0.163313 0.203459 0.243605 0.242795 0.238901 0.233118 0.202231 0.171344 0.151705 0.174381 0.197056 0.202511 0.175983 0.149455 0.138144 0.142674 0.147203 0.146006 0.141445 0.136885 0.13267 0.128559 0.124448 0.121376 0.118408 0.115399 0.111613 0.107828 0.103938 0.099603 0.095268 0.091085 0.08721 0.083336 0.080136 0.077698
0 0 0 0 0 0 0 0 0 0 0 0 0 0 0 0 0 0 0 0 0 0 0 0 0 0.005018 0.01858 0.032143 0.054689 0.085867 0.117045 0.124761 0.119843 0.114924 0.145783 0.186153 0.226522 0.199823 0.168076 0.137064 0.11582 0.094576 0.080314 0.092319 0.104324 0.116138 0.127597 0.139056 0.144702 0.144298 0.143894 0.14078 0.136075 0.13137 0.12824 0.125581 0.122921 0.120823 0.118779 0.116648 0.112844 0.109041 0.105055 0.100293 0.095531 0.090918 0.08661 0.082302 0.078659 0.075767
0 0 0 0 0 0 0 0 0 0 0 0 0 0 0 0 0 0 0 0 0 0 0 0 0 0.007496 0.027756 0.048016 0.07624 0.112117 0.147993 0.145922 0.123417 0.100911 0.128253 0.168846 0.209438 0.156851 0.097251 0.04101 0.029409 0.017808 0.008924 0.010258 0.011592 0.029765 0.079211 0.128657 0.151259 0.145922 0.140584 0.135554 0.130704 0.125855 0.12381 0.122602 0.121395 0.120269 0.11915 0.117897 0.114075 0.110254 0.106172 0.100983 0.095794 0.090752 0.08601 0.081268 0.077182 0.073837
0 0 0 0 0 0 0 0 0 0 0 0 0 0 0 0 0 0 0 0 0 0 0.000902 0.004823 0.008744 0.023542 0.056859 0.090176 0.113419 0.126981 0.140543 0.138846 0.128932 0.119017 0.128318 0.142727 0.157135 0.113702 0.065915 0.020947 0.013439 0.005931 0 0 0 0.013699 0.052839 0.09198 0.113533 0.11678 0.120028 0.119875 0.117725 0.115575 0.115403 0.115821 0.11624 0.116939 0.117666 0.118176 0.114578 0.110979 0.106967 0.101192 0.095416 0.089858 0.084738 0.079619 0.074824 0.070394
0 0 0 0 0 0 0 0 0 0 0 0 0 0 0 0 0 0 0 0 0 0 0.001933 0.010335 0.018738 0.041526 0.088809 0.136092 0.15283 0.140219 0.127608 0.127736 0.134724 0.141711 0.130896 0.115348 0.099801 0.070527 0.04022 0.01174 0.007532 0.003324 0 0 0 0.007678 0.029613 0.051549 0.069481 0.083244 0.097008 0.102703 0.103659 0.104615 0.106428 0.108497 0.110566 0.113213 0.115916 0.118317 0.114976 0.111635 0.107716 0.101332 0.094948 0.088859 0.083371 0.077882 0.07234 0.066735
0 0 0 0 0 0 0 0 0 0 0 0 0 0 0 0 0 0 0 0 0 0 0.002963 0.015847 0.028731 0.05951 0.120759 0.182009 0.192241 0.153457 0.114673 0.116627 0.140516 0.164406 0.133474 0.08797 0.042466 0.027352 0.014525 0.002532 0.001625 0.000717 0 0 0 0.001656 0.006387 0.011118 0.025428 0.049708 0.073988 0.08553 0.089592 0.093654 0.097453 0.101173 0.104893 0.109486 0.114166 0.118458 0.115375 0.112291 0.108465 0.101472 0.094479 0.087861 0.082003 0.076146 0.069855 0.063077
0 0 0 0 0 0 0 0 0 0 0 0 0 0 0 0 0 0 0 0 0 0 0.006768 0.036195 0.065621 0.102858 0.153392 0.203926 0.208568 0.169117 0.129667 0.121473 0.13011 0.138747 0.106612 0.063639 0.020666 0.011916 0.005742 0 0 0 0 0 0 0 0 0 0.010902 0.03315 0.055398 0.067124 0.072672 0.07822 0.082695 0.08685 0.091004 0.096423 0.101966 0.107225 0.10707 0.106914 0.105553 0.099048 0.092543 0.086273 0.080481 0.074689 0.068352 0.0614
0 0 0 0 0 0 0 0 0 0 0 0 0 0 0 0 0 0 0 0 0 0 0.011625 0.06217 0.112714 0.155826 0.186283 0.21674 0.216139 0.185697 0.155255 0.132372 0.11356 0.094747 0.068582 0.040463 0.012345 0.007002 0.003374 0 0 0 0 0 0 0 0 0 0.007574 0.023031 0.038488 0.048251 0.05467 0.061089 0.065744 0.069872 0.073999 0.079817 0.085802 0.091677 0.095463 0.09925 0.101253 0.095651 0.09005 0.084462 0.078901 0.073339 0.067221 0.060476
0 0 0 0 0 0 0 0 0 0 0 0 0 0 0 0 0 0 0 0 0 0 0.016482 0.088144 0.159806 0.208794 0.219174 0.229554 0.22371 0.202276 0.180843 0.143271 0.097009 0.050747 0.030553 0.017288 0.004023 0.002088 0.001006 0 0 0 0 0 0 0 0 0 0.004246 0.012912 0.021578 0.029378 0.036668 0.043958 0.048793 0.052894 0.056994 0.063211 0.069637 0.076129 0.083857 0.091585 0.096952 0.092255 0.087558 0.082651 0.07732 0.071989 0.06609 0.059552
0.00045 0.000193 0 0 0 0 0 0 0 0 0 0 0 0 0 0 0 0 0 0.000661 0.008002 0.015343 0.039526 0.120097 0.200668 0.247402 0.236524 0.225645 0.20849 0.185304 0.162119 0.122697 0.074532 0.026368 0.011764 0.006081 0.000398 0 0 0 0 0 0 0 0 0 0 0 0.002315 0.00704 0.011765 0.017458 0.02372 0.029983 0.033997 0.03734 0.040683 0.045903 0.05131 0.05702 0.068497 0.079974 0.088765 0.086109 0.083454 0.08016 0.075573 0.070986 0.066028 0.06065
0.001233 0.000528 0 0 0 0 0 0 0 0 0 0 0 0 0 0 0 0 0 0.00181 0.021917 0.042025 0.076013 0.156468 0.236923 0.275396 0.242385 0.209375 0.176425 0.143533 0.110642 0.07886 0.047675 0.01649 0.007195 0.003719 0.000243 0 0 0 0 0 0 0 0 0 0 0 0.001416 0.004306 0.007196 0.010678 0.014509 0.018339 0.020794 0.022839 0.024884 0.028077 0.031384 0.035279 0.050362 0.065445 0.077705 0.077932 0.078159 0.077167 0.073704 0.07024 0.066755 0.063244
0.002016 0.000864 0 0 0 0 0 0 0 0 0 0 0 0 0 0 0 0 0 0.002959 0.035833 0.068708 0.1125 0.192839 0.273179 0.30339 0.248247 0.193104 0.14436 0.101763 0.059165 0.035023 0.020818 0.006612 0.002627 0.001358 8.9e-05 0 0 0 0 0 0 0 0 0 0 0 0.000517 0.001572 0.002627 0.003898 0.005297 0.006695 0.007592 0.008338 0.009084 0.01025 0.011458 0.013539 0.032228 0.050917 0.066645 0.069754 0.072863 0.074174 0.071835 0.069495 0.067482 0.065838
0.012691 0.012354 0.011168 0.007441 0.003713 0.001243 0.00074 0.000236 0 0 0 0 0 0 0 0 0 0 0 0.005062 0.061312 0.117561 0.172428 0.222667 0.272907 0.281999 0.221031 0.160063 0.108933 0.067255 0.025577 0.008492 0.00465 0.000807 0 0 0 0 0 0 0 0 0 0 0 0 0 0 0 0 0 0 0 0 0 0 0 0 0 0.000946 0.019869 0.038791 0.055206 0.060928 0.06665 0.070185 0.069279 0.068374 0.067784 0.067551
0.036751 0.038934 0.037447 0.024948 0.012449 0.004167 0.00248 0.000793 0 0 0 0 0 0 0 0 0 0 0 0.008458 0.102434 0.196409 0.264072 0.243642 0.223213 0.193792 0.149061 0.104331 0.068957 0.042574 0.016191 0.005376 0.002943 0.000511 0 0 0 0 0 0 0 0 0 0 0 0 0 0 0 0 0 0 0 0 0 0 0 0 0 0.00073 0.015324 0.029918 0.043253 0.051224 0.059194 0.064847 0.065797 0.066746 0.067513 0.068073
0.060811 0.065515 0.063726 0.042456 0.021186 0.007091 0.00422 0.001349 0 0 0 0 0 0 0 0 0 0 0 0.011853 0.143555 0.275257 0.355716 0.264618 0.17352 0.105585 0.077092 0.048599 0.028982 0.017894 0.006805 0.002259 0.001237 0.000215 0 0 0 0 0 0 0 0 0 0 0 0 0 0 0 0 0 0 0 0 0 0 0 0 0 0.000513 0.010779 0.021044 0.031301 0.041519 0.051738 0.05951 0.062314 0.065118 0.067241 0.068595
0.10033 0.109667 0.108298 0.074813 0.041328 0.018168 0.011158 0.004149 0.001272 0.002061 0.00285 0.00332 0.003634 0.003948 0.002979 0.00171 0.00044 0.002558 0.004853 0.020915 0.176164 0.331413 0.418456 0.277154 0.135852 0.040773 0.024399 0.008024 0 0 0 0 0 0 0 0 0 0 0 0 0 0 0 0 0 0 0 0 0 0 0 0 0 0 0 0 0 0 0 0.000325 0.00683 0.013335 0.020801 0.032362 0.043924 0.053213 0.057891 0.062569 0.06602 0.068087
0.180608 0.200141 0.201097 0.146319 0.09154 0.05074 0.031801 0.012862 0.005899 0.009556 0.013214 0.015395 0.016849 0.018303 0.013812 0.007927 0.002042 0.011859 0.022502 0.044915 0.18633 0.327744 0.404997 0.267444 0.129891 0.037639 0.022523 0.007407 0 0 0 0 0 0 0 0 0 0 0 0 0 0 0 0 0 0 0 0 0 0 0 0 0 0 0 0 0 0 0 0.000212 0.004455 0.008697 0.014131 0.024648 0.035166 0.04439 0.050992 0.057593 0.062297 0.064862
0.260885 0.290616 0.293896 0.217825 0.141753 0.083311 0.052443 0.021574 0.010525 0.017051 0.023577 0.027469 0.030064 0.032658 0.024645 0.014144 0.003643 0.021159 0.040151 0.068915 0.196495 0.324075 0.391537 0.257733 0.123929 0.034505 0.020648 0.00679 0 0 0 0 0 0 0 0 0 0 0 0 0 0 0 0 0 0 0 0 0 0 0 0 0 0 0 0 0 0 0 9.9e-05 0.002079 0.004059 0.007462 0.016935 0.026407 0.035567 0.044092 0.052616 0.058574 0.061637
0.322203 0.357242 0.362022 0.276028 0.190033 0.120788 0.077741 0.034694 0.019498 0.028999 0.038501 0.044303 0.048284 0.052265 0.0406 0.025265 0.00993 0.035638 0.063505 0.0987 0.207975 0.31725 0.371973 0.244061 0.116149 0.030964 0.018528 0.006093 0 0 0 0 0 0 0 0 0 0 0 0 0 0 0 0 0 0 0 0 0 0 0 0 0 0 0 0 0 0 0 0 0 0 0.001562 0.009781 0.018 0.026852 0.036986 0.047121 0.054228 0.057922
0.250806 0.256928 0.257438 0.241112 0.224787 0.192608 0.135634 0.078659 0.058891 0.072116 0.085341 0.094454 0.101541 0.108628 0.092404 0.070713 0.049021 0.086358 0.126802 0.168978 0.228656 0.288334 0.309673 0.202657 0.095641 0.02457 0.014702 0.004835 0 0 0 0 0 0 0 0 0 0 0 0 0 0 0 0 0 0 0 0 0 0 0 0 0 0 0 0 0 0 0 0 0 0 0.001045 0.006548 0.01205 0.018889 0.028441 0.037994 0.045525 0.050777
0.179409 0.156614 0.152853 0.206197 0.25954 0.264428 0.193526 0.122625 0.098284 0.115233 0.132182 0.144604 0.154798 0.164991 0.144208 0.11616 0.088112 0.137079 0.190099 0.239255 0.249336 0.259418 0.247373 0.161253 0.075133 0.018176 0.010877 0.003577 0 0 0 0 0 0 0 0 0 0 0 0 0 0 0 0 0 0 0 0 0 0 0 0 0 0 0 0 0 0 0 0 0 0 0.000529 0.003314 0.006099 0.010925 0.019896 0.028866 0.036821 0.043631
0.108011 0.0563 0.048269 0.171281 0.294293 0.336248 0.251419 0.166591 0.137678 0.15835 0.179022 0.194755 0.208054 0.221354 0.196013 0.161608 0.127203 0.1878 0.253396 0.309533 0.270017 0.230501 0.185073 0.119849 0.054625 0.011783 0.007051 0.002319 0 0 0 0 0 0 0 0 0 0 0 0 0 0 0 0 0 0 0 0 0 0 0 0 0 0 0 0 0 0 0 0 0 0 1.3e-05 8.1e-05 0.000149 0.002962 0.011351 0.019739 0.028118 0.036485
