NetLogoInput/pp2_resistance.asc
NCOLS 141 
NROWS 155 
XLLCORNER -814385.5599279 
YLLCORNER -11926.5307948138 
CELLSIZE 30 
NODATA_value -9999 
[rows 28 to 55 of 155, columns 64 to 127 of 141]
314.445368 329.874213 345.303059 394.831389 487.658627 580.485865 639.441844 674.260847 709.079851 727.490231 739.74629 752.002349 766.049411 780.362745 794.503944 796.437295 798.370645 800 800 800 800 800 800 800 800 800 800 800 800 767.820175 723.772676 679.725176 540.553639 387.65665 236.102746 161.121608 86.14047 21.95133 14.180341 6.409352 1 1 1 1 1 1 1 1 1 1 1 1 1 1 1 1 1 1 1 1 1 1 1 1.264293
383.451116 396.309641 409.168165 430.946485 464.050998 497.155511 528.532821 558.679309 588.825798 621.222571 654.46335 687.704129 721.157087 754.64159 787.720574 792.040114 796.359654 800 800 800 800 800 800 800 800 800 800 800 800 728.103024 629.690988 531.278953 405.582626 275.949448 147.737195 100.535527 53.333858 12.99691 8.547175 4.097441 1 1 1 1 1 1 1 1 1 1 1 1 1 1 1 1 1 1 1 1 1 1 1 1.590489
452.456864 462.745068 473.033272 467.061581 440.44337 413.825158 417.623798 443.097771 468.571745 514.95491 569.18041 623.40591 676.264763 728.920434 780.937203 787.642933 794.348663 800 800 800 800 800 800 800 800 800 800 800 800 688.385872 535.6093 382.832729 270.611614 164.242247 59.371644 39.949446 20.527247 4.042489 2.91401 1.78553 1 1 1 1 1 1 1 1 1 1 1 1 1 1 1 1 1 1 1 1 1 1 1 1.916686
476.356449 468.33091 460.305371 433.963267 384.363122 334.762977 325.901342 346.070354 366.239365 430.016682 510.150007 590.283332 654.938307 717.292093 778.882182 786.310808 793.739434 800 800 800 800 800 800 784.361382 749.131677 713.901972 696.383504 691.314054 686.244605 574.050598 422.349867 270.649137 181.77771 101.971927 23.405785 15.514838 7.62389 1 1 1 1 1 1 1 1 1 1 1 1 1 1 1 1 1 1 1 1 1 1 1 9.132811 35.60356 62.074309 66.933991
477.042803 442.601398 408.159993 365.24528 311.571314 257.897347 244.052974 258.591544 273.130113 356.055336 464.63009 573.204844 645.739682 712.916414 779.260539 786.55607 793.851601 800 800 800 800 800 800 760.674577 672.084712 583.494847 539.442286 526.694469 513.946652 421.314194 299.220887 177.127579 116.687598 65.143577 14.406665 9.685059 4.963453 1 1 1 1 1 1 1 1 1 1 1 1 1 1 1 1 1 1 1 1 1 1 1 21.451054 88.015338 154.579623 165.243633
477.729158 416.871887 356.014616 296.527293 238.779505 181.031718 162.204606 171.112734 180.020861 282.093989 419.110173 556.126357 636.541057 708.540735 779.638895 786.801332 793.963768 800 800 800 800 800 800 736.987772 595.037747 453.087722 382.501069 362.074884 341.648699 268.57779 176.091906 83.606022 51.597486 28.315228 5.407545 3.855281 2.303016 1 1 1 1 1 1 1 1 1 1 1 1 1 1 1 1 1 1 1 1 1 1 1 33.769297 140.427116 247.084936 263.553276
474.594697 406.398961 338.203225 272.241068 209.115069 145.989069 121.874256 125.55918 129.244104 230.162255 367.549317 504.93638 599.509907 687.718285 774.823329 783.67974 792.53615 800 800 800 800 800 800 719.402984 537.839043 356.275101 266.728781 241.860553 216.992326 162.546946 97.193736 31.840526 16.686104 8.774866 1 1 1 1 1 1 1 1 1 1 1 1 1 1 1 1 1 1 1 1 1 1 1 1 1 1 35.052415 145.886542 256.720669 273.612213
467.792558 410.571138 353.349718 290.605784 220.849463 151.093142 121.397886 120.250523 119.103159 199.377189 310.189644 421.002098 535.761756 651.108249 765.022012 777.326237 789.630462 800 800 800 800 800 800 707.675645 499.693083 291.710521 190.475375 164.271719 138.068064 101.349708 60.753611 20.157514 10.743892 5.82959 1 1 1 1 1 1 1 1 1 1 1 1 1 1 1 1 1 1 1 1 1 1 1 1 1 1 25.742696 106.275461 186.808225 198.957523
460.990419 414.743315 368.496211 308.970501 232.583857 156.197214 120.921516 114.941865 108.962214 168.592123 252.82997 337.067817 472.013605 614.498214 755.220695 770.972735 786.724774 800 800 800 800 800 800 695.948306 461.547124 227.145942 114.22197 86.682885 59.143801 40.15247 24.313486 8.474501 4.801679 2.884314 1 1 1 1 1 1 1 1 1 1 1 1 1 1 1 1 1 1 1 1 1 1 1 1 1 1 16.432977 66.664379 116.895781 124.302833
456.655591 423.846127 391.036662 334.838549 248.941953 163.045357 121.723169 112.165122 102.607075 143.30493 202.852081 262.399233 415.477764 582.461739 747.381283 765.890997 784.40071 800 800 800 800 800 800 693.736469 454.352598 214.968727 93.205305 54.1159 15.026495 3.600938 2.377598 1.154258 1 1 1 1 1 1 1 1 1 1 1 1 1 1 1 1 1 1 1 1 1 1 1 1 1 1 1 1 9.393106 36.711065 64.029025 67.902013
456.702816 441.705961 426.709107 374.032842 273.511944 172.991047 124.794644 113.885169 102.975694 127.782198 165.984564 204.18693 371.751302 558.548108 743.0263 763.067968 783.109636 800 800 800 800 800 800 708.42458 502.12917 295.833761 170.291506 101.509685 32.727863 10.821255 6.20187 1.582485 1 1 1 1 1 1 1 1 1 1 1 1 1 1 1 1 1 1 1 1 1 1 1 1 1 1 1 1 6.384581 23.910369 41.436156 43.920864
456.75004 459.565796 462.381552 413.227135 298.081936 182.936736 127.86612 115.605217 103.344313 112.259467 129.117048 145.974628 328.024841 534.634477 738.671316 760.244939 781.818562 800 800 800 800 800 800 723.11269 549.905743 376.698795 247.377707 148.903469 50.429231 18.041572 10.026141 2.010711 1 1 1 1 1 1 1 1 1 1 1 1 1 1 1 1 1 1 1 1 1 1 1 1 1 1 1 1 3.376057 11.109672 18.843286 19.939715
457.130302 473.880014 490.629725 444.134498 317.331995 190.529492 130.047814 116.82698 103.606146 100 100 100 293.654334 516.099533 735.765964 758.361604 780.957245 800 800 800 800 800 800 736.203318 592.486123 448.768928 315.991072 190.902348 65.813623 24.154663 13.263967 2.37327 1 1 1 1 1 1 1 1 1 1 1 1 1 1 1 1 1 1 1 1 1 1 1 1 1 1 1 1 1 1 1 1
458.761725 474.87402 490.986315 443.909431 316.596076 189.282721 128.886769 116.176787 103.466805 100 100 100 294.432381 517.771301 738.306599 760.008519 781.710439 800 800 800 800 800 800 743.292507 615.545394 487.798282 352.773594 212.633587 72.493579 26.108118 14.298622 2.489127 1 1 1 1 1 1 1 1 1 1 1 1 1 1 1 1 1 1 1 1 1 1 1 1 1 1 1 1 1 1 1 1
460.393148 475.868026 491.342904 443.684365 315.860157 188.03595 127.725723 115.526593 103.327463 100 100 100 295.210428 519.443069 740.847234 761.655434 782.463633 800 800 800 800 800 800 750.381695 638.604665 526.827635 389.556117 234.364826 79.173535 28.061573 15.333278 2.604983 1 1 1 1 1 1 1 1 1 1 1 1 1 1 1 1 1 1 1 1 1 1 1 1 1 1 1 1 1 1 1 1
462.392978 477.086498 491.780018 443.459298 315.12424 186.789182 126.56468 114.876401 103.188123 101.130308 102.684557 104.238806 299.178907 522.869958 743.725983 763.521523 783.317064 800 800 800 800 800 800 756.286059 657.810013 559.333967 420.154945 252.366284 84.577623 29.557524 16.125615 2.693706 1 1 1 1 1 1 1 1 1 1 1 1 1 1 1 1 1 1 1 1 1 1 1 1 1 1.007376 1.052376 1.097377 1.11558 1.07336 1.03114 1.00669
470.141585 481.80763 493.473676 443.23424 314.388347 185.542455 125.403676 114.226231 103.048786 119.898436 147.260105 174.621774 352.932254 553.684509 751.880799 768.807716 785.734632 800 800 800 800 800 800 743.701911 616.877079 490.052247 354.260726 212.166625 70.072524 23.914386 13.136703 2.359019 1 1 1 1 1 1 1 1 1 1 1 1 1 1 1 1 1 1 1 1 1 1 1 1 1 1.129847 1.922058 2.71427 3.034726 2.291465 1.548204 1.117779
477.890192 486.528763 495.167333 443.009181 313.652454 184.295728 124.242671 113.57606 102.90945 138.666563 191.835653 245.004742 406.685601 584.49906 760.035616 774.093908 788.1522 800 800 800 800 800 800 731.117763 575.944145 420.770527 288.366507 171.966966 55.567426 18.271249 10.147791 2.024333 1 1 1 1 1 1 1 1 1 1 1 1 1 1 1 1 1 1 1 1 1 1 1 1 1 1.252318 2.79174 4.331162 4.953872 3.50957 2.065268 1.228868
485.6388 491.249895 496.86099 442.784122 312.916562 183.049001 123.081667 112.92589 102.770114 157.434691 236.4112 315.38771 460.438948 615.313611 768.190433 779.380101 790.569769 800 800 800 800 800 800 718.533615 535.011211 351.488807 222.472288 131.767308 41.062328 12.628111 7.158879 1.689647 1 1 1 1 1 1 1 1 1 1 1 1 1 1 1 1 1 1 1 1 1 1 1 1 1 1.374789 3.661422 5.948055 6.873018 4.727675 2.582332 1.339957
490.283238 494.079695 497.876152 452.674596 345.256254 237.837912 188.610786 180.851269 173.091751 223.712438 296.229575 368.746712 498.383983 636.513385 772.854964 782.403788 791.952611 800 800 800 800 800 800 731.580792 577.450257 423.319722 290.028686 171.385487 52.742288 15.71871 8.795828 1.872946 30.367385 63.972191 97.039015 99.434114 101.829212 98.363393 64.258008 30.152622 5.836258 3.941739 2.047219 1 1 1 1 1 1 1 1 1 1 1 1 1 1 1.303826 3.157505 5.011184 5.760138 4.018146 2.276154 1.26873
494.621514 496.722954 498.824394 463.562761 380.858178 298.153595 260.717527 255.540227 250.362927 294.676041 357.551344 420.426646 534.769849 656.764859 777.175251 785.204325 793.233399 800 800 800 800 800 800 747.155976 628.112248 509.06852 370.747266 218.876068 67.004871 19.670714 10.889024 2.107333 62.631263 133.155304 202.550321 207.576745 212.60317 205.329699 133.755128 62.180556 11.149514 7.17362 3.197725 1 1 1 1 1 1 1 1 1 1 1 1 1 1 1.213785 2.518111 3.822436 4.34821 3.118494 1.888779 1.179521
498.959789 499.366212 499.772635 474.450926 416.460103 358.469279 332.824267 330.229185 327.634103 365.639644 418.873112 472.106581 571.155716 677.016332 781.495537 788.004862 794.514186 800 800 800 800 800 800 762.731161 678.77424 594.817318 451.465846 266.36665 81.267453 23.622717 12.982219 2.341721 94.895141 202.338417 308.061626 315.719377 323.377128 312.296004 203.252247 94.208491 16.462771 10.405501 4.348231 1 1 1 1 1 1 1 1 1 1 1 1 1 1 1.123743 1.878716 2.633689 2.936282 2.218843 1.501405 1.090312
458.837417 447.67532 436.513224 423.069201 406.727629 390.386057 383.442097 383.194963 382.947829 410.975149 449.607265 488.23938 581.628829 683.159129 783.359112 789.212886 795.06666 800 800 800 800 800 800 774.558911 717.24681 659.934709 512.343837 301.297089 90.250341 25.105178 13.767411 2.429644 88.603858 188.84808 287.474578 293.870443 300.266308 289.386548 188.193696 87.000843 14.905496 9.458261 4.011026 1 1 1 1 1 1 1 1 1 1 1 1.011788 1.584809 2.15783 2.623991 2.545039 2.466088 2.266273 1.793935 1.321596 1.052288
404.692144 378.847423 353.002702 352.047536 382.696675 413.345813 427.282319 429.309245 431.336171 448.227546 470.694075 493.160605 583.929053 684.852045 784.44784 789.918632 795.389423 800 800 800 800 800 800 785.20472 751.874834 718.544948 566.9641 332.266057 97.568013 25.808744 14.140057 2.471371 70.152266 149.282516 227.116078 231.022137 234.928196 225.514244 146.466263 67.418283 11.181254 7.192926 3.204598 1 1 1 1 1 1 1 1 1 1 1 1.027293 2.354067 3.680841 4.625815 3.623186 2.620557 1.830267 1.51876 1.207253 1.030408
350.546872 310.019526 269.492181 281.025871 358.66572 436.305569 471.122541 475.423526 479.724512 485.479943 491.780886 498.081829 586.229277 686.544962 785.536568 790.624377 795.712186 800 800 800 800 800 800 795.850529 786.502858 777.155187 621.584364 363.235024 104.885684 26.51231 14.512704 2.513099 51.700675 109.716952 166.757578 168.173831 169.590084 161.64194 104.738831 47.835722 7.457012 4.92759 2.398169 1 1 1 1 1 1 1 1 1 1 1 1.042798 3.123325 5.203851 6.62764 4.701333 2.775026 1.39426 1.243585 1.09291 1.008528
292.436964 245.203587 197.97021 211.308647 301.560073 391.811499 434.020755 441.99471 449.968665 452.048556 451.917783 451.78701 553.266804 669.853186 784.892408 790.206813 795.521219 800 800 800 800 800 800 800 800 800 642.508664 374.318538 106.128412 25.4639 13.957409 2.450919 36.080102 76.221914 115.677972 116.037401 116.39683 110.449073 71.528762 32.608451 5.035739 3.454809 1.873879 1 1 1 1 1 1 1 1 1 1 1 1.042062 3.08681 5.131557 6.518144 4.547377 2.576609 1.188607 1.114627 1.040647 1
231.794684 182.950246 134.105809 142.424621 223.328292 304.231963 345.218062 357.758524 370.298987 373.468601 373.123525 372.77845 497.780632 641.418369 783.141381 789.071747 795.002112 800 800 800 800 800 800 800 800 800 641.909999 372.700414 103.49083 23.296433 12.809401 2.32237 22.267815 46.604365 70.525166 70.743075 70.960984 67.355071 43.759074 20.163077 3.446724 2.488263 1.529801 1 1 1 1 1 1 1 1 1 1 1 1.030952 2.535615 4.040278 5.060063 3.606427 2.152791 1.130089 1.079062 1.028036 1
171.152404 120.696905 70.241407 73.540595 145.096511 216.652426 256.415368 273.522339 290.62931 294.888646 294.329267 293.769889 442.294459 612.983553 781.390355 787.93668 794.483004 800 800 800 800 800 800 800 800 800 641.311334 371.082291 100.853248 21.128965 11.661393 2.19382 8.455529 16.986816 25.372361 25.44875 25.525139 24.26107 15.989386 7.717703 1.85771 1.521717 1.185724 1 1 1 1 1 1 1 1 1 1 1 1.019842 1.984421 2.948999 3.601981 2.665477 1.728972 1.071572 1.043498 1.015424 1
