NetLogoInput/pp2_corridors.asc
NCOLS 141 
NROWS 155 
XLLCORNER -814385.5599279 
YLLCORNER -11926.5307948138 
CELLSIZE 30 
NODATA_value -9999 
[rows 78 to 103 of 155, columns 0 to 57 of 141]
9909 9909.03839789723 9909.30522728053 9909.57205666383 9912.55040453545 9922.25721711264 9931.96402968983 9933.46781182051 9924.12310683964 9914.77840185878 9924.72266091139 9948.98802616443 9973.25339141747 9972.96016439679 9962.98500611122 9953.00984782566 -9999 -9999 -9999 -9999 -9999 -9999 -9999 -9999 -9999 -9999 -9999 -9999 -9999 -9999 -9999 -9999 -9999 -9999 -9999 -9999 9984 9984 9984 9984 9984 9984 9984 9984 -9999 -9999 -9999 -9999 -9999 -9999 -9999 -9999 -9999 -9999 -9999 -9999 -9999 -9999
9909 9909.02438291588 9909.19382131941 9909.36325972294 9911.25453010064 9917.4184195724 9923.58230904417 9924.63606149376 9918.93167059809 9913.22727970241 9922.81991908666 9943.76985038196 9964.71978167726 9965.86702874953 9959.20730442171 9952.54758009388 -9999 -9999 -9999 -9999 -9999 -9999 -9999 -9999 -9999 -9999 -9999 -9999 -9999 -9999 -9999 -9999 -9999 -9999 -9999 -9999 9984 9984 9984 9984 9984 9984 9984 9984 -9999 -9999 -9999 -9999 -9999 -9999 -9999 -9999 -9999 -9999 -9999 -9999 -9999 -9999
9909 9909.01036793452 9909.08241535829 9909.15446278205 9909.95865566583 9912.57962203217 9915.2005883985 9915.80431116702 9913.74023435653 9911.67615754604 9920.91717726193 9938.55167459949 9956.18617193705 9958.77389310227 9955.42960273219 9952.0853123621 9951.61902120881 -9999 -9999 -9999 -9999 -9999 -9999 -9999 -9999 -9999 -9999 -9999 -9999 -9999 -9999 -9999 -9999 -9999 9984 9984 9984 9984 9984 9984 9984 9984 9984 9984 9984 9984 -9999 -9999 -9999 -9999 -9999 -9999 -9999 -9999 -9999 -9999 -9999 9984
9909 9909 9909 9909 9909 9909 9909 9909.24843076273 9909.82541058364 9910.40239040455 9918.64136883376 9932.56900402994 9946.49663922611 9949.84818028356 9949.03022272476 9948.21226516597 9936.31987801719 9922.63322055891 -9999 -9999 -9999 -9999 -9999 -9999 -9999 -9999 -9999 -9999 -9999 -9999 -9999 -9999 -9999 9983.95750432064 9983.89852931197 9983.83955430331 9982.9710537056 9981.97502399842 9980.98604733894 9980.96451323004 9980.94297912114 9980.91189831185 9980.82696087748 9980.7420234431 9973.3071382811 9948.21423881096 9923.12133934082 9909 9909 9909 9909 9909 9909 9909.53566806002 9910.27563887598 9911.01560969194 9932.19527558628 9956.50398252533
9909 9909 9909 9909 9909 9909 9909 9909.16246187159 9909.53977915929 9909.917096447 9915.30499543701 9924.41300467039 9933.52101390377 9935.71276192613 9935.17785668966 9934.6429514532 9926.86589738534 9917.91547610074 -9999 -9999 -9999 -9999 -9999 -9999 -9999 -9999 -9999 -9999 -9999 -9999 -9999 -9999 -9999 9983.79420064499 9983.50859469803 9983.22298875107 9979.01698791692 9974.19338527313 9969.40393934107 9969.29965331037 9969.19536727967 9969.044848201 9968.63351063741 9968.22217307381 9961.86861771209 9941.23907416786 9920.60953062363 9909 9909 9909 9909 9909 9909 9909.53566806002 9910.27563887598 9911.01560969194 9928.17710996734 9947.85252444244
9909 9909 9909 9909 9909 9909 9909 9909.07649298045 9909.25414773495 9909.43180248944 9911.96862204027 9916.25700531085 9920.54538858143 9921.5773435687 9921.32549065456 9921.07363774042 9917.4119167535 9913.19773164256 9909 9909 -9999 -9999 -9999 -9999 -9999 -9999 -9999 -9999 -9999 -9999 -9999 9984 9984 9983.63089696934 9983.11866008409 9982.60642319883 9975.06292212825 9966.41174654785 9957.82183134319 9957.6347933907 9957.4477554382 9957.17779809014 9956.44006039733 9955.70232270453 9950.43009714307 9934.26390952475 9918.09772190644 9909 9909 9909 9909 9909 9909 9909.53566806002 9910.27563887598 9911.01560969194 9924.15894434839 9939.20106635956
9909.18118669097 9909 9909 9909 9909 9909 9909 9909 9909 9909 9909 9909 9909 9909 9909 9909 9909 9909 9909 9909 9909 9909 9909 9909 9909 9909 9909 9909.41617365587 9910.37531061322 9911.33444757057 9926.07506221248 9950.90907624731 9975.74309028213 9981.856389304 9980.71001317313 9979.56363704227 9969.38283095908 9957.77878042012 9946.2597360723 9946.40070166041 9946.54166724851 9946.44825829969 9945.03265204186 9943.61704578403 9939.15880184167 9927.39071818904 9915.62263453642 9909 9909 9909 9909 9909 9909 9909.5169239497 9910.23100168813 9910.94507942657 9920.17834410848 9930.7157811624
9910.82497792366 9909 9909 9909 9909 9909 9909 9909 9909 9909 9909 9909 9909 9909 9909 9909 9909 9909 9909 9909 9909 9909 9909 9909 9909 9909 9909 9909.41617365588 9910.37531061322 9911.33444757057 9923.65967034222 9944.30928664292 9964.95890294361 9967.07565993222 9962.00559002004 9956.93552010786 9949.76963826257 9942.2735914008 9934.85919077631 9938.64392665166 9942.42866252702 9944.90111348542 9939.97045825077 9935.03980301612 9929.23740941997 9921.34069229517 9913.44397517036 9909 9909 9909 9909 9909 9909 9909.34687059731 9909.8260369656 9910.30520333389 9916.5009852032 9923.57190363745
9912.46876915635 9909 9909 9909 9909 9909 9909 9909 9909 9909 9909 9909 9909 9909 9909 9909 9909 9909 9909 9909 9909 9909 9909 9909 9909 9909 9909 9909.41617365587 9910.37531061322 9911.33444757057 9921.24427847197 9937.70949703853 9954.1747156051 9952.29493056043 9943.30116686694 9934.30740317344 9930.15644556606 9926.76840238148 9923.45864548032 9930.88715164292 9938.31565780552 9943.35396867116 9934.90826445969 9926.46256024822 9919.31601699827 9915.29066640129 9911.26531580431 9909 9909 9909 9909 9909 9909 9909.17681724493 9909.42107224307 9909.66532724121 9912.82362629792 9916.42802611251
9914.11256038904 9909 9909 9909 9909 9909 9909 9909 9909 9909 9909 9909 9909 9909 9909 9909 9909 9909 9909 9909 9909 9909 9909 9909 9909 9909 9909 9909.41617365587 9910.37531061322 9911.33444757057 9918.82888660172 9931.10970743415 9943.39052826657 9937.51420118865 9924.59674371384 9911.67928623903 9910.54325286955 9911.26321336216 9912.05810018433 9923.13037663418 9934.20265308403 9941.80682385689 9929.8460706686 9917.88531748031 9909.39462457657 9909.24064050741 9909.08665643825 9909 9909 9909 9909 9909 9909 9909.00676389254 9909.01610752053 9909.02545114853 9909.14626739264 9909.28414858757
9917.50579094853 9909.97367143026 9912.69660323305 9915.41953503583 9917.38318825475 9917.46273882967 9917.54228940459 9917.62183653828 9917.70137912094 9917.78092170361 9917.8604596981 9917.93999428611 9918.01952887412 9918.09905772932 9918.17858432444 9918.25811091955 9918.12079478975 9917.94834597344 9917.76559193786 9914.9536934594 9912.14179498093 9910.21844290949 9913.44132202466 9916.66420113982 9918.97370396418 9919.05319858259 9919.13269320101 9919.37721013174 9919.83702435064 9920.29683856953 9923.41532993299 9928.48100656143 9933.54668318988 9928.41343109959 9919.32515328765 9910.23687547572 9909.76313577166 9910.6464926045 9911.63586930197 9927.16763001316 9942.69939072434 9953.42087890171 9937.00576135769 9920.59064381366 9909.10038151523 9909.44192640982 9909.78347130441 9911.66206666947 9915.51897788218 9919.3758890949 9921.03970010726 9921.11912277257 9921.19854543788 9921.27796231592 9921.3573769867 9921.43679165748 9921.51619939349 9921.59560606787
9920.97148803233 9910.98767497338 9916.54632980333 9922.10498463328 9926.11363091616 9926.27602726668 9926.43842361721 9926.60081294272 9926.76319297767 9926.92557301263 9927.08794368119 9927.25030739568 9927.41267111016 9927.57502312156 9927.73737051916 9927.89971791677 9927.61939765044 9927.26735671987 9926.89427848065 9921.15400505819 9915.41373163574 9911.48735703074 9918.06661565982 9924.6458742889 9929.36054581181 9929.52282793146 9929.6851100511 9929.75085976932 9929.69066794694 9929.63047612456 9928.29180827893 9926.01679896018 9923.74178964143 9919.5479403375 9914.60998724517 9909.67203415284 9909.76313577166 9910.6464926045 9911.66838999406 9931.69342405296 9951.71845811185 9965.58010655974 9944.671715668 9923.76332477626 9909.20492110522 9909.90215861077 9910.59939611632 9914.43440336433 9922.30798951854 9930.18157567276 9933.57811726463 9933.74025249758 9933.90238773053 9934.0645111492 9934.22663006192 9934.38874897465 9934.55085373058 9934.71295631928
9924.43718511612 9912.0016785165 9920.39605637362 9928.79043423074 9934.84407357756 9935.08931570369 9935.33455782982 9935.57978934716 9935.8250068344 9936.07022432165 9936.31542766428 9936.56062050524 9936.80581334619 9937.0509885138 9937.29615671389 9937.54132491398 9937.11800051114 9936.58636746631 9936.02296502343 9927.35431665699 9918.68566829054 9912.75627115198 9922.69190929498 9932.62754743798 9939.74738765944 9939.99245728032 9940.2375269012 9940.1245094069 9939.54431154324 9938.96411367959 9933.16828662486 9923.55259135893 9913.93689609299 9910.6824495754 9909.89482120269 9909.10719282997 9909.76313577166 9910.6464926045 9911.70091068615 9936.21921809276 9960.73752549936 9977.73933421776 9952.33766997831 9926.93600573886 9909.30946069521 9910.36239081172 9911.41532092824 9917.2067400592 9929.09700115491 9940.98726225062 9946.116534422 9946.36138222259 9946.60623002317 9946.85105998247 9947.09588313715 9947.34070629183 9947.58550806767 9947.8303065707
9925.09488819693 9912.810535104 9926.02663107562 9939.24272704725 9948.71834109348 9948.91218157805 9949.10602206263 9949.29985416197 9949.49367517187 9949.68749618176 9949.88130601169 9950.07510754104 9950.2689090704 9950.46269663065 9950.65647868376 9950.85026073687 9950.51566321613 9950.09545805541 9949.62463434783 9936.23962920621 9922.8546240646 9913.55862088663 9927.9450604723 9942.33150005798 9952.59394269861 9952.78764683425 9952.98135096991 9952.87220375588 9952.3679398247 9951.86367589352 9943.03224142953 9928.10208084018 9913.17192025083 9909 9909 9909 9909 -9999 -9999 -9999 9984 9984 9984 -9999 -9999 -9999 9912.20069995975 9919.13656766065 9934.99949224982 9950.86241683898 9957.62814507767 9957.82167388556 9958.01520269344 9958.2087173995 9958.40222672715 9958.5957360548 9958.78922848452 9958.9827183274
9925.09488819693 9913.57134109573 9932.074325366 9950.57730963627 9963.7974222416 9963.90841695057 9964.01941165954 9964.13040156706 9964.24138512466 9964.35236868226 9964.46334583812 9964.574318241 9964.68529064389 9964.79625504794 9964.90721629856 9965.01817754917 9964.82658416497 9964.58597111849 9964.27398915615 9945.75383675849 9927.23368436083 9914.25168946392 9933.34527173571 9952.43885400749 9966.0166246605 9966.12754129492 9966.23845792933 9966.17595930691 9965.88721349404 9965.59846768117 9954.06438912523 9934.2943552327 9914.52432134017 9909 9909 9909 -9999 -9999 -9999 -9999 -9999 -9999 -9999 -9999 -9999 -9999 -9999 9920.86905836405 9940.69433785449 9960.51961734494 9968.89925172982 9969.01006797007 9969.12088421032 9969.23169237575 9969.34249746145 9969.45330254715 9969.56409795695 9969.6748918855
9925.09488819693 9914.33214708746 9938.12201965638 9961.91189222529 9978.87650338972 9978.90465232309 9978.93280125645 9978.96094897214 9978.98909507746 9979.01724118277 9979.04538566456 9979.07352894097 9979.10167221737 9979.12981346523 9979.15795391336 9979.18609436148 9979.1375051138 9979.07648418158 9978.92334396447 9955.26804431077 9931.61274465706 9914.94475804122 9938.74548299911 9962.546207957 9979.43930662239 9979.46743575558 9979.49556488876 9979.47971485794 9979.40648716338 9979.33325946881 9965.09653682093 9940.48662962522 9915.87672242951 9909 9909 9909 -9999 -9999 -9999 -9999 -9999 -9999 -9999 -9999 -9999 -9999 -9999 9922.60154906744 9946.38918345917 9970.1768178509 9980.17035838198 9980.19846205459 9980.22656572721 9980.25466735199 9980.28276819574 9980.3108690395 9980.33896742938 9980.36706544362
-9999 -9999 -9999 9984 9984 9984 9984 9984 9984 9984 9984 9984 9984 9984 9984 9984 9984 9984 9984 9984 -9999 -9999 -9999 9984 9984 9984 9984 9984 9984 9984 9984 -9999 -9999 -9999 -9999 -9999 -9999 -9999 -9999 -9999 -9999 -9999 -9999 -9999 -9999 -9999 -9999 -9999 9984 9984 9984 9984 9984 9984 9984 9984 9984 9984
-9999 -9999 -9999 -9999 9984 9984 9984 9984 9984 9984 9984 9984 9984 9984 9984 9984 9984 9984 -9999 -9999 -9999 -9999 -9999 -9999 9984 9984 9984 9984 9984 9984 -9999 -9999 -9999 -9999 -9999 -9999 -9999 -9999 -9999 -9999 -9999 -9999 -9999 -9999 -9999 -9999 -9999 -9999 -9999 -9999 9984 9984 9984 9984 9984 9984 9984 9984
-9999 -9999 -9999 -9999 9984 9984 9984 9984 9984 9984 9984 9984 9984 9984 9984 9984 9984 9984 -9999 -9999 -9999 -9999 -9999 -9999 9984 9984 9984 9984 9984 9984 -9999 -9999 -9999 -9999 -9999 -9999 -9999 -9999 -9999 -9999 -9999 -9999 -9999 -9999 -9999 -9999 -9999 -9999 -9999 -9999 9984 9984 9984 9984 9984 9984 9984 9984
-9999 -9999 -9999 -9999 -9999 -9999 -9999 -9999 -9999 -9999 -9999 -9999 -9999 -9999 -9999 -9999 -9999 -9999 -9999 -9999 -9999 -9999 -9999 -9999 -9999 -9999 -9999 -9999 -9999 -9999 -9999 -9999 -9999 -9999 -9999 -9999 -9999 -9999 -9999 -9999 -9999 -9999 -9999 -9999 -9999 -9999 -9999 -9999 -9999 -9999 -9999 -9999 -9999 -9999 -9999 -9999 -9999 -9999
-9999 -9999 -9999 -9999 -9999 -9999 -9999 -9999 -9999 -9999 -9999 -9999 -9999 -9999 -9999 -9999 -9999 -9999 -9999 -9999 -9999 -9999 -9999 -9999 -9999 -9999 -9999 -9999 -9999 -9999 -9999 -9999 -9999 -9999 -9999 -9999 -9999 -9999 -9999 -9999 -9999 -9999 -9999 -9999 -9999 -9999 -9999 -9999 -9999 -9999 -9999 -9999 -9999 -9999 -9999 -9999 -9999 -9999
-9999 -9999 -9999 -9999 -9999 -9999 -9999 -9999 -9999 -9999 -9999 -9999 -9999 -9999 -9999 -9999 -9999 -9999 -9999 -9999 -9999 -9999 -9999 -9999 -9999 -9999 -9999 -9999 -9999 -9999 -9999 -9999 -9999 -9999 -9999 -9999 -9999 -9999 -9999 -9999 -9999 -9999 -9999 -9999 -9999 -9999 -9999 -9999 -9999 -9999 -9999 -9999 -9999 -9999 -9999 -9999 -9999 -9999
-9999 -9999 -9999 -9999 -9999 -9999 -9999 -9999 -9999 -9999 -9999 -9999 -9999 -9999 -9999 -9999 -9999 -9999 -9999 -9999 -9999 -9999 -9999 -9999 -9999 -9999 -9999 -9999 -9999 -9999 -9999 -9999 -9999 -9999 -9999 -9999 -9999 -9999 -9999 -9999 -9999 -9999 -9999 -9999 -9999 -9999 -9999 -9999 -9999 -9999 -9999 -9999 -9999 -9999 -9999 -9999 -9999 -9999
-9999 -9999 -9999 -9999 -9999 -9999 -9999 -9999 -9999 -9999 -9999 -9999 -9999 -9999 -9999 -9999 -9999 -9999 -9999 -9999 -9999 -9999 -9999 -9999 -9999 -9999 -9999 -9999 -9999 -9999 -9999 -9999 -9999 -9999 -9999 -9999 -9999 -9999 -9999 -9999 -9999 -9999 -9999 -9999 -9999 -9999 -9999 -9999 -9999 -9999 -9999 -9999 -9999 -9999 -9999 -9999 -9999 -9999
-9999 -9999 -9999 -9999 -9999 -9999 -9999 -9999 -9999 -9999 -9999 -9999 -9999 -9999 -9999 -9999 -9999 -9999 -9999 -9999 -9999 -9999 -9999 -9999 -9999 -9999 -9999 -9999 -9999 -9999 -9999 -9999 -9999 -9999 -9999 -9999 -9999 -9999 -9999 -9999 -9999 -9999 -9999 -9999 -9999 -9999 -9999 -9999 -9999 -9999 -9999 -9999 -9999 -9999 -9999 -9999 -9999 -9999
-9999 -9999 -9999 -9999 -9999 -9999 -9999 -9999 -9999 -9999 -9999 -9999 -9999 -9999 -9999 -9999 -9999 -9999 -9999 -9999 -9999 -9999 -9999 -9999 -9999 -9999 -9999 -9999 -9999 -9999 -9999 -9999 -9999 -9999 -9999 -9999 -9999 -9999 -9999 -9999 -9999 -9999 -9999 -9999 -9999 -9999 -9999 -9999 -9999 -9999 -9999 -9999 -9999 -9999 -9999 -9999 -9999 -9999
