NetLogoInput/pp2_resistance.asc
NCOLS 141 
NROWS 155 
XLLCORNER -814385.5599279 
YLLCORNER -11926.5307948138 
CELLSIZE 30 
NODATA_value -9999 
[rows 112 to 139 of 155, columns 64 to 127 of 141]
6.472489 7.850731 9.228972 15.38834 27.618697 39.849054 88.910455 164.218006 239.525556 308.658859 375.476411 442.293963 386.540514 312.56426 238.563002 162.788517 87.014032 29.315743 68.502253 107.688764 165.26173 265.620001 365.978273 377.259341 276.950032 176.640723 161.597144 206.485833 251.374522 265.508457 268.300272 271.092086 235.347591 194.04269 157.351187 383.681483 610.01178 800 800 800 800 800 800 786.81786 757.343283 727.868706 623.153343 466.275306 309.397268 224.207856 165.01098 105.814104 202.763207 321.563684 435.685409 327.041473 218.397537 120.813247 79.645548 38.47785 9.123882 6.407627 3.691372 2.862466
7.692211 13.396019 19.099826 35.104005 64.187408 93.270811 140.311315 200.148218 259.985121 326.822329 396.285115 465.747902 419.500111 356.049464 292.106092 193.218601 94.33111 17.893036 61.779351 105.665667 167.212317 269.854588 372.49686 382.93687 277.871625 172.80638 160.961829 214.640997 268.320165 296.218334 314.608667 332.998999 310.235371 281.533635 256.625375 447.992942 639.360509 800 800 800 800 800 800 786.292319 755.642661 724.993003 618.001164 458.083079 298.164995 209.251533 146.082606 82.913679 160.291758 257.338262 350.413642 254.415169 158.416695 73.79751 47.225453 20.653396 2.22697 2.167389 2.107807 2.661879
9.678933 20.923223 32.167512 61.21462 112.867423 164.520226 209.801492 250.542341 291.28319 348.961035 412.991377 477.021718 441.563158 391.31344 340.147973 224.037393 107.926814 16.804365 59.613312 102.422258 163.482585 267.013895 370.545205 382.947169 281.18796 179.428751 176.585551 243.269239 309.952927 348.275433 376.138549 404.001666 404.320403 400.664759 399.50347 540.551732 681.599994 800 800 800 800 800 800 787.029658 758.028652 729.027646 627.87101 476.690565 325.51012 225.93684 145.075053 64.213266 113.345328 180.668986 245.167312 175.145398 105.123483 44.0049 28.303288 12.601676 1.730423 1.750708 1.770992 2.196179
11.665656 28.450427 45.235198 87.325235 161.547438 235.76964 279.291669 300.936464 322.58126 371.099742 429.697638 488.295535 463.626204 426.577416 388.189854 254.856185 121.522517 15.715694 57.447272 99.17885 159.752852 264.173201 368.59355 382.957469 284.504295 186.051121 192.209272 271.897481 351.58569 400.332532 437.668432 475.004332 498.405434 519.795883 542.381565 633.110522 723.839479 800 800 800 800 800 800 787.766998 760.414644 733.06229 637.740856 495.29805 352.855245 242.622148 144.0675 45.512852 66.398899 103.999711 139.920982 95.875627 51.830271 14.21229 9.381124 4.549957 1.233876 1.334027 1.434177 1.730479
13.856716 35.487537 57.118358 110.548783 204.357768 298.166754 343.886241 355.336699 366.787157 403.028047 448.566993 494.105939 471.887665 439.59583 405.80544 265.737337 125.669234 13.961388 54.258858 94.556328 154.333068 259.438093 364.543118 377.916753 276.375012 174.833271 179.821795 259.689178 339.556561 401.171731 456.055623 510.939515 554.062817 595.489182 637.189845 694.528892 751.86794 800 800 800 800 800 800 787.807123 760.544487 733.281851 639.400311 499.333445 359.266579 244.557735 139.043088 33.528441 38.975966 59.951756 79.933454 52.584238 25.235021 2.289942 1.810901 1.331861 1.032521 1.138369 1.244217 1.442615
16.178296 42.211604 68.244913 131.928246 243.418896 354.909547 405.353793 412.295797 419.237802 441.209362 468.818001 496.426641 471.3335 438.40511 403.986532 263.883518 123.780505 11.781913 50.417413 89.052912 147.83378 253.492946 359.152112 369.649752 260.934953 152.220155 149.542441 221.396935 293.251429 369.296002 446.885844 524.475687 585.174917 643.437 701.294007 736.056627 770.819247 800 800 800 800 800 800 787.40191 759.233239 731.064567 635.815462 494.061061 352.306661 237.072085 131.452947 25.833809 24.023475 36.740348 48.85454 32.273684 15.692829 1.782046 1.491621 1.201196 1.019716 1.083888 1.14806 1.268342
18.499875 48.935672 79.371469 153.307709 282.480025 411.65234 466.821345 469.254896 471.688447 479.390676 489.06901 498.747343 470.779334 437.21439 402.167623 262.029699 121.891776 9.602439 46.575968 83.549496 141.334493 247.547799 353.761106 361.38275 245.494894 129.607039 119.263087 183.104692 246.946297 337.420273 437.716066 538.011859 616.287017 691.384817 765.398169 777.584362 789.770555 800 800 800 800 800 800 786.996697 757.92199 728.847283 632.230612 488.788677 345.346743 229.586435 123.862806 18.139177 9.070983 13.528941 17.775625 11.963131 6.150638 1.27415 1.17234 1.07053 1.006912 1.029407 1.051903 1.094068
19.838545 52.938476 86.038406 164.225656 299.663966 435.102277 484.47755 472.523494 460.569439 457.12817 456.87976 456.631351 432.186462 404.144248 374.849237 256.705702 138.562166 42.189899 62.507287 82.824675 125.865522 221.783887 317.702252 322.630671 213.572546 104.514421 90.372202 142.945248 195.518293 289.503672 398.761607 508.019541 606.903815 704.291272 800 800 800 800 800 800 799.290737 796.956902 794.623067 776.510515 738.896293 701.282072 606.003327 470.747117 335.490908 233.767535 144.202346 54.637157 30.547256 15.620095 1 1 1 1.702913 5.991472 10.28003 16.745765 28.120617 39.495469 38.687664
20.024409 53.749643 87.474877 162.873805 291.189233 419.504661 450.749581 412.821146 374.892711 363.974078 363.185913 362.397747 348.979862 333.684298 317.623769 247.311701 176.999634 115.553787 101.629109 87.70443 99.87645 172.775519 245.674588 248.124143 162.31893 76.513717 63.109786 100.595855 138.081924 222.773522 324.87416 426.974798 550.025664 676.099439 800 800 800 800 800 800 797.749616 790.344704 782.939793 754.200861 699.094192 643.987523 553.219844 437.72922 322.238596 251.631994 197.299235 142.966477 94.749034 47.387379 1 1 1 3.230239 16.837195 30.444151 50.958962 87.04967 123.140378 120.577336
20.210273 54.56081 88.911348 161.521953 282.714499 403.907045 417.021613 353.118798 289.215984 270.819987 269.492065 268.164143 265.773262 263.224349 260.3983 237.917701 215.437102 188.917675 140.75093 92.584186 73.887379 123.767152 173.646924 173.617616 111.065314 48.513013 35.847369 58.246462 80.645556 156.043372 250.986714 345.930056 493.147513 647.907606 800 800 800 800 800 800 796.208494 783.732507 771.25652 731.891207 659.292091 586.692975 500.436361 404.711322 308.986284 269.496452 250.396125 231.295798 158.950812 79.154664 1 1 1 4.757564 27.682918 50.608271 85.172159 145.978724 206.785288 202.467008
20.396134 55.371969 90.347803 160.346356 274.816121 389.285886 386.103213 299.080306 212.057399 187.206126 185.673339 184.140553 190.070035 197.108944 204.230399 217.20608 230.18176 230.134582 160.28748 90.440378 50.794548 81.427117 112.059686 110.587972 68.898009 27.208047 18.694919 33.501394 48.307868 123.517941 221.004401 318.490861 474.325025 638.578181 800 800 800 800 800 800 794.520622 776.490676 758.46073 708.346771 618.578649 528.810526 448.110984 373.698476 299.285968 286.680794 296.485443 306.290092 217.394748 114.687134 14.101014 14.523906 14.946797 21.144728 56.801836 92.458944 138.436523 207.684795 276.933068 265.457217
20.581992 56.183107 91.784223 159.562652 268.199251 376.83585 361.431799 257.635215 153.838631 124.804661 123.811631 122.818601 131.05032 140.653495 150.413969 171.330089 192.24621 199.873703 136.276801 72.6799 34.141418 53.913909 73.686399 73.076812 46.933827 20.790841 24.02166 47.898977 71.776295 167.04561 288.643752 410.241894 540.118085 671.188717 800 800 800 800 800 800 792.506455 767.848875 743.191294 682.056838 575.83887 469.620901 396.804193 347.143797 297.4834 302.352921 326.99365 351.63438 263.036308 158.591374 56.331715 58.117784 59.903853 70.57227 126.550622 182.528974 234.060547 275.565478 317.070409 286.425072
20.767849 56.994246 93.220643 158.778949 261.582381 364.385814 336.760385 216.190124 95.619864 62.403197 61.949923 61.496649 72.030604 84.198046 96.597538 125.454099 154.31066 169.612824 112.266123 54.919422 17.488287 26.4007 35.313113 35.565653 24.969644 14.373634 29.3484 62.296561 95.244722 210.57328 356.283104 501.992927 605.911146 703.799253 800 800 800 800 800 800 790.492289 759.207074 727.921859 655.766906 533.099091 410.431276 345.497402 320.589117 295.680833 318.025047 357.501858 396.978669 308.677867 202.495614 98.562416 101.711662 104.860908 119.999812 196.299408 272.599004 329.684571 343.44616 357.207749 307.392927
20.437486 56.226875 92.016265 153.843419 248.732853 343.622288 306.842421 176.233772 45.625123 10 10 10 21.813567 35.383473 49.232252 82.858663 116.485075 137.245606 89.047585 40.849564 8.414373 12.659307 16.904241 20.359103 22.82421 25.289317 50.094858 90.603225 131.111592 261.743526 425.612348 589.48117 668.224496 734.685059 800 800 800 800 800 800 788.628351 751.209832 713.791314 631.333972 493.210997 355.088023 295.533558 290.448802 285.364046 321.927751 373.592167 425.256583 339.677732 234.892789 132.328069 135.473057 138.618044 155.978659 245.854909 335.731159 395.528783 387.504833 379.480883 319.24538
17.401496 47.18618 76.970863 127.147216 203.216541 279.285867 249.426088 144.080236 38.734383 10 10 10 17.733374 26.616479 35.678886 57.457363 79.23584 93.838584 69.980834 46.123084 39.064856 71.099137 103.133418 122.056091 124.553357 127.050624 151.659568 191.810547 231.961527 352.970256 503.798709 654.627162 712.299886 756.531164 800 800 800 800 800 800 787.551799 746.590875 705.629951 616.633993 468.26924 319.904487 252.608412 241.515354 230.422295 264.144231 314.114986 364.08574 293.937145 206.978813 121.726474 117.700162 113.67385 121.469837 189.572804 257.67577 305.290209 306.706921 308.123633 283.321933
14.365507 38.145484 61.925462 100.451014 157.70023 214.949446 192.009756 111.9267 31.843644 10 10 10 13.653181 17.849485 22.125519 32.056062 41.986605 50.431563 50.914083 51.396604 69.715339 129.538967 189.362594 223.753079 226.282505 228.81193 253.224277 293.01787 332.811462 444.196986 581.98507 719.773155 756.375276 778.377269 800 800 800 800 800 800 786.475247 741.971918 697.468589 601.934013 443.327482 284.720951 209.683266 192.581905 175.480544 206.360711 254.637804 302.914896 248.196559 179.064838 111.124879 99.927267 88.729655 86.961015 133.290698 179.620381 215.051635 225.90901 236.766384 247.398486
11.331335 29.1148 46.898264 73.809121 112.309775 150.810428 134.774164 79.874379 24.974595 9.998925 9.997447 9.995969 9.606731 9.159845 8.69542 6.987148 5.278875 7.741603 32.560061 57.378519 100.921854 188.037998 275.154143 324.64854 327.012754 329.376967 353.648753 393.319113 432.989472 534.804531 659.538084 784.271636 800 800 800 800 800 800 800 800 785.394313 737.334161 689.274008 587.195343 418.352617 249.509891 166.817646 143.851513 120.88538 148.963467 195.548935 242.134403 202.733784 151.300103 100.547603 82.227633 63.907664 52.638808 77.338538 102.038269 125.379198 145.656287 165.933376 211.716271
8.473131 21.053178 33.633226 52.424392 79.102322 105.780253 95.034323 57.619799 20.205274 9.893788 9.747739 9.60169 8.826703 7.958211 7.197676 14.093441 20.989205 34.463663 83.198605 131.933546 185.952611 252.267835 318.58306 347.955699 331.048967 314.142234 343.697826 405.911235 468.124643 565.474582 675.782608 786.090633 800 800 800 800 800 800 800 800 783.889223 730.876559 677.863896 568.711374 390.172919 211.634465 129.714236 114.777161 99.840086 128.957949 174.049052 219.140155 184.163468 137.981936 92.324487 71.619733 50.914978 36.381069 53.325389 70.26971 90.509098 118.178236 145.847373 199.385442
5.614926 12.991557 20.368188 31.039663 45.89487 60.750078 55.294482 35.365218 15.435953 9.78865 9.498031 9.207411 8.046675 6.756577 5.699931 21.199734 36.699536 61.185724 133.837149 206.488574 270.983368 316.497672 362.011977 371.262858 335.08518 298.907502 333.7469 418.503357 503.259813 596.144633 692.027131 787.90963 800 800 800 800 800 800 800 800 782.384134 724.418958 666.453783 550.227404 361.993221 173.759038 92.610825 85.702808 78.794791 108.952431 152.549169 196.145906 165.593151 124.66377 84.101371 61.011832 37.922292 20.123329 29.31224 38.501151 55.638998 90.700184 125.76137 187.054613
2.756722 4.929936 7.10315 9.654934 12.687418 15.719902 15.554641 13.110637 10.666632 9.683513 9.248323 8.813132 7.266647 5.554943 4.202187 28.306027 52.409866 87.907785 184.475693 281.043601 356.014125 380.727509 405.440894 394.570017 339.121393 283.67277 323.795973 431.095479 538.394984 626.814684 708.271655 789.728627 800 800 800 800 800 800 800 800 780.879044 717.961357 655.043671 531.743435 333.813524 135.883612 55.507415 56.628456 57.749496 88.946913 131.049285 173.151658 147.022834 111.345603 75.878255 50.403931 24.929606 3.86559 5.299091 6.732591 20.768898 63.222132 105.675367 174.723785
2.013705 3.156019 4.298333 5.552179 6.947646 8.343113 9.143744 9.520491 9.897238 9.602331 9.055511 8.50869 6.756253 4.824574 3.238593 26.16952 49.100446 81.885449 167.486329 253.08721 318.643557 337.556246 356.468936 354.884347 327.622042 300.359737 347.672527 447.403265 547.134003 631.801041 710.912701 790.02436 800 800 800 800 800 798.054412 785.937724 773.821036 738.296282 649.155132 560.013982 437.297073 273.08228 108.867487 45.319943 51.562646 57.805349 84.870508 119.485378 154.100248 144.545813 128.810238 112.591779 73.382156 34.172534 1.431177 1.685224 1.939271 15.688923 59.868593 104.048264 176.814524
1.614379 2.403771 3.193162 4.257515 5.671006 7.084498 8.148358 8.963068 9.777778 9.525042 8.871944 8.218845 6.289671 4.17078 2.361793 22.531181 42.700569 70.542582 139.508329 208.474075 261.384399 276.933731 292.483064 304.963179 313.598368 322.233558 377.045598 464.314798 551.583998 632.614139 711.343361 790.072584 800 800 800 800 800 795.792691 769.590514 743.388338 689.038944 570.218083 451.397223 330.507831 207.061843 83.615854 39.505954 50.397906 61.289858 83.382372 109.535934 135.689497 144.683737 151.276669 156.606909 101.817682 47.028454 1.242872 1.38597 1.529069 15.449447 60.434967 105.420487 181.248576
1.215052 1.651522 2.087992 2.96285 4.394367 5.825884 7.152973 8.405645 9.658318 9.447753 8.688377 7.929001 5.823089 3.516986 1.484992 18.892842 36.300692 59.199715 111.530328 163.86094 204.125241 216.311216 228.497192 255.04201 299.574694 344.107378 406.418669 481.226331 556.033993 633.427237 711.774022 790.120808 800 800 800 800 800 793.53097 753.243305 712.95564 639.781606 491.281035 342.780464 223.718589 141.041405 58.364221 33.691965 49.233166 64.774367 81.894236 99.586491 117.278746 144.821662 173.7431 200.62204 130.253207 59.884375 1.054566 1.086716 1.118866 15.209971 61.001341 106.79271 185.682628
1.108403 1.473105 1.837807 2.70188 4.200047 5.698213 7.073462 8.361119 9.648776 9.501056 8.814976 8.128896 11.695447 15.894243 20.371776 44.617395 68.863015 93.279955 118.61514 143.950325 171.026057 202.152043 233.278029 274.073229 326.98142 379.88961 437.816243 499.270279 560.724315 634.240314 712.204672 790.16903 800 800 800 800 800 791.855809 741.135614 690.415418 604.435841 437.694314 270.952788 154.447096 100.030272 45.613447 33.171581 49.82997 66.488358 79.169422 90.408405 101.647389 141.598794 185.568272 227.610517 177.892985 128.175453 85.306214 77.370949 69.435684 71.448544 95.89253 120.336517 188.837399
1.121168 1.528814 1.93646 2.862663 4.447318 6.031974 7.367634 8.525857 9.68408 9.607642 9.068125 8.528607 20.154122 33.588229 47.322195 82.322148 117.3221 145.893039 140.005747 134.118455 147.784257 206.950134 266.11601 321.23735 371.291945 421.34654 470.039823 517.776258 565.512692 635.053383 712.635317 790.217252 800 800 800 800 800 790.419966 730.757666 671.095365 574.766064 394.450648 214.135233 100.483023 69.223053 37.963083 34.811013 51.145491 67.479969 75.940038 81.545038 87.150038 137.004707 193.051761 247.65204 233.368189 219.084338 204.009763 184.901608 165.793452 150.730429 144.788408 138.846387 191.470216
1.133932 1.584523 2.035114 3.023445 4.69459 6.365734 7.661805 8.690595 9.719385 9.714228 9.321273 8.928318 28.612797 51.282216 74.272614 120.0269 165.781185 198.506123 161.396354 124.286584 124.542457 211.748224 298.953992 368.40147 415.60247 462.80347 502.263404 536.282237 570.301069 635.866452 713.065963 790.265474 800 800 800 800 800 788.984124 720.379718 651.775312 545.096287 351.206982 157.317678 46.51895 38.415835 30.312719 36.450445 52.461013 68.471581 72.710653 72.68167 72.652688 132.410619 200.535249 267.693562 288.843393 309.993224 322.713313 292.432267 262.151221 230.012314 193.684286 157.356257 194.103034
2.568957 7.847418 13.125879 22.609925 37.434147 52.258368 56.138384 52.219455 48.300527 37.311739 23.671285 10.030831 30.223856 55.446953 81.040575 132.911957 184.783338 223.331886 190.472706 157.613527 161.720099 251.846023 341.971947 410.355931 451.502965 492.65 529.449706 563.193726 596.937746 655.635893 723.536932 791.437971 800 800 800 800 800 788.18154 714.578823 640.976105 528.932923 328.841492 128.75006 19.129474 21.326126 23.522778 32.543327 46.294724 60.046121 62.937631 61.891612 60.845593 121.030879 189.784994 257.85868 293.535654 329.212628 353.281103 318.133216 282.985329 245.136854 201.199069 157.261283 181.495209
5.120453 18.982938 32.845424 57.445528 95.680066 133.914604 142.438031 129.789042 117.140054 86.489556 49.087299 11.685041 26.459554 48.991262 71.965358 126.313615 180.661873 226.344674 225.582351 224.820028 246.32685 319.654003 392.981156 448.220821 480.801608 513.382395 552.681755 596.70352 640.725285 690.28604 741.889531 793.493022 800 800 800 800 800 787.876063 712.370902 636.865741 523.37206 322.865316 122.358573 12.600989 15.004628 17.408266 24.282181 34.255234 44.228286 48.02787 49.589106 51.150342 104.324417 164.721295 224.570895 258.363433 292.15597 314.662543 279.598048 244.533553 209.89804 176.229796 142.561553 156.923516
