NetLogoInput/pp2_resistance.asc
NCOLS 141 
NROWS 155 
XLLCORNER -814385.5599279 
YLLCORNER -11926.5307948138 
CELLSIZE 30 
NODATA_value -9999 
[rows 66 to 87 of 155, columns 0 to 49 of 141]
-9999 5.22831552973244 3.6696402874404 2.11096504514836 1 1 1 1 1 1 1 1 1 2.34173243794862 4.21242684144062 6.08312124493262 64.4912269255683 132.059479194917 199.109136435427 133.850959707707 68.5927829799877 12.5526296198476 9.90088564121412 7.24914166258069 24.1485515102502 88.7821032523853 153.41565499452 236.733012726241 344.4263030548 452.119593383358 498.12347111226 498.946716260615 499.76996140897 375.170626949696 201.933877512474 28.697128075252 3.87428818815012 2.43192443974847 1 1 1 1 1 1 1 1 1 1 1 1
-9999 3.25225949948533 2.42201372043228 1.59176794137922 1 1 1 1 1 1 1 1 1 2.76493552098896 5.22567576118634 7.68641600138371 39.0092547470813 75.0083078293758 110.731093973753 75.9705971705737 41.2101003673939 11.2644862061551 9.2054281276385 7.14637004912185 15.8767035503507 50.949336498359 86.0219694463672 165.484775330427 302.861470068521 440.238164806614 498.656169321485 499.245716380167 499.835263438848 374.710989676879 200.836360988023 26.961732299168 2.60314642487139 1.79866192810199 1 1 1 1 1 1 1 1 1 1 1 1
-9999 1.27620346923823 1.17438715342415 1.07257083761008 1 1 1 1 1 1 1 1 1 3.18813860402931 6.23892468093206 9.28971075783481 13.5272825685942 17.9571364638345 22.3530515120795 18.0902346334398 13.8274177548002 9.97634279246273 8.50997061406287 7.04359843566301 7.60485559045109 13.1165697443326 18.6282838982141 94.2365379346134 261.296637082242 428.356736229871 499.188867530711 499.544716499719 499.900565468726 374.251352404061 199.738844463572 25.2263365230839 1.33200466159267 1.1653994164555 1 1 1 1 1 1 1 1 1 1 1 1
-9999 1 1 1 1.0003646097596 1.00163397599026 1.00290334222093 1.14760911050527 1.48200915935465 1.81640920820403 1.96432797673193 1.97379357508226 1.9832591734326 3.73756943967424 6.17976384659208 8.62195825350993 9.27292848662268 9.63368599802325 9.99158612844377 9.62048989895028 9.2493936694568 8.71375955910788 7.22516455990178 5.73656956069568 5.17504345867529 6.87695606095653 8.57886866323776 74.4217335644162 223.946452730536 373.471171896656 436.398100966167 435.901781673221 435.405462380275 326.061098056453 174.506730141036 22.9523622256198 1.92531979880047 1.46097953571534 1 1 1 1 1 1 1 1 1 1 1 1
-9999 1 1 1 1.00078846376356 1.00353345138178 1.006278439 1.31920274140244 2.0423384066229 2.76547407184336 3.08534644460784 3.10581567534908 3.12628490609031 4.30751060897 5.94635066747957 7.58519072598914 8.4677804689947 9.22784313495 9.98180511448538 9.17931444590164 8.3768237773179 7.45532951565052 5.84459719371044 4.23386487177036 3.69448457400708 5.77081023382145 7.84713589363582 62.9641790889252 187.281092816661 311.598006544397 363.31811223266 361.869131487279 360.420150741897 270.115252237363 145.353064153723 20.5908760700837 2.82158442467092 1.90748424862372 1 1 1 1 1 1 1 1 1 1 1 1
-9999 1 1 1 1.00121231776753 1.00543292677329 1.00965353577906 1.49079637229961 2.60266765389114 3.71453893548268 4.20636491248375 4.23783777561589 4.26931063874803 4.87745177826577 5.71293748836706 6.54842319846835 7.66263245136672 8.82200027187674 9.972024100527 8.738138992853 7.50425388517899 6.19689947219316 4.4640298275191 2.73116018284505 2.21392568933886 4.66466440668637 7.11540312403388 51.5066246134341 150.615732902787 249.724841192139 290.238123499153 287.836481301336 285.43483910352 214.169406418272 116.19939816641 18.2293899145476 3.71784905054137 2.3539889615321 1 1 1 1 1 1 1 1 1 1 1 1
-9999 1 1 1 1.00417509345432 1.01871042198384 1.03324575051336 1.74911426541439 3.39249415344191 5.03587404146944 5.58716579327369 5.32763586735914 5.06810594144458 5.03757850291737 5.09733255600255 5.15708660908774 6.60472469220077 8.27722664643924 9.93638915538164 8.19229282975263 6.44819650412362 4.80431390293494 3.7408432981926 2.67737269345027 2.49904724429672 4.4818036847057 6.46456012511467 38.3044110681656 109.097488326 179.890565583834 208.62680124735 206.561078722311 204.495356197273 153.828355520117 84.3143454660346 14.8003354119525 4.02735572911633 2.50818024240088 1.0034112731021 1.47473526799819 1.94605926289428 5.21691709519832 24.2810268514687 43.3451366077391 51.0646743159618 31.5292405648218 11.9938068136818 1 1 1
-9999 1 1 1 1.00817376123233 1.03663020325784 1.06508664528334 2.04281606893359 4.27595662065822 6.50909717238285 7.07395913093953 6.4002063633142 5.72645359568888 5.03049898999569 4.32579157519473 3.62108416039377 5.4436897593959 7.67576861087002 9.89020568366103 7.60374052039364 5.31727535712624 3.35699224271657 3.28587126891964 3.21475029512272 3.50457479500465 4.67564766568974 5.84672053637483 24.3903683457706 65.5992437846751 106.80811922358 123.534654447462 122.330598807313 121.126543167165 91.6940400988633 51.3148740290398 10.9357079592163 4.09746238161681 2.54310625626346 1.00821436181293 2.1431647774823 3.27811519315168 11.1543563702794 57.060823103457 102.967289836635 121.555973259498 74.5145561107149 27.4731389619318 1 1 1
1 1 1 1 1.01217242901035 1.05454998453183 1.09692754005332 2.33651787245279 5.15941908787452 7.98232030329626 8.56075246860536 7.47277685926927 6.38480124993318 5.023419477074 3.5542505943869 2.0850817116998 4.28265482659102 7.0743105753008 9.84402221194042 7.01518821103464 4.18635421012886 1.9096705824982 2.83089923964669 3.75212789679517 4.51010234571257 4.86949164667378 5.22888094763499 10.4763256233757 22.1009992433503 33.7256728633249 38.4425076475736 38.1001188923152 37.7577301370568 29.5597246776098 18.3154025920449 7.07108050648003 4.16756903411729 2.57803227012605 1.01301745052376 2.81159428696642 4.61017112340908 17.0917956453604 89.8406193554453 162.58944306553 192.047272203034 117.499871656608 42.9524711101818 1 1 1
1 1 1 1 1.01578394420587 1.07073476555498 1.12568558690408 2.47618106741715 5.54003109769103 8.60388112796492 8.99738968528232 7.40830115966427 5.81921263404622 4.31220379392544 2.83755388807787 1.3629039822303 3.57035456853343 6.37437615977942 9.15643627613905 6.33552102370395 3.51460577126887 1.35336502669962 3.01278856991612 4.67221211313261 5.84716924555652 5.83930164030362 5.83143403505072 5.20519282934929 3.77218702693777 2.33918122452625 1.74887040123607 1.7757399112429 1.80260942124973 2.92111567019964 4.46294592702157 6.0047761838435 17.2782612769416 30.084828574931 42.7092521349831 30.3496390538678 17.9900259727525 20.0955395041385 103.804420585753 187.513301667367 221.434783591005 135.743631618946 50.0524796468858 1.83115654559694 1.83671843509187 1.8422803245868
1 1 1 1 1.01909154559879 1.08555757574905 1.1520236058993 2.49492434245731 5.52590676437196 8.55688918628662 8.60965699074526 6.45124705905215 4.29283712735905 3.04824298980771 2.16390979918023 1.27957660855274 3.21030990046538 5.59713803390934 7.96535102076144 5.5843288865467 3.20330675233196 1.49650486974244 3.69461246413136 5.89272005852027 7.44449369982375 7.41824300037023 7.39199230091672 6.7187225706141 5.20131582167403 3.68390907273397 3.04794131145421 3.05752955995675 3.06711780845929 4.14654683741073 5.64084765549144 7.13514847357216 40.6257803785677 79.1569738978433 117.133155664155 78.9802641537332 40.8273726433111 20.7963398466807 102.997713093204 185.199086339728 218.555925226417 134.565332734922 50.5747402434272 3.31476888705543 3.33025873529679 3.34574858353815
1 1 1 1 1.02239914699171 1.10038038594312 1.17836162489453 2.51366761749746 5.51178243105289 8.50989724460832 8.22192429620819 5.49419295844004 2.76646162067188 1.78428218568999 1.49026571028259 1.19624923487519 2.85026523239733 4.81989990803927 6.77426576538384 4.83313674938944 2.89200773339505 1.63964471278526 4.37643635834659 7.11322800390792 9.04181815409099 8.99718436043685 8.95255056678271 8.23225231187891 6.6304446164103 5.02863692094169 4.34701222167234 4.3393192086706 4.33162619566885 5.37197800462182 6.81874938396132 8.26552076330082 63.9732994801938 128.229119220756 191.557059193328 127.610889253599 63.6647193138696 21.497140189223 102.191005600656 182.884871012089 215.677066861828 133.387033850898 51.0970008399686 4.79838122851393 4.82379903550171 4.8492168424895
1 1 1 1 1.02399557520525 1.10753467982156 1.19107378443787 2.4538597671917 5.27619677711892 8.09853378704614 7.63342461893417 4.7275485043868 1.82167238983944 1.03377277341959 1.08086005881237 1.12794734420516 2.43070000855518 3.93689458292189 5.43219360346753 4.14773762100694 2.86328163854634 2.19224051191899 5.07393972213044 7.95563893234189 9.98597963673027 9.93772855666118 9.88947747659208 9.23885959217982 7.80236046764838 6.36586134311694 5.73896240437289 5.70500554417612 5.67104868397935 6.65876739030233 8.0426799770024 9.42659256370248 78.4401255742973 158.107732258871 236.619900962186 156.64457409036 76.6692472185331 19.1902314377912 88.6215975477637 158.052963657736 186.413640047256 116.103298137772 45.7929562282891 6.236835266231 6.26403564059927 6.29123601496755
1 1 1 1 1.02313187138526 1.10366404480038 1.1841962182155 2.28111995765446 4.72221898404126 7.16331801042807 6.75628479029846 4.23465359049322 1.71302239068798 1.02144593200475 1.05134666619307 1.0812474003814 1.92556283461667 2.90182909341063 3.87304947601762 3.55692826905279 3.24080706208797 3.33350595947228 5.79398526096645 8.25446456246062 9.99109697762666 9.96045722620733 9.92981747478801 9.51667086296476 8.60448452378452 7.69229818460427 7.26444394219077 7.19130908498188 7.118174227773 8.03377071048969 9.3327856863685 10.6318006622473 80.1392916730001 160.392046730934 239.470715658146 157.5039858138 75.5372559694546 12.5591773697265 56.7034163485024 100.847655327278 119.217452939156 75.6649796305788 32.1125063220018 7.61036578191536 7.62763819753721 7.64491061315905
1 1 1 1 1.02226816756528 1.0997934097792 1.17731865199313 2.10838014811722 4.16824119096361 6.22810223380999 5.87914496166275 3.74175867659963 1.60437239153652 1.0091190905899 1.02183327357377 1.03454745655764 1.42042566067815 1.86676360389936 2.3139053485677 2.96611891709865 3.61833248562959 4.47477140702557 6.51403079980247 8.55329019257936 9.99621431852304 9.98318589575349 9.97015747298393 9.79448213374971 9.40660857992065 9.01873502609159 8.78992548000865 8.67761262578765 8.56529977156664 9.40877403067705 10.6228913957346 11.8370087607922 81.8384577717029 162.676361202997 242.321530354106 158.363397537241 74.4052647203762 5.92812330166175 24.7852351492412 43.6423469968206 52.021265831056 35.2266611233853 18.4320564157146 8.98389629759972 8.99124075447514 8.99858521135056
1 1 1 1 1.01984240781701 1.08892251814094 1.15800262846487 1.89958381594632 3.53054598471359 5.16150815348087 4.88079252618925 3.18075024709583 1.4807079680024 1 1 1 1.04977015328281 1.1076040273748 1.17195157783639 2.8981168544744 4.62428213111242 7.20875424350181 14.7643177596302 22.3198812757586 27.7209182062212 27.8616784967853 28.0024387873494 27.984120601657 27.7582597869631 27.5323989722692 23.9830555164025 17.9996307203047 12.0162059242068 15.4094644282237 22.4388914611547 29.4683184940857 89.2337977480534 157.307083287434 224.32043799717 145.946688078133 67.5729381590959 1.02191026553511 1.16742480357201 1.31293934160891 2.25938542006135 5.13004390445335 8.00070238884536 9.61507141239849 9.61248809939393 9.60990478638936
1 1 1 1 1.01297598846209 1.05815108630253 1.10332618414297 1.58828491602703 2.65485639662577 3.72142787722451 3.53785324382028 2.42610666537965 1.31436008693902 1 1 1 1.06142317507682 1.13279808432289 1.21599910950472 4.31636708906592 7.41673506862712 14.4705620097649 44.4218016712892 74.3730413328135 95.819396041588 96.5010742132419 97.1827523848959 97.0940405238964 96.0002349726869 94.9064294214775 78.0309880644117 49.5972539822769 21.1635199001422 34.560197270164 64.1782208033859 93.7962443366078 112.822392263462 130.179942579558 147.040916683327 95.7882217453428 44.5355268073584 1.01912722812901 1.14615853957794 1.27318985102687 2.06027681385297 4.433126365491 6.80597591712902 8.13585625063684 8.12334570466749 8.11083515869815
1 1 1 1 1.00610956910717 1.02737965446412 1.04864973982108 1.27698601610775 1.77916680853795 2.28134760096815 2.1949139614513 1.67146308366347 1.14801220587564 1 1 1 1.07307619687083 1.15799214127097 1.26004664117304 5.73461732365743 10.2091880061418 21.732369776028 74.0792855829482 126.426201389868 163.917873876955 165.140469929699 166.363065982442 166.203960446136 164.242210158411 162.280459870686 132.078920612421 81.1948772442492 30.3108338760776 53.7109301121043 105.917550145617 158.12417017913 136.410986778871 103.052801871681 69.7613953694842 45.6297554125526 21.4981154556209 1.01634419072291 1.12489227558387 1.23344036044484 1.8611682076446 3.73620882652864 5.61124944541268 6.65664108887519 6.63420330994106 6.61176553100694
1 1 1 1 1 1 1 1 1 1 1 1 1 1 1 1 1.08052486438333 1.17409630350585 1.28965835700842 7.01563006439863 12.7416017717888 28.3675954168001 101.331957930623 174.296320444446 226.519491768929 228.10304498759 229.686598206251 229.315013523835 226.39264717944 223.470280835046 181.10008646936 109.838746138372 38.5774058073838 71.077760381187 143.815691232625 216.553622084062 160.659005304871 84.5001813522773 8.87410548821081 6.32327182028056 3.77243815235032 2.01949321318629 4.76774684226865 7.51600047135102 9.01878672085608 7.52937743048725 6.03996814011843 5.18859032591603 5.15841377013681 5.1282372143576
1 1 1 1 1 1 1 1 1 1 1 1 1 1 1 1 1.05403446256149 1.1168235459435 1.20273894305605 7.18881208793754 13.174885232819 29.944823377827 109.172121022111 188.399418666395 244.748466860457 245.240269223598 245.73207158674 244.001042416548 239.369983581048 234.738924745549 189.543372387381 114.638840798734 39.7343092100876 74.0442834801064 150.706370580823 227.36845768154 190.230133092759 135.164190950166 80.3108401500919 54.6179202889614 28.9250004278309 11.1428898740794 37.9887108153695 64.8345317566596 75.5625689733879 47.5681463616992 19.5737237500106 3.81066263053483 3.79041330772039 3.77016398490595
1 1 1 1 1 1 1 1 1 1 1 1 1 1 1 1 1.02754406073964 1.05955078838115 1.11581952910367 7.36199411147645 13.6081686938492 31.5220513388538 117.012284113599 202.502516888345 262.977441951984 262.377493459606 261.777544967228 258.687071309262 252.347319982657 246.007568656052 197.986658305401 119.438935459096 40.8912126127915 77.0108065790258 157.597049929022 238.183293279018 219.801260880647 185.828200548055 151.747574811973 102.912568757642 54.0775627033115 20.2662865349724 71.2096747884704 122.153063041968 142.10635122592 87.6069152929112 33.1074793599027 2.43273493515362 2.42241284530396 2.41209075545431
1 1 1 1 1 1 1 1 1 1 1 1 1 1 1 1 1.0010536589178 1.00227803081879 1.0289001151513 7.53517613501535 14.0414521548794 33.0992792998807 124.852447205087 216.605615110294 281.206417043511 279.514717695614 277.823018347717 273.373100201975 265.324656384265 257.276212566555 206.429944223421 124.239030119458 42.0481160154954 79.9773296779452 164.48772927722 248.998128876495 249.372388668535 236.492210145944 223.184309473854 151.207217226323 79.2301249787921 29.3896831958655 104.430638761571 179.471594327277 208.650133478452 127.645684224123 46.6412349697949 1.05480723977241 1.05441238288754 1.05401752600267
