NetLogoInput/pp2_resistance.asc
NCOLS 141 
NROWS 155 
XLLCORNER -814385.5599279 
YLLCORNER -11926.5307948138 
CELLSIZE 30 
NODATA_value -9999 
[rows 56 to 83 of 155, columns 64 to 127 of 141]
123.626015 77.797269 31.968523 31.524808 88.710182 145.895556 189.195495 222.600541 256.005587 265.163162 265.226326 265.28949 403.445545 562.132067 719.000856 746.955743 774.910629 798.554172 799.089777 799.625382 800 800 800 800 800 800 656.724319 412.741864 168.759409 77.337525 42.178821 7.020117 2.101339 1.545882 1 1 1 1 1 1 1 1 1 1 1 1 1 1 1 1 1 1 1 1 1.011823 1.586541 2.16126 2.549776 1.98845 1.427124 1.034144 1.020751 1.007358 1
91.48261 57.596641 23.710671 21.021455 57.94531 94.869165 147.289049 210.751549 274.214049 292.736682 294.403884 296.071086 384.109652 484.989172 585.491476 659.241545 732.991614 795.412605 797.111999 798.811394 800 800 800 800 800 800 690.916579 505.159718 319.402857 202.012454 109.835081 17.657708 4.494385 2.732003 1 1 1 1 1 1 1 1 1 1 1 1 1 1 1 1 1 1 1 1 1.007427 1.368478 1.729529 1.973603 1.620966 1.268329 1.02145 1.013036 1.004623 1
59.339204 37.396012 15.45282 10.518102 27.180438 43.842773 105.382603 198.902557 292.422511 320.310203 323.581443 326.852682 364.77376 407.846278 451.982096 571.527348 691.072599 792.271037 795.134221 797.997406 800 800 800 800 800 800 725.10884 597.577572 470.046305 326.687383 177.491341 28.295299 6.88743 3.918123 1 1 1 1 1 1 1 1 1 1 1 1 1 1 1 1 1 1 1 1 1.003032 1.150415 1.297797 1.39743 1.253482 1.109533 1.008756 1.005321 1.001887 1
58.826573 36.792454 14.758335 7.971207 20.54443 33.117654 102.46376 212.266755 322.06975 354.95696 358.995649 363.034338 354.213116 343.479992 335.119723 495.042774 654.965826 790.307526 793.89809 797.488655 800 800 800 800 800 800 753.746654 674.982379 596.218105 430.870169 233.590836 36.311503 8.243049 4.59004 1 1 1 1 1 1 1 1 1 1 1 1 1 1 1 1 1 1 1 1 1 1 1 1 1 1 1 1 1 1
128.643956 79.762356 30.880755 23.11524 67.558185 112.00113 186.232608 281.691676 377.150743 405.330834 408.276845 411.222855 363.163957 307.522086 255.271439 443.526913 631.782388 790.963385 794.310987 797.65859 800 800 800 800 800 800 770.034333 719.006154 667.977976 489.489331 263.994234 38.499137 7.29198 4.11864 1 1 1 1 1 1 1 1 1 1 1 1 1 1 1 1 1 1 1 1 1 1 1 1 1 1 1 1 1 1
198.46134 122.732258 47.003175 38.259273 114.571939 190.884605 270.001457 351.116597 432.231737 455.704707 457.55804 459.411372 372.114798 271.564181 175.423155 392.011053 608.59895 791.619244 794.723884 797.828525 800 800 800 800 800 800 786.322012 763.029929 739.737846 548.108492 294.397632 40.686771 6.340912 3.64724 1 1 1 1 1 1 1 1 1 1 1 1 1 1 1 1 1 1 1 1 1 1 1 1 1 1 1 1 1 1
253.66937 156.65736 59.645349 52.371755 159.046372 265.72099 348.403321 413.988524 479.573727 494.902877 491.382673 487.862469 370.800679 236.8585 108.076705 345.270282 582.46386 783.332533 789.506975 795.681416 800 800 800 800 800 800 799.993148 799.981479 799.96981 604.382771 336.669021 68.95527 30.144717 24.362617 18.573501 12.384404 6.195308 1 1 1 1 1 1 1 1 1 1.030137 1.081166 1.132196 6.014906 12.649464 19.284022 14.233647 7.548059 1 1 1 1 1 1 1 1 1 1
232.306445 143.176603 54.046762 61.077636 190.211642 319.345648 398.6756 442.514716 486.353833 475.526634 444.19594 412.865246 315.685559 208.716008 106.255222 323.556853 540.858484 728.175771 754.782964 781.390157 800 800 800 800 800 800 799.950381 799.865885 799.781389 648.366984 441.143258 233.919532 183.694456 156.122723 128.253728 83.437067 38.620406 1 1 1 1 1 1 1 1 1 1.218227 1.587745 1.957263 37.314077 85.356425 133.398773 96.827854 48.415987 1 1 1 1 1 1 1 1 1 1
210.94352 129.695847 48.448175 69.783517 221.376911 372.970306 448.947879 471.040909 493.133938 456.15039 397.009207 337.868024 260.570439 180.573516 104.433739 301.843423 499.253108 673.019009 720.058954 767.098898 800 800 800 800 800 800 799.907614 799.750291 799.592968 692.351197 545.617495 398.883794 337.244195 287.882829 237.933955 154.48973 71.045505 1 1 1 1 1 1 1 1 1 1.406317 2.094324 2.78233 68.613248 158.063386 247.513524 179.422061 89.283916 1 1 1 1 1 1 1 1 1 1
189.293988 116.419216 43.544444 79.210795 252.700695 426.190595 498.709402 499.275258 499.841114 437.045648 350.485483 263.925317 206.232474 152.831376 102.642158 280.239987 457.837816 618.105652 685.488178 752.870705 800 800 800 800 800 800 799.865722 799.637061 799.408399 736.092646 649.510853 562.929059 490.128887 419.317265 347.621992 225.547452 103.472912 1 1 1 1 1 1 1 1 1 1.592175 2.59489 3.597606 99.383113 229.534534 359.685955 260.984413 130.256738 2.209485 1.783024 1.356562 1 1 1 1 1 1 1
139.900764 122.902021 105.903277 158.469714 299.368753 440.267793 499.02936 499.258994 499.488628 444.222337 368.141392 292.060447 227.123616 163.843595 103.745142 269.283982 434.822821 586.753981 665.750694 744.747406 800 800 800 800 800 800 799.908488 799.752655 799.596821 756.334431 697.174671 638.01491 578.636562 519.226674 458.06611 297.094976 136.123842 1 1 1 1 1 1 1 1 1 1.56196 2.513514 3.465067 78.915833 181.378184 283.840536 242.66259 181.383338 120.49791 78.363256 36.228602 1 1 1 1 1 1 1
90.50754 129.384825 168.26211 237.728632 346.036811 454.34499 499.349319 499.242731 499.136142 451.399026 385.797302 320.195578 248.014758 174.855815 104.848127 258.327977 411.807826 555.402311 646.013209 736.624108 800 800 800 800 800 800 799.951255 799.868249 799.785242 776.576216 744.838489 713.100762 667.144238 619.136084 568.510229 368.642501 168.774773 1 1 1 1 1 1 1 1 1 1.531745 2.432137 3.332528 58.448553 133.221835 207.995118 224.340767 232.509939 238.786334 154.943488 71.100642 1 1 1 1 1 1 1
41.114316 135.86763 230.620944 316.987551 392.704869 468.422187 499.669278 499.226467 498.783657 458.575715 403.453211 348.330708 268.9059 185.868034 105.951111 247.371971 388.792831 524.05064 626.275725 728.500809 800 800 800 800 800 800 799.994022 799.983843 799.973663 796.818 792.502306 788.186613 755.651914 719.045493 678.954347 440.190025 201.425703 1 1 1 1 1 1 1 1 1 1.50153 2.35076 3.199989 37.981273 85.065486 132.149699 206.018945 283.63654 357.074759 231.523721 105.972683 1 1 1 1 1 1 1
31.91162 125.716552 219.521484 294.828382 346.646812 398.465241 435.887584 463.051139 490.214694 452.179792 389.691144 327.202495 253.990136 179.183468 107.352573 246.564028 385.775484 516.584814 602.360433 688.136052 753.587634 771.745157 789.90268 800 800 800 800 800 800 799.743616 799.392681 799.041745 774.955182 747.443804 716.081748 465.182592 214.283436 8.861857 41.186853 73.511849 86.212742 53.964442 21.716141 19.171076 53.337658 87.504239 102.133571 103.218186 104.3028 127.427584 158.543594 189.659604 227.581223 266.455232 302.343836 196.09078 89.837723 1 1 1 1 1 1 1
29.239352 112.86269 196.486028 256.190122 285.521993 314.853864 361.690222 421.000442 480.310663 443.5785 370.824072 298.069644 233.256226 169.623409 108.802533 247.405011 386.007488 513.00012 577.766303 642.532486 699.633874 738.899276 778.164679 800 800 800 800 800 800 799.855585 799.657912 799.460238 783.013653 764.222511 741.296156 482.610597 223.925037 18.001162 87.903536 157.80591 185.271422 115.534902 45.798381 40.294711 114.17949 188.064269 219.121892 220.488451 221.85501 234.733396 251.785687 268.837978 255.624138 238.174796 219.499567 142.457185 65.414804 1 1 1 1 1 1 1
26.567084 100.008828 173.450571 217.551861 224.397173 231.242486 287.49286 378.949746 470.406632 434.977208 351.957 268.936792 212.522315 160.06335 110.252494 248.245993 386.239492 509.415427 553.172173 596.928919 645.680114 706.053396 766.426678 800 800 800 800 800 800 799.967554 799.923143 799.878731 791.072123 781.001218 766.510564 500.038601 233.566638 27.140466 134.620219 242.099971 284.330103 177.105362 69.88062 61.418346 175.021323 288.624299 336.110214 337.758717 339.407221 342.039207 345.027779 348.016352 283.667053 209.894359 136.655297 88.823591 40.991884 1 1 1 1 1 1 1
28.610429 104.982129 181.353829 214.84075 193.873357 172.905965 231.44657 346.645322 461.844074 422.601282 325.432664 228.264047 182.710603 144.830861 109.066436 223.320647 337.574857 442.104991 494.516016 546.927042 594.472929 630.69763 666.922332 704.615704 744.148937 783.68217 800 800 800 800 800 800 794.251774 787.674135 777.293854 550.115081 322.936308 141.906297 202.131664 262.35703 281.719257 207.484076 133.248894 140.170637 247.398097 354.625557 399.319015 400.659113 401.999211 401.436733 400.184427 398.932121 328.700279 248.815305 169.352536 109.991868 50.631199 1 1 1 1 1 1 1
32.577766 117.228997 201.880228 226.788086 175.834895 124.881705 182.806003 318.317424 453.828844 408.685287 295.784129 182.882971 149.195106 127.283995 106.804871 187.882516 268.960161 348.79415 421.962391 495.130633 544.386359 537.99763 531.6089 570.314164 665.510375 760.706587 800 800 800 800 800 800 795.440842 790.223843 782.189181 613.512295 444.835408 299.768252 278.127471 256.486689 237.626763 225.13641 212.646057 242.435692 324.481182 406.526672 440.585517 441.376344 442.167171 441.287451 439.802032 438.316613 380.665633 315.154734 249.191259 161.679664 74.168068 1 1 1 1 1 1 1
36.545104 129.475865 222.406627 238.735423 157.796434 76.857445 134.165436 289.989525 445.813614 394.769293 266.135593 137.501894 115.679609 109.737129 104.543306 152.444385 200.345464 255.483308 349.408766 443.334224 494.299789 445.297629 396.295469 436.012623 586.871813 737.731004 800 800 800 800 800 800 796.62991 792.77355 787.084507 676.909508 566.734508 457.630207 354.123278 250.616348 193.534268 242.788744 292.04322 344.700747 401.564267 458.427787 481.852019 482.093575 482.335131 481.138169 479.419637 477.701105 432.630987 381.494162 329.029982 213.367459 97.704937 1 1 1 1 1 1 1
87.792617 178.475779 269.158941 272.925004 166.32531 59.725617 101.307357 248.484579 395.6618 350.318139 232.766375 115.214611 100.540547 101.161458 102.082393 124.281118 146.479844 180.192359 275.616485 371.040611 424.215556 379.076606 333.937655 385.159223 557.095251 729.031279 800 800 800 800 800 800 797.659199 794.980644 791.138718 720.969981 650.801243 571.295933 442.981111 314.666289 243.125007 301.624058 360.12311 409.295695 446.941255 484.586815 500 500 500 498.901215 497.404038 495.90686 461.902107 423.34818 382.817916 248.189907 113.561898 1 1 1 1 1 1 1
176.154949 256.326741 336.498533 324.57469 195.709481 66.844272 80.838491 196.635682 312.432873 281.896962 196.476429 111.055896 99.826941 99.628153 99.464993 101.828602 104.192211 119.046978 200.85186 282.656743 338.433208 333.641513 328.849818 399.812403 565.675234 731.538066 800 800 800 800 800 800 798.563062 796.918788 794.532653 749.85116 705.169667 650.267729 541.935601 433.603473 366.256849 392.787909 419.318968 444.319703 467.429036 490.538368 500 500 500 499.325493 498.406427 497.48736 473.358311 445.981212 416.156046 269.773099 123.390152 1 1 1 1 1 1 1
264.517281 334.177703 403.838125 376.224376 225.093651 73.962926 60.369626 144.786786 229.203947 213.475785 160.186484 106.897182 99.113335 98.094848 96.847593 79.376085 61.904577 57.901597 126.087236 194.272875 252.650859 288.206421 323.761982 414.465583 574.255218 734.044853 800 800 800 800 800 800 799.466924 798.856931 797.926589 778.73234 759.538091 729.239526 640.890092 552.540658 489.388691 483.951759 478.514827 479.343711 487.916817 496.489922 500 500 500 499.749771 499.408816 499.06786 484.814515 468.614243 449.494176 291.356291 133.218405 1 1 1 1 1 1 1
302.829981 357.297884 411.765786 375.372804 223.606318 71.839832 42.392251 100.11027 157.82829 154.842061 129.08771 103.33336 98.641368 97.080746 95.141319 66.337052 37.532784 23.738053 90.391441 157.04483 221.544041 281.030477 340.516914 436.054403 576.754405 717.454408 780.560294 789.126195 797.692097 800 800 800 800 800 799.937592 796.317169 792.696746 778.662496 710.187096 641.711696 579.346318 530.976003 482.605687 462.777609 478.226244 493.67488 500 500 500 500 500 500 491.342253 481.472924 468.416318 303.606535 138.796751 1.198721 2.411144 3.623567 9.644063 26.505846 43.36763 52.161381
269.186958 301.732312 334.277666 299.040835 177.735414 56.429992 27.996861 65.745395 103.49393 110.279633 105.45222 100.624807 98.516802 96.813095 94.744962 66.831665 38.918368 28.365954 110.864409 193.362864 269.043539 328.859229 388.67492 467.614503 570.511309 673.408115 733.172367 762.61926 792.066152 800 800 800 800 800 799.960371 797.661378 795.362386 785.603492 736.845907 688.088321 621.609796 514.541292 407.472787 372.041057 425.148636 478.256215 500 500 500 500 500 500 490.784396 480.279143 466.612776 302.438917 138.265057 1.683142 5.851073 10.019004 30.715585 88.681125 146.646665 176.876833
235.543934 246.16674 256.789547 222.708866 131.86451 41.020153 13.601471 31.38052 49.15957 65.717205 81.81673 97.916254 98.392236 96.545444 94.348604 67.326277 40.303951 32.993854 131.337376 229.680899 316.543037 376.687982 436.832926 499.174604 564.268213 629.361822 685.784441 736.112324 786.440207 800 800 800 800 800 799.983149 799.005588 798.028026 792.544488 763.504717 734.464946 663.873275 498.106581 332.339888 281.304504 372.071028 462.837551 500 500 500 500 500 500 490.226539 479.085362 464.809234 301.271299 137.733364 2.167562 9.291002 16.414441 51.787108 150.856404 249.9257 301.592286
193.498942 188.915115 184.331288 157.453766 102.268117 47.082467 21.085196 15.887836 10.690476 31.521837 62.115695 92.709553 101.825951 107.749265 113.136831 80.529033 47.921236 38.430791 152.844744 267.258696 363.934694 419.334452 474.734211 520.45144 554.039001 587.626562 633.794043 688.803799 743.813556 769.213624 783.693864 798.174104 800 800 800 800 800 797.792265 784.042988 770.293711 700.562313 502.603335 304.644358 242.936206 349.626958 456.317709 500 500 500 499.383286 498.542966 497.702647 479.087191 457.984247 434.173487 281.437637 128.701787 2.587644 12.274051 21.960459 69.246295 201.311683 333.37707 402.096899
127.568581 126.870325 126.172068 123.688323 118.937395 114.186467 90.767526 54.045583 17.323639 26.798256 53.599647 80.401039 115.375252 151.56453 186.463572 129.858881 73.25419 46.167681 177.292733 308.417785 411.019779 447.248579 483.477379 512.494704 532.477941 552.461179 568.7196 582.35989 596.000181 650.906811 721.032154 791.157496 800 800 800 800 800 798.226509 787.181605 776.136701 721.404163 566.604686 411.805209 353.441955 414.268833 475.095711 500 500 500 497.013358 492.943833 488.874308 437.866458 380.289966 321.572678 208.539582 95.506485 2.824821 13.958273 25.091725 76.436228 218.448993 360.461759 433.774213
61.63822 64.825534 68.012849 89.922879 135.606673 181.290467 160.449856 92.203329 23.956803 22.074675 45.0836 68.092525 128.924553 195.379795 259.790314 179.188729 98.587145 53.90457 201.740723 349.576875 458.104863 475.162705 492.220547 504.537967 510.916881 517.295796 503.645157 475.915981 448.186806 532.599998 658.370443 784.140888 800 800 800 800 800 798.660753 790.320222 781.979691 742.246014 630.606038 518.966061 463.947703 478.910708 493.873712 500 500 500 494.64343 487.3447 480.045969 396.645725 302.595685 208.971869 135.641526 62.311184 3.061998 15.642494 28.222991 83.626161 235.586304 387.546447 465.451527
