NetLogoInput/pp2_resistance.asc
NCOLS 141 
NROWS 155 
XLLCORNER -814385.5599279 
YLLCORNER -11926.5307948138 
CELLSIZE 30 
NODATA_value -9999 
[rows 66 to 87 of 155, columns 50 to 99 of 141]
1.00104909509324 1.00285610085576 1.00466310661829 2.18028330346324 3.80359356772531 5.42690383198738 6.59465476036278 7.69266571195189 9.64718311153446 91.7695682312682 173.891953351002 238.072820994436 203.619406917349 169.165992840261 139.900763881455 122.902020515702 105.903277149949 158.46971356413 299.368753052472 440.267792540814 499.029360374274 499.258994267717 499.488628161159 444.222336963572 368.141392187339 292.060447411106 227.123615729465 163.843595224761 103.745142179048 269.283981800847 434.822821422646 586.753981266729 665.750693748202 744.747406229675 800 800 800 800 800 800 799.908488488973 799.752654623957 799.596820758941 756.334430976802 697.174670693246 638.014910409691 578.636562461685 519.226674489159 458.06611038367 297.094976402012
1.00208757188614 1.00568329400157 1.009279016117 2.11410873607754 3.63894696035782 5.1637851846381 6.04272887474805 6.82279484186775 8.46247305721158 90.5607177757001 172.658962494189 233.331060672827 176.21197553665 119.092890400472 90.5075398123307 129.384825149841 168.262110487351 237.728632091976 346.036810888782 454.344989685588 499.349319108419 499.242730760676 499.136142412934 451.399026050959 385.797301814478 320.195577577997 248.014757885727 174.85581469518 104.848126644315 258.327976540434 411.807826436554 555.40231080198 646.01320915304 736.6241075041 800 800 800 800 800 800 799.951255371418 799.868248722469 799.785242073519 776.576215588922 744.83848859164 713.100761594359 667.144238095093 619.136083770994 568.51022887827 368.642500745808
1.00312604867904 1.00851048714737 1.0138949256157 2.04793416869184 3.47430035299033 4.90066653728882 5.49080298913332 5.95292397178361 7.2777630028887 89.351867320132 171.425971637375 228.589300351218 148.804544155951 69.0197879606836 41.1143157432066 135.86762978398 230.620943824754 316.987550619821 392.704868725091 468.422186830362 499.669277842565 499.226467253636 498.783656664708 458.575715138346 403.453211441617 348.330707744888 268.905900041988 185.868034165599 105.951111109581 247.371971280022 388.792831450462 524.05064033723 626.275724557878 728.500808778525 800 800 800 800 800 800 799.994022253864 799.983842820981 799.973663388098 796.818000201042 792.502306490034 788.186612779027 755.651913728502 719.045493052829 678.954347372871 440.190025089604
1.00652050073977 1.01775168701379 1.02898287328782 2.11222326746973 3.60432588794635 5.09642850842297 5.69632412101633 6.15963490016045 7.34030056192244 75.664431953384 143.988563344846 191.142466661611 121.912109685694 52.6817527097767 31.9116202029519 125.716552335144 219.521484467335 294.828382308057 346.646811839063 398.465241370069 435.8875835985 463.051138771378 490.214693944255 452.179792181276 389.691143719668 327.20249525806 253.99013620187 179.1834678076 107.352572903822 246.564028237974 385.775483572126 516.584814103544 602.360432850932 688.13605159832 753.587633546197 771.745156585532 789.902679624866 800 800 800 800 800 800 799.74361648153 799.392680668245 799.04174485496 774.955181804205 747.443803968291 716.081748169019 465.182591991416
1.01029776749709 1.02803507780229 1.04577238810749 2.19771097960415 3.78223173315076 5.36675248669737 6.02492033528935 6.54127607512123 7.60549929623113 59.9493922386412 112.293285181051 148.38149283236 95.1033553748654 41.8252179173706 29.2393518684562 112.862689925068 196.48602798168 256.190121590784 285.521992598015 314.853863605245 361.690221935622 421.000442378011 480.3106628204 443.578499994372 370.824071870116 298.06964374586 233.256225608472 169.623408743767 108.802533300613 247.405010552778 386.007487804943 513.000120383132 577.766302964399 642.532485545665 699.633873842096 738.899276305356 778.164678768617 800 800 800 800 800 800 799.855585345286 799.657911662497 799.460237979707 783.013652600155 764.222510977573 741.296155893901 482.610596500779
1.01407503425442 1.03831846859079 1.06256190292716 2.28319869173856 3.96013757835517 5.63707646497177 6.35351654956236 6.92291725008202 7.87069803053982 44.2343525238984 80.5980070172569 105.62051900311 68.2946010640373 30.9686831249645 26.5670835339606 100.008827514993 173.450571496026 217.551860873512 224.397173356967 231.242485840422 287.492860272745 378.949745984645 470.406631696546 434.977207807468 351.957000020564 268.936792233661 212.522315015075 160.063349679934 110.252493697405 248.245992867583 386.239492037761 509.41542666272 553.172173077865 596.92891949301 645.680114137994 706.053396025181 766.426677912367 800 800 800 800 800 800 799.967554209042 799.923142656748 799.878731104455 791.072123396104 781.001217986855 766.510563618783 500.038601010143
1.02283388546051 1.06216393559038 1.10149398572025 2.56800536583939 4.57884092862525 6.58967649141111 7.41981598162662 8.06920686193287 9.04042987626051 40.1347138538358 71.2289978314111 92.6012424786897 60.526148155381 28.4510538320722 28.6104286437348 104.982128619085 181.353828594434 214.84074984992 193.873357200541 172.905964551162 231.446570120901 346.645322157799 461.844074194698 422.601281815808 325.432664434585 228.264047053363 182.710603472167 144.830861344418 109.066436249725 223.320646505175 337.574856760625 442.104990682096 494.516016488459 546.927042294822 594.472928833341 630.697630245032 666.922331656724 704.615704321883 744.148936949606 783.682169577329 800 800 800 800 800 800 794.251773628696 787.674135400358 777.293854364888 550.115081324555
1.03362524675432 1.09154279402255 1.14946034129078 2.93413512199106 5.37739175210415 7.82064838221724 8.78710182621152 9.52747666352471 10.5792155225396 40.7742139134299 70.9692123043203 91.7167195491613 60.5262285459425 29.3357375427237 32.5777664096268 117.228997008965 201.880227608304 226.788086339638 175.834895473706 124.881704607774 182.806003254188 318.317423774382 453.828844294575 408.685287324957 295.784128918108 182.882970511259 149.195106076798 127.283994956067 106.804871016241 187.88251580708 268.96016059792 348.794149544579 421.96239141413 495.130633283681 544.386358913402 537.997629514128 531.608900114854 570.314163504288 665.510375217379 760.706586930469 800 800 800 800 800 800 795.440841926327 790.223842716948 782.189180922477 613.512294651696
1.04441660804812 1.12092165245471 1.1974266968613 3.30026487814274 6.17594257558305 9.05162027302336 10.1543876707964 10.9857464651165 12.1180011688187 41.4137139730241 70.7094267772294 90.8321966196329 60.526308936504 30.2204212533752 36.5451041755188 129.475865398846 222.406626622173 238.735422829356 157.796433746871 76.8574446643865 134.165436387474 289.989525390964 445.813614394453 394.769292834106 266.135593401631 137.501893969156 115.679608681429 109.737128567717 104.543305782757 152.444385108986 200.345464435215 255.483308407062 349.408766339801 443.33422427254 494.299788993464 445.297628783224 396.295468572984 436.012622686692 586.871813485151 737.73100428361 800 800 800 800 800 800 796.629910223959 792.773550033539 787.084507480067 676.909507978837
1.89403286038223 1.97915547280674 2.06427808523126 4.17962286703687 7.06929043443309 9.95895800182932 13.5320690565126 17.2098060713802 21.0949094299333 44.3892275692066 67.68354570848 85.9621260176058 76.6664669220331 67.3708078264604 87.7926174394358 178.475779233342 269.158941027249 272.925003531449 166.325310406142 59.7256172808357 101.307357337438 248.484578766822 395.661800196207 350.318139005499 232.766374754626 115.214610503753 100.54054689264 101.161457662224 102.08239297117 124.281118447362 146.479843923553 180.192358522213 275.616484535478 371.040610548744 424.215555960157 379.076605567668 333.93765517518 385.159222546227 557.095250819567 729.031279092907 800 800 800 800 800 800 797.659199181919 794.980644102252 791.138717604116 720.96998052764
3.40212454044592 3.48803835162807 3.57395216281022 5.46186372658458 8.03705372739848 10.6122437282124 18.487905880857 27.1749986764618 35.9107252182609 49.1985059107099 62.4862866031589 77.9634105262616 105.476545187055 132.989679847849 176.154949441721 256.326741216272 336.498532990822 324.574689945529 195.709480815378 66.8442716852277 80.8384914911664 196.63568244686 312.432873402553 281.896961968849 196.476429216956 111.055896465063 99.8269407924402 99.6281526258396 99.4649928126295 101.828601739937 104.192210667245 119.04697790573 200.851860316422 282.656742727115 338.433207726863 333.641513040982 328.849818355101 399.812402757075 565.675234411485 731.538066065895 800 800 800 800 800 800 798.563061760482 796.918787633909 794.532653445342 749.851160245588
4.91021622050961 4.99692123044939 5.08362624038917 6.7441045861323 9.00481702036386 11.2655294545954 23.4437427052015 37.1401912815433 50.7265410065885 54.0077842522132 57.2890274978379 69.9646950349174 134.286623452077 198.608551869237 264.517281444006 334.177703199201 403.838124954396 376.224376359608 225.093651224614 73.9629260896198 60.369625644895 144.786786126897 229.203946608899 213.475784932198 160.186483679286 106.897182426373 99.1133346922402 98.0948475894548 96.8475926540888 79.3760850325125 61.9045774109363 57.9015972892476 126.087236097366 194.272874905485 252.650859493569 288.206420514295 323.761981535021 414.465582967923 574.255218003402 734.044853038882 800 800 800 800 800 800 799.466924339044 798.856931165565 797.926589286569 778.732339963536
6.34666310665229 6.42248237284161 6.49830163903092 7.88575342034191 9.77345929113013 11.6611651619184 25.6900796945708 41.5776491675017 57.258535422198 53.5941465324754 49.9297576427528 59.749254040371 143.697003071896 227.644752103421 302.829981160676 357.297883720752 411.765786280828 375.372803694926 223.606317756396 71.8398318178664 42.3922507214344 100.110270337858 157.828289954281 154.842060520363 129.087710496291 103.33336047222 98.6413676604042 97.0807455144881 95.1413193845875 66.3370517890929 37.5327841935982 23.7380530871952 90.391441490005 157.044829892815 221.544040665572 281.030477414142 340.516914162713 436.054402606929 576.754405444021 717.454408281114 780.560293599211 789.126195492154 797.692097385097 800 800 800 800 800 799.937592450288 796.317169237908
7.68010717888742 7.72825290879667 7.77639863870592 8.82527487822388 10.2558277871784 11.686380696133 24.0410030465974 38.0679527740866 51.8809846412889 45.6715884618196 39.4621922823502 46.3468548316351 125.216681357329 204.086507883022 269.18695767238 301.732312084273 334.277666496165 299.040834998059 177.735413690688 56.4299923833178 27.996860780129 65.7453953069104 103.493929833692 110.279632935124 105.452220138848 100.624807342571 98.5168020604005 96.8130949691908 94.7449617176263 66.8316646405145 38.9183675634026 28.3659537756659 110.864408991392 193.362864207118 269.043538813518 328.859229463054 388.67492011259 467.614503315378 570.511309180503 673.408115045628 733.172367219931 762.61925979792 792.06615237591 800 800 800 800 800 799.96037079777 797.661378379337
9.01355125112256 9.03402344475174 9.05449563838092 9.76479633610585 10.7381962832268 11.7115962303477 22.3919263986239 34.5582563806715 46.5034338603798 37.7490303911637 28.9946269219476 32.9444556228992 106.736359642761 180.528263662623 235.543934184084 246.166740447793 256.789546711503 222.708866301191 131.86450962498 41.0201529487692 13.6014708388235 31.380520275963 49.1595697131025 65.7172053498845 81.8167297814038 97.9162542129231 98.3922364603968 96.5454444238935 94.3486040506651 67.3262774919361 40.303950933207 32.9938544641367 131.337376492779 229.680898521421 316.543036961465 376.687981511966 436.832926062468 499.174604023826 564.268212916984 629.361821810142 685.784440840651 736.112324103687 786.440207366723 800 800 800 800 800 799.983149145252 799.005587520765
9.60732162435138 9.60473857137803 9.60215551840468 10.0161062087088 10.5889220583297 11.1617379079505 19.7260428920887 29.5137368462812 39.0948096669176 29.3364183867133 19.578027106509 21.2097974675566 85.459482598056 149.709167728555 193.498942140304 188.915114927394 184.331287714484 157.453766436123 102.268116936576 47.082467437028 21.0851955648684 15.8878357995847 10.690476034301 31.521836866155 62.1156947000158 92.7095525338766 101.82595111593 107.749265220239 113.136830957134 80.5290334863253 47.9212360155162 38.4307914039221 152.844743634054 267.258695864186 363.934694360235 419.334452457184 474.734210554133 520.451440418349 554.039001379646 587.626562340943 633.794042779315 688.803799175028 743.813555570741 769.213623836481 783.693863955 798.174104073519 800 800 800 800
8.09832534383428 8.08581605715194 8.0733067704696 8.31094747334252 8.64399489556327 8.97704231778403 14.1695502448524 20.1059758926328 25.912188846343 19.5306663099521 13.1491437735612 14.21624377337 56.2324738919593 98.2487040105487 127.56858101009 126.87032468005 126.17206835001 123.688322670381 118.93739501107 114.18646735176 90.7675259704091 54.0455826344703 17.3236392985315 26.7982560170995 53.5996474940374 80.4010389709754 115.375251976674 151.564530007379 186.463572293916 129.858881288848 73.2541902837791 46.1676809487836 177.292733204283 308.417785459782 411.019778831528 447.248578707943 483.477378584359 512.494703522342 532.477941370429 552.461179218516 568.719599698073 582.35989029824 596.000180898407 650.906810927282 721.032153589954 791.157496252625 800 800 800 800
6.58932906331719 6.56689354292585 6.5444580225345 6.60578873797622 6.69906773279688 6.79234672761753 8.61305759761611 10.6982149389845 12.7295680257683 9.72491423319082 6.72026044061335 7.22269007918332 27.0054651858627 46.788240292542 61.6382198798767 64.8255344327059 68.0128489855352 89.9228789046383 135.606673085565 181.290467266492 160.44985637595 92.2033294693559 23.9568025627621 22.074675168044 45.083600288059 68.0925254080741 128.924552837418 195.379794794519 259.790313630698 179.18872909137 98.587144552042 53.9045704936451 201.740722774511 349.576875055378 458.10486330282 475.162704958702 492.220546614585 504.537966626335 510.916881361212 517.295796096088 503.645156616831 475.915981421452 448.186806226073 532.599998018082 658.370443224907 784.140888431732 800 800 800 800
5.09806242207018 5.06788890380383 5.03771538553748 4.94551319213606 4.82965338271534 4.71379357329461 3.57563396498431 2.28097407531239 1 1 1 1 1 1 2.96356228481831 9.56959740525632 16.1756325256943 59.2944685877805 148.77659678693 238.25872498608 219.900020438301 124.692925366628 29.4858302949548 17.6871864133795 37.172245149708 56.6573038860365 142.059499982276 237.261690838303 329.700727801185 226.1764316871 122.652135573016 60.9380256151061 223.318167670833 385.69830972656 498.4632342754 495.773485981515 493.08373768763 490.219341412454 487.136157013275 484.052972614097 443.389083550118 376.310163617054 309.231243683989 421.290682262378 599.414987209296 777.539292156215 800 800 800 800
3.74991584544442 3.72966856088707 3.70942127632972 3.64755099557123 3.56980578503945 3.49206057450767 2.7283232715614 1.85956985143374 1 1 1 1 1 1 2.85956949602469 9.11574048413823 15.3719114722518 53.9893275762936 133.698465556909 213.407603537524 196.75243471317 111.427155567141 26.1018764211134 16.0127546778219 34.1421832219193 52.2716117660168 151.849633976095 263.536734691213 372.033312701765 254.257490541128 136.481668380491 62.2931034949182 221.723537096849 381.15397069878 484.521139459671 457.42902121212 430.33690296457 424.54525130179 445.43749881707 466.32974633235 422.028637029635 331.90389168372 241.779146337805 366.467695954177 570.377757611809 774.287819269441 800 800 800 800
2.40176926881865 2.3914482179703 2.38112716712195 2.34958879900639 2.30995818736356 2.27032757572072 1.8810125781385 1.43816562755509 1 1 1 1 1 1 2.75557670723106 8.66188356302015 14.5681904188092 48.6841865648067 118.620334326888 188.556482088969 173.604848988038 98.1613857676552 22.717922547272 14.3383229422642 31.1121212941307 47.8859196459972 161.639767969913 289.811778544123 414.365897602346 282.338549395156 150.311201187966 63.6481813747303 220.128906522865 376.609631670999 470.579044643941 419.084556442725 367.590068241509 358.871161191126 403.738840620865 448.606520050604 400.668190509152 287.497619750387 174.327048991622 311.644709645976 541.340528014322 771.036346382667 800 800 800 800
1.05362269219289 1.05322787505354 1.05283305791418 1.05162660244156 1.05011058968767 1.04859457693378 1.03370188471559 1.01676140367644 1 1 1 1 1 1 2.65158391843743 8.20802664190206 13.7644693653667 43.3790455533198 103.542203096867 163.705360640414 150.457263262907 84.8956159681689 19.3339686734307 12.6638912067066 28.082059366342 43.5002275259775 171.429901963732 316.086822397033 456.698482502927 310.419608249184 164.140733995441 65.0032592545425 218.53427594888 372.065292643218 456.636949828212 380.74009167333 304.843233518449 293.197071080462 362.04018242466 430.883293768858 379.307743988668 243.091347817053 106.874951645439 256.821723337775 512.303298416834 767.784873495894 800 800 800 800
