NetLogoInput/pp2_resistance.asc
NCOLS 141 
NROWS 155 
XLLCORNER -814385.5599279 
YLLCORNER -11926.5307948138 
CELLSIZE 30 
NODATA_value -9999 
[rows 84 to 111 of 155, columns 64 to 127 of 141]
2.963562 9.569597 16.175633 59.294469 148.776597 238.258725 219.90002 124.692925 29.48583 17.687186 37.172245 56.657304 142.0595 237.261691 329.700728 226.176432 122.652136 60.938026 223.318168 385.69831 498.463234 495.773486 493.083738 490.219341 487.136157 484.052973 443.389084 376.310164 309.231244 421.290682 599.414987 777.539292 800 800 800 800 800 799.080475 793.353879 787.627284 762.135891 691.373044 620.610198 569.836769 543.769218 517.701667 505.575749 503.11524 500.654731 492.697835 482.748083 472.798332 363.334538 239.944553 118.339645 81.726169 45.112694 16.723481 30.287231 43.850981 101.159789 257.105368 413.050947 490.734685
2.859569 9.11574 15.371911 53.989328 133.698466 213.407604 196.752435 111.427156 26.101876 16.012755 34.142183 52.271612 151.849634 263.536735 372.033313 254.257491 136.481668 62.293103 221.723537 381.153971 484.521139 457.429021 430.336903 424.545251 445.437499 466.329746 422.028637 331.903892 241.779146 366.467696 570.377758 774.287819 800 800 800 800 800 799.382973 795.540265 791.697557 774.341095 726.031252 677.721408 638.458301 610.376489 582.294676 556.160964 531.377825 506.594687 494.177602 486.244146 478.31069 393.87207 298.727166 205.045788 181.046021 157.046255 138.750831 149.553944 160.357057 202.191464 313.99553 425.799595 464.401905
2.755577 8.661884 14.56819 48.684187 118.620334 188.556482 173.604849 98.161386 22.717923 14.338323 31.112121 47.88592 161.639768 289.811779 414.365898 282.338549 150.311201 63.648181 220.128907 376.609632 470.579045 419.084556 367.590068 358.871161 403.738841 448.60652 400.668191 287.49762 174.327049 311.64471 541.340528 771.036346 800 800 800 800 800 799.68547 797.726651 795.767831 786.5463 760.689459 734.832619 707.079833 676.983759 646.887685 606.746179 559.640411 512.534642 495.65737 489.740209 483.823049 424.409602 357.50978 291.75193 280.365873 268.979816 260.77818 268.820656 276.863132 303.22314 370.885691 438.548243 438.069124
2.651584 8.208027 13.764469 43.379046 103.542203 163.705361 150.457263 84.895616 19.333969 12.663891 28.082059 43.500228 171.429902 316.086822 456.698483 310.419608 164.140734 65.003259 218.534276 372.065293 456.63695 380.740092 304.843234 293.197071 362.040182 430.883294 379.307744 243.091348 106.874952 256.821723 512.303298 767.784873 800 800 800 800 800 799.987968 799.913036 799.838104 798.751504 795.347666 791.943829 775.701365 743.59103 711.480695 657.331394 587.902996 518.474598 497.137138 493.236273 489.335407 454.947134 416.292394 378.458073 379.685725 380.913378 382.805529 388.087368 393.369208 404.254815 427.775853 451.296891 411.736344
73.57606 49.520156 25.464251 30.336093 71.939861 113.543629 104.73114 59.991551 15.251963 14.493167 30.230086 45.967004 173.156853 316.916567 456.609682 307.898847 159.188012 53.210414 176.274437 299.338459 367.276731 306.937314 246.597896 236.777113 290.242931 343.70875 301.801305 192.857126 83.912947 206.688931 414.921552 623.154173 695.479094 748.193886 800 800 800 800 800 800 799.469565 797.724164 795.978763 783.592561 758.054886 732.517212 676.15365 598.419223 520.684796 498.05075 495.394749 492.738749 469.525121 443.434618 417.905553 419.10775 420.309946 421.205811 420.539039 419.872267 412.058139 388.128086 364.198032 310.175927
147.442728 92.562345 37.681962 16.972618 39.653041 62.333464 58.069752 34.605397 11.141042 16.467576 32.592602 48.717629 174.549805 316.692299 454.763672 304.110475 153.457278 40.872946 132.330134 223.787322 274.792489 231.665756 188.539022 180.740485 217.198914 253.657343 221.969146 142.381494 62.793842 156.750419 314.70879 472.667161 586.628648 694.241823 800 800 800 800 800 800 799.711798 798.763465 797.815133 788.968142 770.358821 751.749501 693.660198 608.200348 522.740498 498.94091 497.497819 496.054729 483.44202 469.266212 455.395452 456.048643 456.701835 456.142032 449.394594 442.647156 415.999691 344.481455 272.963219 205.499377
221.309396 135.604534 49.899673 3.609144 7.366221 11.123298 11.408364 9.219243 7.030121 18.441984 34.955119 51.468254 175.942757 316.468031 452.917663 300.322103 147.726544 28.535478 88.385831 148.236184 182.308248 156.394198 130.480149 124.703858 144.154898 163.605937 142.136987 91.905863 41.674738 106.811908 214.496028 322.180149 477.778202 640.289759 800 800 800 800 800 800 799.95403 799.802766 799.651503 794.343722 782.662756 770.98179 711.166746 617.981473 524.7962 499.83107 499.60089 499.370709 497.358919 495.097806 492.88535 492.989537 493.093725 491.078254 478.25015 465.422046 419.941243 300.834825 181.728406 100.822828
219.280207 134.047932 48.815657 1.394185 1.984183 2.574181 3.794534 5.464083 7.133632 17.772927 31.77647 45.780014 149.330956 266.195038 379.642984 250.818025 121.993067 19.765759 60.096552 100.427345 124.313555 109.933199 95.552844 91.674751 100.95324 110.231729 94.581222 61.408421 28.235619 74.334763 149.668799 225.002835 368.637599 522.127477 673.738065 718.205433 762.672801 800 800 800 800 800 800 795.225313 784.549361 773.873409 713.786983 619.445432 525.103881 500 500 500 496.627246 492.782501 488.463399 461.559086 434.654773 414.65991 429.910984 445.162058 414.251471 279.255132 144.258793 60.391532
199.474293 122.045167 44.616042 1.790489 2.903923 4.017358 5.326626 6.775448 8.22427 16.484702 27.29994 38.115178 116.159735 204.199369 289.637907 190.606174 91.574442 11.831697 35.474075 59.116452 74.397184 70.22036 66.043536 64.034587 64.741417 65.448246 54.585403 35.590375 16.595347 45.947512 93.129756 140.311999 259.429033 388.925542 517.902398 617.252514 716.602629 800 800 800 800 800 800 795.054297 783.995965 772.937632 712.920471 618.961301 525.002131 500 500 500 492.464507 483.874482 474.224635 414.11434 354.004045 312.159515 363.490865 414.822215 406.3058 262.844073 119.382347 35.008096
179.668378 110.042403 40.416427 2.186793 3.823664 5.460535 6.858719 8.086813 9.314907 15.196478 22.823411 30.450343 82.988514 142.203701 199.63283 130.394324 61.155818 3.897635 10.851597 17.805559 24.480814 30.507522 36.534229 36.394423 28.529593 20.664763 14.589584 9.77233 4.955075 17.560261 36.590712 55.621162 150.220468 255.723607 362.066731 516.299594 670.532458 800 800 800 800 800 800 794.883282 783.442568 772.001855 712.053959 618.47717 524.900381 500 500 500 488.301768 474.966463 459.985871 366.669594 273.353316 209.65912 297.070746 384.482372 398.360128 246.433015 94.505901 9.62466
137.821762 87.581045 37.340329 18.335625 38.993843 59.652062 67.567681 66.402805 65.237929 54.679164 40.597068 26.514972 58.466692 97.262326 134.864453 87.822904 40.781355 1.355195 2.746001 4.136808 7.366969 14.877311 22.387653 24.017579 18.280885 12.544191 21.038938 39.536796 58.034654 54.776042 43.49381 32.211577 121.043117 224.320078 328.678095 494.669884 660.661674 800 800 800 800 800 800 795.58795 785.722837 775.857724 722.118839 637.963295 553.807751 503.163375 464.669327 426.175278 409.81685 396.556124 381.731209 292.431879 203.132549 142.948686 231.286351 319.624016 347.744109 240.085045 132.42598 61.875315
84.63222 59.737326 34.842432 42.591265 91.790512 140.989759 158.731158 154.055398 149.379638 115.144006 69.82146 24.498914 38.396159 61.097694 83.083777 54.329875 25.575973 1.587474 3.140578 4.693683 7.134465 11.640874 16.147284 19.49578 21.393716 23.291652 51.390624 97.905994 144.421363 125.753469 83.046482 40.339495 133.052665 245.305617 358.30504 513.862709 669.420377 800 800 800 800 800 800 796.743276 789.46141 782.179545 737.809401 667.726822 597.644243 507.954736 411.156237 314.357739 293.083104 282.377428 270.531698 204.405553 138.279409 94.657035 165.829123 237.001212 275.168417 238.915896 202.663376 154.079224
31.442678 31.893607 32.344535 66.846906 144.587181 222.327457 249.894634 241.707991 233.521348 175.608848 99.045852 22.482857 18.325625 24.933062 31.3031 20.836846 10.370592 1.819753 3.535155 5.250558 6.901961 8.404437 9.906914 14.973982 24.506548 34.039113 81.74231 156.275191 230.808072 196.730895 122.599154 48.467413 145.062214 266.291156 387.931985 533.055533 678.179081 800 800 800 800 800 800 797.898601 793.199983 788.501366 753.499963 697.490349 641.480735 512.746096 357.643147 202.540199 176.349358 168.198731 159.332187 116.379228 73.426269 46.365384 100.371896 154.378407 202.592724 237.746748 272.900771 246.283133
6.657776 21.030842 35.403908 88.050641 189.296582 290.542523 325.814594 314.073066 302.331537 225.439588 124.111908 22.784228 8.718198 7.625482 6.559145 7.363528 8.167912 11.207518 26.227468 41.247418 47.083515 31.548772 16.01403 13.892242 28.573371 43.2545 106.26785 203.253343 300.238837 266.695608 185.014376 103.333145 193.838664 309.189019 424.8286 556.95777 689.08694 800 800 800 800 800 800 798.713173 795.835896 792.958619 763.891167 716.666682 669.442196 517.217445 326.922174 136.626904 122.003764 131.964529 140.792987 95.709878 50.62677 19.33579 58.400128 97.464466 143.896734 206.94228 269.987826 256.736987
9.139057 26.468436 43.797815 106.324789 226.24285 346.160911 387.101995 371.763344 356.424692 265.062439 145.186291 25.310144 9.154516 8.419167 7.76828 13.107533 18.446787 29.383818 70.323826 111.263833 126.059335 80.01654 33.973744 16.112684 33.555951 50.999217 125.200753 239.297003 353.393252 335.688196 269.37582 203.063443 277.908403 373.120961 468.703518 585.380666 702.057815 800 800 800 800 800 800 799.200649 797.413343 795.626036 769.195412 725.680154 682.164896 521.381609 318.079812 114.778015 127.545812 170.550813 211.200285 139.697845 68.195406 12.716071 38.972525 65.22898 98.524148 147.690272 196.856397 188.717319
11.620338 31.90603 52.191722 124.598938 263.189119 401.7793 448.389397 429.453622 410.517847 304.68529 166.260675 27.83606 9.590835 9.212851 8.977416 18.851539 28.725661 47.560119 114.420184 181.280249 205.035156 128.484307 51.933458 18.333126 38.538531 58.743935 144.133657 275.340662 406.547667 404.680785 353.737263 302.793742 361.978141 437.052903 512.578435 613.803563 715.02869 800 800 800 800 800 800 799.688125 798.990789 798.293453 774.499657 734.693627 694.887597 525.545773 309.23745 92.929126 133.087859 209.137097 281.607582 183.685812 85.764043 6.096351 19.544923 32.993495 53.151562 88.438265 123.724968 120.697651
13.16796 33.909031 54.650102 128.040855 268.285218 408.529582 455.170261 435.108075 415.04589 307.85197 167.977869 28.103769 11.334057 12.866451 14.678259 36.306159 57.934059 87.166065 157.154558 227.143052 248.087433 154.906104 61.724775 18.866948 39.051274 59.235599 144.748788 276.180858 407.612928 416.28017 379.672676 343.065182 386.871025 442.279713 498.232282 585.192957 672.153633 748.23397 767.434338 786.634706 800 800 800 800 800 800 778.944352 743.291316 707.638281 542.032467 329.308964 116.585461 169.109869 258.753593 344.381037 238.784633 133.188228 45.316652 47.861566 50.40648 55.281321 65.409705 75.538089 68.468594
13.057359 29.812042 46.566725 105.14008 216.814027 328.487973 365.145135 348.344632 331.544129 246.270898 135.315851 24.360804 15.398399 21.599385 28.356568 74.559344 120.762119 164.831999 197.469992 230.107984 227.337927 142.173294 57.008661 16.405258 31.625392 46.845526 112.830755 214.498166 316.165576 325.94672 301.840905 277.735091 306.663231 343.243642 380.482962 455.288362 530.093762 604.52921 677.030639 749.532068 800 800 800 800 800 800 781.862448 751.150557 720.438666 580.404511 400.732785 221.061059 259.265624 327.960226 393.596455 313.616814 233.637173 165.950828 160.974073 155.997318 141.77732 106.715571 71.653822 44.284353
12.946759 25.715054 38.483349 82.239306 165.342835 248.446364 275.120009 261.581189 248.042368 184.689825 102.653832 20.617839 19.46274 30.332319 42.034878 112.812528 183.590178 242.497933 237.785425 233.072916 206.588421 129.440484 52.292547 13.943568 24.19951 34.455453 80.912722 152.815474 224.718225 235.613269 224.009135 212.405 226.455436 244.207572 262.733642 325.383766 388.03389 460.824451 586.62694 712.429429 800 800 800 800 800 800 784.780545 759.009798 733.239051 618.776554 472.156606 325.536657 349.421379 397.16686 442.811872 388.448995 334.086118 286.585005 274.08658 261.588155 228.273318 148.021437 67.769556 20.100112
12.668578 21.646506 30.624435 60.538789 117.037836 173.536884 191.07186 180.840672 170.609485 127.628228 72.363521 17.098815 23.169616 38.359253 54.625755 147.263597 239.901438 311.652841 271.457096 231.261351 183.077749 116.306393 49.535037 17.856985 30.141643 42.426301 74.087687 119.368744 164.649801 175.754249 174.254622 172.754995 175.664129 179.209404 183.6356 238.285409 292.935218 364.732987 526.176445 687.619904 800 800 800 800 800 800 787.298214 765.790577 744.282939 651.677784 533.294412 414.911041 425.921541 455.039674 482.903561 451.050029 419.196497 389.438363 370.369103 351.299843 301.835044 183.834095 65.833146 1
11.760829 17.684807 23.608784 43.34741 80.627624 117.907838 129.47808 122.727155 115.97623 87.545442 50.983269 14.421095 25.533559 43.73388 63.13135 167.430834 271.730318 348.833429 280.169409 211.505389 149.193902 101.664767 54.135633 45.720477 86.30488 126.889283 161.5323 191.999187 222.466075 230.381896 229.981055 229.580213 235.385001 242.0852 249.743099 312.001995 374.26089 447.515671 578.254476 708.993281 800 800 800 800 800 800 788.311552 768.519778 748.728003 664.026198 555.789608 447.553018 451.120223 470.333472 488.719121 467.700953 446.682784 425.492546 403.424555 381.356564 326.805151 199.00981 71.21447 1
10.85308 13.723107 16.593134 26.15603 44.217412 62.278793 67.884301 64.613638 61.342974 47.462657 29.603016 11.743375 27.897503 49.108507 71.636945 187.598071 303.559198 386.014018 288.881722 191.749426 115.310054 87.023141 58.736229 73.583968 142.468116 211.352264 248.976912 264.629631 280.282349 285.009543 285.707488 286.405432 295.105873 304.960995 315.850598 385.71858 455.586563 530.298356 630.332507 730.366658 800 800 800 800 800 800 789.324891 771.248979 753.173067 676.374612 578.284803 480.194995 476.318905 485.627269 494.534681 484.351876 474.169071 461.546728 436.480006 411.413285 351.775258 214.185526 76.595793 1
10 10 10 10.134179 10.438735 10.743291 11.8399 13.500934 15.161969 15.198511 14.625762 14.053013 33.177321 55.230018 78.719274 204.089474 329.459673 415.926269 293.877315 171.828361 83.920081 75.45719 66.9943 103.759045 197.182157 290.60527 330.817052 333.627223 336.437394 337.050085 336.852362 336.65464 348.234342 361.51341 375.927244 455.036997 534.146751 611.764489 681.582304 751.400119 800 800 800 800 800 800 790.018706 773.117614 756.216521 685.526658 595.334305 505.141953 495.890821 497.966763 499.991175 499.562185 499.133194 493.921623 464.313531 434.705439 369.754591 225.112561 80.47053 1
10 10 10 12.362137 17.723673 23.085209 42.390398 71.631965 100.873532 104.939807 99.563678 94.187548 83.957702 73.006247 63.592339 163.221548 262.850757 332.420242 240.87561 149.330978 91.445614 111.885406 132.325198 170.005098 229.282333 288.559568 325.202569 345.936235 366.669902 348.720303 316.50461 284.288918 298.492094 319.393051 341.895862 455.724491 569.55312 672.686564 719.907972 767.129381 800 800 800 800 800 800 785.726527 761.55759 737.388653 644.80119 527.406849 410.012507 427.660231 464.206006 499.844645 492.292508 484.74037 468.883311 410.661838 352.440365 278.64685 169.741347 60.835844 1
10 10 10 14.590096 25.008611 35.427127 72.940895 129.762995 186.585095 194.681102 184.501593 174.322084 134.738083 90.782476 48.465405 122.353622 196.24184 248.914215 187.873905 126.833595 98.971146 148.313621 197.656096 236.251151 261.382508 286.513866 319.588085 358.245247 396.90241 360.390522 296.156859 231.923195 248.749845 277.272691 307.864479 456.411985 604.95949 733.608638 758.23364 782.858642 800 800 800 800 800 800 781.434349 749.997567 718.560784 604.075722 459.479392 314.883062 359.429641 430.44525 499.698115 485.022831 470.347547 443.844999 357.010144 270.17529 187.539109 114.370134 41.201159 1
10 10 10 16.818054 32.29355 47.769045 103.491393 187.894025 272.296658 284.422398 269.439508 254.456619 185.518465 108.558704 33.33847 81.485697 129.632924 165.408187 134.8722 104.336212 106.496679 184.741836 262.986994 302.497205 293.482684 284.468164 313.973601 370.55426 427.134918 372.060741 275.809107 179.557473 199.007597 235.152332 273.833097 457.099478 640.36586 794.530713 796.559309 798.587904 800 800 800 800 800 800 777.14217 738.437543 699.732916 563.350255 391.551935 219.753616 291.19905 396.684494 499.551585 477.753154 455.954723 418.806686 303.358451 187.910216 96.431367 58.99892 21.566473 1
8.896708 9.327778 9.758847 16.508342 31.28086 46.053378 100.815798 184.075399 267.335 297.539495 307.844805 318.150115 251.52467 173.461819 96.592836 104.393206 112.193576 117.690825 110.8438 103.996776 125.340797 212.285417 299.230036 329.967539 290.292265 250.616991 265.968746 319.998346 374.027946 339.454618 272.205202 204.955787 207.304665 219.695884 235.301685 434.179103 633.056522 800 800 800 800 800 800 795.87705 786.658349 777.439648 728.714599 652.600725 576.48685 454.764791 316.506324 178.247857 259.329581 371.106202 479.567256 430.166868 380.76648 324.059136 230.078126 136.097117 63.503375 39.133851 14.764327 1.582519
7.684599 8.589254 9.49391 15.948341 29.449779 42.951216 94.863127 174.146702 253.430278 303.099177 341.660608 380.222039 319.032592 243.013039 167.577919 133.590862 99.603804 73.503284 89.673027 105.84277 145.301264 238.952709 332.604154 353.61344 283.621149 213.628857 213.782945 263.24209 312.701234 302.481537 270.252737 238.023937 221.326128 206.869287 196.326436 408.930293 621.534151 800 800 800 800 800 800 791.347455 772.000816 752.654177 675.933971 559.438015 442.942059 339.486324 240.758652 142.030981 231.046394 346.334943 457.626332 378.60417 299.582008 222.436191 154.861837 87.287483 36.313629 22.770739 9.22785 2.222492
