NetLogoInput/pp3_resistance_60.asc
NCOLS 132 
NROWS 191 
XLLCORNER -925625.5599279 
YLLCORNER -56596.5307948139 
CELLSIZE 60 
NODATA_value -9999 
[rows 74 to 110 of 191, columns 0 to 83 of 132]
145.15298 139.217941 118.844987 99.070023 56.60987 35.73324 35.226669 19.289098 6.145871 4.671163 2.006781 2.590596 3.167761 3.259545 3.208638 2.801696 2.121907 2.009608 1.582767 1.107974 1.017849 1 1 1 1 1 1.057782 1.709808 2.003468 2.089758 2.099917 1.565264 1.36684 1.94974 2.089903 1.785687 1.209196 1.813361 1.61971 1.133038 1.021683 1 1 1 6.107083 6.861702 3.512591 1.786842 4.104743 24.137102 95.082428 442.854858 726.585266 796.523071 800 800 800 800 797.254456 771.517822 676.192017 339.349884 157.691986 322.073059 149.092682 37.469254 1 1 1 1 1 1 1 1 1 1 1 1 1 1 1 1 1 1
151.421356 144.819642 139.217941 118.246996 99.070023 56.409549 36.239811 35.226669 16.494753 6.145871 5.860838 3.75589 2.000764 1.603188 1.566391 2.990056 5.566342 6.032867 4.115296 1.577195 1.095415 1 1 1 1 1 1.308884 4.794421 6.364239 6.825521 6.879828 4.021734 2.961019 6.077025 6.826296 5.200049 2.118298 5.347986 4.312787 1.711181 1.115908 1 1 1 6.15558 8.536473 7.741702 3.393118 2.316035 90.985771 465.95697 671.696716 781.173279 799.108337 800 800 800 800 785.323181 681.690125 315.373474 120.653946 41.182629 83.337074 38.977394 10.352301 1 1 1 1 1 1 1 1 1 1 1 1 1 1 1 1 1 1
197.324207 151.421356 143.819628 139.217941 116.453025 99.070023 55.101694 37.252953 35.226669 8.111719 6.413709 3.570735 1.448014 1.023911 1 3.392308 7.691869 8.388424 5.550293 1.80147 1.13249 1 1.675901 3.484967 2.107398 2.186222 3.948817 7.25969 8.710813 8.651265 6.757839 5.301098 5.54632 8.447058 9.07928 7.743671 5.027958 5.621966 3.902424 1.568048 1.09258 2.71786 3.355528 1.521244 6.347484 8.043844 6.342467 2.870575 134.401154 360.798126 673.113403 771.028625 800 800 800 800 799.090027 789.370178 644.898254 412.855896 117.133598 26.831861 1 1 1 1 1 1 1 1 1 1 1 1 1 1 1 1 1 1 1 1 1 1
244.231842 196.319422 151.421356 140.819586 139.217941 111.071112 99.070023 48.857133 39.279236 8.844515 5.13751 2.664179 1.300356 1.290116 1.12087 3.782247 8.731463 9.650736 6.317016 1.88424 1.146173 1.177544 2.892831 7.11267 3.925459 4.107446 7.650675 9.264567 9.899355 8.909941 4.210441 5.714297 8.090014 9.393603 9.554434 9.278239 8.33375 4.144078 1.97284 1.082653 1.013471 4.936825 6.498832 2.56224 6.740798 6.566844 2.308837 1.352482 321.282715 708.275146 784.57959 799.699829 800 800 800 799.513245 794.296997 747.607361 432.777435 74.908508 12.87252 1 1 1 1 1 1 1 1 1 1 1 1 1 1 1 1 1 1 1 1 1 1 1
369.972312 244.231842 193.305067 151.421356 131.819461 139.217941 94.925372 99.070023 21.852604 5.283167 2.814781 1.637627 2.091034 4.753581 2.629628 2.737818 5.274705 8.441183 6.044889 1.8229 1.136033 3.393735 6.236277 8.840178 7.209441 7.297589 9.105544 9.72694 9.966681 8.765894 3.445373 3.297396 4.164609 4.617611 4.627961 4.490029 4.094728 2.261049 1.359189 1.027362 1.00446 2.525223 4.448551 6.420331 8.579886 6.888775 2.049225 1.271726 328.094269 720.61676 786.963501 799.900635 800 800 800 793.437622 750.417419 412.61792 174.156067 25.467661 4.930438 1 1 1 1 1 1 1 1 1 1 1 1 1 1 1 1 1 1 1 1 1 1 1
500 365.685095 244.231842 184.262003 151.421356 104.819087 139.217941 46.488152 9.306661 2.712296 1.451929 1.088036 2.207658 5.454468 2.925109 1.877118 2.783309 6.168155 4.734367 1.594097 1.09821 4.841492 8.369822 9.782638 9.20838 9.236712 17.097645 98.615242 132.660965 119.632782 31.605797 7.287779 1.830081 1.851856 1.808299 1.761083 1.67718 1.223597 1.037701 1.390997 3.06465 3.776395 5.379721 8.841133 8.004036 5.374018 16.102558 172.954727 464.639526 749.849976 791.885193 800 800 800 795.994812 704.890686 517.953735 173.669891 31.682053 1 1 1.119421 1.22558 1.264068 1.287098 1.200607 1.03066 1.00766 1 1 1 1 1 1 1 1 1 1 1 1 1 1 1 1
500 500 352.823444 244.231842 157.132812 151.421356 23.817963 7.493508 1.542611 1.111851 1.029521 1.005751 1.663872 3.448702 2.031872 1.196426 1.237731 2.853178 2.406468 1.201222 1.033264 5.536369 9.317958 9.955944 9.94829 9.95014 31.494646 274.139496 375.499908 339.263428 88.106178 17.555746 1.054223 1.055645 1.0528 1.049716 1.044235 1.014606 1.002463 2.165076 7.152154 8.616197 9.23199 9.853743 5.062132 2.059753 44.179104 512.924561 728.292236 795.632751 799.293335 800 800 800 788.065552 535.541931 100.723274 28.819052 3.004224 1 1 1.355846 1.672174 1.786857 1.855483 1.59776 1.091359 1.022825 1 1 1 1 1 1 1 1 1 1 1 1 1 1 1 1
449.083954 500 500 314.23849 244.231842 75.745239 10.310917 3.581322 1.1473 1.536716 3.884361 2.636377 1.470029 1.95664 1.396942 1.060949 1.273436 4.418102 3.60564 1.336784 1.055673 5.623114 9.434436 9.970661 149.961349 150.314545 35.892666 160.547012 211.4823 188.921875 48.589092 9.760746 1 1 1 2.56388 5.059597 2.318292 3.255049 6.053226 8.795938 9.555758 9.795772 9.969091 4.659088 152.81575 438.136536 677.939209 777.571289 799.521912 799.922668 800 798.257385 793.654785 504.791473 239.851273 29.892626 8.24558 1 1 1 3.90179 6.266459 6.636643 6.347172 4.454953 1.421122 1.105213 1 1 1 1 1 1 1 1 1 1 1 1 1 1 1 1
352.21521 444.120608 500 500 198.483627 30.096544 7.124932 2.928557 1.264088 13.322505 67.22229 78.930725 60.543613 9.118078 2.770983 1.498145 2.707124 6.459802 4.886441 1.461743 1.07633 5.664164 9.488423 9.973461 206.554901 206.353409 31.234972 57.33757 66.8311 57.572632 14.517425 3.214067 1 1 1 3.131224 6.532013 2.792641 4.840352 8.883461 9.77742 9.978838 10 10 4.504975 260.721313 718.263184 778.303345 799.196777 800 800 799.588257 752.818665 630.12915 243.661545 33.562862 1 1 1 1 1 5.583453 9.286807 9.78816 8.236179 5.280651 1.500982 1.125165 1 1 1 1 1 1 1 1 1 1 1 1 1 1 1 1
319.633877 352.21521 424.26722 500 194.849838 27.198458 8.778507 3.407834 1.305368 45.463482 239.950897 290.58136 227.199661 31.924259 7.758086 2.900925 6.463794 8.701454 5.834203 1.495342 1.081884 5.705213 9.54241 9.976262 92.65358 90.200569 11.49641 12.434627 12.866208 11.197348 3.436547 1.399091 1 1 1 1.675453 2.752142 1.5545 4.90168 9.367592 9.88961 9.996185 10 10 4.456487 269.786682 741.746521 785.134644 799.855225 800 800 798.428833 628.265259 182.028214 60.31715 6.869531 1 1 1 1 1 5.380432 8.882907 9.265176 4.863344 2.081454 1.090303 1.022561 1 1 1 1 1 1 1 1 1 1 1 1 1 1 1 1
322.626526 284.059896 352.21521 344.853668 132.630371 17.35544 6.499053 2.681501 73.787941 198.471497 371.9216 416.001831 319.853546 41.440411 11.398518 4.527256 5.672313 8.708407 5.962594 1.454884 1.075196 5.74626 9.596395 9.979062 36.285568 33.284317 4.106948 1.787836 1 1 1 1 1 1 1 1.17934 1.464818 1.142448 4.923943 9.5217 9.922047 10 10 10 239.495956 506.683685 772.354919 793.041443 800 800 800 591.079834 324.096313 43.846897 10.67735 1 1 1 1 1 1 3.188232 4.933606 5.113317 2.575492 1.190768 1 1 1.267048 1.483195 1.111435 1.0177 1 1 1 1 1 1 1 1 1 1 1 1
289.413452 322.626526 177.337952 162.67688 61.054676 7.066926 5.911858 33.173977 180.396362 366.378387 471.782593 496.848755 376.706055 45.228039 13.391462 5.739037 4.482984 8.355389 5.892492 1.531644 1.802803 6.184026 9.67814 9.983303 4.359871 1.304823 1 1 1 1 1 1.536645 1.968514 2.007669 1.369872 1.028402 1.063357 1.765093 5.499422 9.622123 9.938414 61.399471 102.594162 106.379829 518.528198 752.915283 798.505371 799.623779 800 800 800 378.679474 40.254482 3.295048 1.153163 1 1 1 1 1.013128 1.06853 1.036942 1.003381 1.000155 1 1 1.009366 1.107664 1.996598 2.66447 1.36722 1.052406 1 1 1 1 1 1 1 1 1 1 1 1
251.270096 256.200378 58.898129 45.219116 17.215548 2.638149 16.179005 185.967987 340.124817 459.996277 491.727692 499.149139 375.649963 41.332695 10.470798 5.100089 6.71996 9.048395 5.948192 2.143562 5.389449 8.159224 9.86746 9.993124 4.311498 1.258184 1 1 1 1 1 4.152988 6.690382 6.920434 3.173138 1.166872 1.372244 5.495208 8.261491 9.874989 9.979626 311.99115 554.025391 576.267639 711.253296 786.452515 799.596436 799.898438 800 800 800 371.932159 31.388788 2.556927 1.041356 1 1 1 1 1.07713 1.402637 1.217047 1.019863 1.000911 1 1 1.055031 1.632566 4.226818 6.02325 2.060693 1.13368 1 1 1 1 1 1 1 1 1 1 1 1
215.591881 174.983383 10.878675 1.541975 2.48266 3.283948 26.202723 294.187103 436.731567 496.774994 499.463135 500 375.238953 39.816677 10.428747 5.33931 5.94327 6.937662 4.496413 1.977027 5.148652 8.074581 9.903503 9.994994 6.103519 4.03701 3.906584 3.934399 3.962212 3.990024 4.017835 6.811097 16.953127 38.203239 16.789322 16.108921 35.420502 39.907768 41.966125 83.324234 257.673401 547.405579 752.071289 770.021301 789.525208 799.314636 800 800 800 749.407288 534.380249 227.485199 17.263752 1.770252 1 1 1 1 1 1.595908 4.110797 2.636444 1.101006 1.004631 1 1 1.274669 4.157262 5.564092 5.267634 1.887754 1.10668 1 1 1 1 1 1 1 1 1 1 1 1
174.983383 48.11993 4.440736 1.18877 11.936906 17.791292 46.179401 374.715271 493.205444 500 500 493.405029 366.423553 38.946346 11.940798 6.1603 3.680152 3.537243 2.478234 1.611573 2.974941 6.92881 9.856866 9.992575 8.695824 8.133008 8.479008 10.321813 11.028262 10.720925 8.992625 9.388811 29.145651 80.266754 35.260014 37.404453 83.988403 86.99852 99.846931 212.229645 634.650452 762.760254 798.705078 799.936707 800 800 800 800 787.488892 650.868408 131.484924 14.146481 1 1 1 1 1 1 1 2.291513 7.742037 4.53676 1.206069 1.009447 1 1 1.576376 7.625316 6.415878 2.454405 1.276874 1.023141 1 1 1 1 1 1 1 1 1 1 1 1
57.147268 3.308831 2.176927 1.06457 143.139908 218.87912 239.24675 429.103516 496.885742 500 500 373.740997 207.025208 25.200022 11.126336 8.117395 6.262971 6.243114 5.920925 5.670242 6.182353 8.3211 9.935309 9.996644 6.486555 6.375331 12.359186 46.377655 58.64098 51.495731 17.146606 10.16785 18.658848 41.767414 18.071539 18.641516 41.929653 42.657021 260.807281 555.247803 735.71167 786.945618 799.557068 799.978333 800 800 800 800 560.477783 239.485153 48.306122 5.524157 1 1 1 1 1 1 1 1.441771 3.306158 2.209772 1.070487 1.003232 1 1 1.5342 7.140514 7.93094 5.772346 1.877429 1.059933 1 1 1 1 1 1 1 1 1 1 1 1
2.742879 2.176927 1.313989 1.003541 184.359421 280.848724 296.873505 446.915833 452.832245 399.063202 397.843506 240.300949 89.404541 15.601024 10.488638 9.398587 8.335595 8.366263 8.40858 8.456934 8.505285 9.33607 15.597364 30.639093 13.700015 5.740067 11.141074 49.873737 64.651855 57.506287 18.575684 10.406952 12.229322 18.169661 9.169523 9.005116 30.54353 180.295197 469.079254 753.713379 791.814941 799.665771 800 800 800 800 784.865845 620.278259 312.438843 18.13525 3.828274 1.037212 1.010962 1.000877 1.000126 1 1 1 1 1 1 1 1 1 1 1 1.356116 5.093469 6.365715 5.516708 1.827006 1.05496 1 1 1 1 1 1 1 1 1 1 1 1
2.176927 1.377266 1.007229 1.010917 128.140701 192.174759 207.83902 425.12207 357.090393 188.827469 185.067307 91.943649 17.02268 10.492942 10.042347 9.947879 9.855756 9.858414 9.862081 9.866271 9.870461 9.942461 27.305607 73.629715 31.116835 6.320204 4.4023 18.112627 25.614355 25.87254 12.722726 10.061385 10.193202 10.708017 9.240459 9.251349 52.37112 514.989197 728.582458 795.650879 799.235596 799.971008 800 800 800 800 753.343689 245.945724 41.629921 2.562091 1.257582 1.028243 1.033793 1.002702 1.000387 1 1 1 1 1 1 1 1 1 1 1 1.030862 1.354757 1.465015 1.391437 1.071672 1.004763 1 1 1 1 1 1 1 1 1 1 1 1
1.393546 1.009073 1.010917 61.889559 56.517059 96.596214 128.621231 265.033478 202.678696 74.67881 75.391182 38.865299 10.06573 10.003509 10 10 9.997569 9.969618 8.203247 6.770786 9.466183 10.041781 19.71534 45.519508 22.040577 8.091201 6.354052 11.221241 14.564586 15.474318 10.92183 10.012162 10 10 11.65774 157.517746 434.09198 679.955444 780.097351 799.842712 799.974365 800 799.305786 797.46405 509.245483 361.672638 336.484741 98.038307 10.030255 1.040063 1.027694 3.914587 4.777225 1.179388 1.000175 1 1 1 1 1 1 1 1 1 1 1 1 1 1 1 1 1 1 1 1 1.000277 1.0722 1.80914 1.560264 1 1 1 1 1
1.009995 1.010917 39.805845 56.517059 51.511085 29.849966 68.25666 119.701172 75.748161 4.471067 9.079608 9.982177 9.636976 8.746502 9.536339 9.482557 8.617357 8.556399 5.919349 4.007394 8.98206 9.217661 11.020827 17.414169 12.616864 9.49509 8.634041 8.696884 9.310764 10 10 10 10 10 14.94947 275.582062 732.876099 783.041626 800 800 800 798.343201 755.757935 646.185974 236.562744 30.342546 25.877851 13.797164 5.69125 1.337207 2.629013 5.794719 6.174143 1.245048 1 1 1 1 1 1 1 1 1 1 1 1 1 1 1 1 1 1 1 1 1.003147 1.142983 1.55376 3.338879 2.558665 1 1 1 1 1
1.010917 32.444607 56.517059 39.393694 26.465533 23.0811 44.061996 33.73407 17.065662 2.989875 8.833036 9.928185 8.537277 4.949317 8.131782 7.915082 4.441768 4.343496 3.029142 2.876257 8.712345 6.627502 4.191048 4.444611 8.124178 9.900677 9.731296 9.743658 9.864417 10 10 10 10 10 19.516541 300.868439 786.795715 796.664062 800 800 800 793.324219 625.396179 193.609222 62.407413 9.388181 12.861173 10.582705 5.782411 2.336726 7.448366 5.017027 2.017829 1.048204 1 1 1 1 1 1 1 1 1 1 1 1 1 1 1 1 1 1 1 1 1.012681 1.574658 2.850661 6.158774 4.326975 1 1 1 1 1
29.990861 56.517059 35.941292 24.773316 23.0811 25.193008 24.500654 10.199036 3.446 2.673544 8.780376 9.866302 7.868714 2.780255 5.320043 5.1458 2.259357 2.203443 1.705468 2.042107 5.934249 5.958652 5.153457 4.558782 8.148831 10 10 10 10 10 10 10 10 10 23.844265 310.14386 800 800 800 799.306335 796.336975 714.228271 487.263519 52.50098 10.939494 4.353242 9.82147 9.791523 5.801414 2.623032 8.607138 4.811969 1 1 1 1 1 1 1 1 1 1 1 1 1 1 1 1 1 1 1 1 1 1 1.070208 2.65997 5.290167 4.849054 3.404133 1.936425 1.969644 2.002861 2.036076 2.069289
56.517059 34.866665 23.927208 23.0811 18.554215 16.814468 9.128283 7.622262 4.746183 3.147045 8.270316 9.11325 6.918103 1.396736 2.45296 2.377835 1.002268 1.028346 1.409815 2.165563 3.556607 6.286085 8.241488 8.344983 9.442205 10 10 10 10 10 10 10 10.944528 13.461352 79.254257 362.211029 800 800 800 798.081848 789.871277 598.124023 332.378693 17.67626 1.959294 4.673051 8.993008 8.811614 5.263583 2.478727 7.720738 4.364027 1 1 1 1 1 1 1 1 1 1 1 1 1 1 1 1 1 1 1 1 1 1 1.115254 3.412139 6.842173 2.50977 2.220277 3.535463 3.588904 3.642341 3.695776 3.749208
34.492244 23.504154 23.0811 15.933743 12.971376 9.128283 8.339687 8.282743 7.437908 5.496287 5.391857 5.2256 4.047118 1.185526 1.411328 1.39006 1.014858 1.185729 3.481179 6.209694 6.704908 8.312325 9.502172 9.531471 9.842091 10 10 10 10 10 10 10 16.188627 32.679081 367.548523 632.70636 800 800 800 795.465454 776.05542 422.912781 112.708336 6.851865 5.267197 5.866771 3.501601 3.395191 2.297522 1.42714 2.928552 1.965089 1 1 1 1 1 1 1 1 1 1 1 1 1 1 1 1 1 1 1 1 1 1 1.032628 1.682868 2.667407 1.580252 3.821129 6.768359 6.733818 6.699278 6.66474 6.630204
23.292627 23.0811 14.798239 11.049829 9.128283 8.524383 8.304102 8.32546 8.97648 7.061199 3.457529 2.741363 2.928133 3.422799 3.373816 2.548574 1.31848 3.18393 6.038018 8.649344 8.736457 9.453452 10 10 10 10 10 10 10 10 10 10 19.782463 45.849186 507.532715 762.757324 800 800 800 793.675537 766.603821 344.389221 16.424601 2.16204 6.788667 7.691608 4.523178 4.36948 2.778068 1.007317 1.022278 1.02361 1.031616 1.055928 1.019123 1 1 1 1 1 1 1 1 1 1 1 1 1 1 1 1 1 1 1 1 1 1.011604 1.131287 3.126539 5.338316 5.29565 5.252987 5.210326 5.167668
23.0811 14.274169 10.089056 9.128283 8.573227 8.314781 8.32546 8.719335 9.684823 8.105607 2.273925 1.271298 2.968831 7.190784 7.23018 5.107916 1.913775 6.34783 8.847602 10 10 10 10 10 10 9.99633 9.982379 9.897944 9.929699 10 10 10 22.274288 54.980824 549.496155 800 800 800 799.545776 789.4776 748.631897 323.652405 1.136424 1.498337 7.127099 9.796016 9.477455 9.204251 5.343266 1.00194 1.010188 1.134014 1.248076 1.300738 1.10153 1 1.000039 1.000452 1.004931 1.008266 1.001328 1 1 1 1 1 1 1 1 1 1 1 1 1 1 1 1 1 1 1 1 1 1 1
14.023055 9.608669 9.128283 8.586772 8.32012 8.32546 8.430769 8.787701 7.890579 8.871065 5.425567 2.968189 3.536279 8.796556 8.942379 7.673401 5.786334 8.365333 9.593545 10 10 10 10 10 10 9.874468 9.39719 6.508805 7.595076 10 10 10 23.958612 61.153259 551.656616 800 800 800 784.462158 690.347168 364.491974 131.880707 1.155686 1.568698 6.910312 7.639558 4.202909 4.054171 2.608384 1.066384 1.348525 4.490015 6.753582 6.453681 2.820299 1 1.001323 1.015451 1.16869 1.282781 1.045425 1 1 1 1 1 1 1 1 1 1 1 1 1 1 1 1 1 1 1 1 1 1 1
9.368476 9.128283 8.590826 8.32279 8.32546 8.246487 8.33914 7.890579 8.747992 9.482331 7.906561 5.224859 5.094512 9.738184 9.911358 9.339659 8.504288 9.619342 10 10 10 10 10 10 9.882051 9.038568 7.474796 5.410025 7.154687 10 10 19.274891 85.222809 241.737869 614.651062 800 800 800 774.17688 629.743713 139.474335 19.875124 1.914935 3.809822 7.529213 6.477462 1.58959 3.161026 3.630016 3.603572 3.783138 5.817036 7.22406 6.874223 2.960219 1 1.01513 1.176737 2.415311 3.342652 1.522892 1.075764 1 1 1 1 1 1 1 1 1 1 1 1 1 1 1 1 1 1 1 1 1 1
9.128283 8.592173 8.324125 8.32546 8.144346 8.11486 7.890579 8.706967 9.482331 9.21975 9.584616 8.15173 7.83897 9.884662 9.990511 9.929308 9.839879 9.959249 10 10 10 10 10 10 9.622889 7.34778 3.95142 7.053397 8.982189 10 10 39.654232 217.81955 631.139038 750.479431 800 800 800 769.636353 615.267029 104.967308 3.370228 3.560139 8.649911 9.148649 6.505875 2.16245 7.364534 9.149167 9.101275 8.727536 4.714841 1.666306 1.628855 1.209848 1 1.043929 1.513167 4.958398 7.540058 2.519212 1.242238 1 1 1 1 1 1 1 1 1 1 1 1 1 1 1 1 1 1 1 1 1 1
8.592677 8.324793 8.32546 8.090776 8.002719 7.890579 8.693292 9.482331 9.588157 9.745054 9.905492 9.33936 9.191723 9.956861 10 10 10 10 10 10 10 10 10 10 9.753441 8.362464 6.331615 8.580634 9.647608 15.897623 41.323658 255.43277 506.932129 743.918396 785.336121 800 797.557434 770.503906 575.920959 302.382294 50.490646 4.022257 7.011476 9.648906 9.694786 8.384062 6.415105 9.019989 9.698945 8.677551 5.302654 2.588388 1 1 1 1 1.051589 1.602638 5.460014 8.979814 6.055746 2.950749 1 1 1 1 1 1 1 1 1 1 1 1 1 1 1 1 1 1 1 1 1 1
8.325126 8.32546 8.063366 7.946649 7.890579 8.688734 9.482331 9.700313 9.825273 9.905492 9.811213 10 10 10 10 10 10 10 10 10 10 10 10 10 9.801431 8.902014 7.650647 9.404269 16.511509 51.668747 170.585571 487.330475 737.632874 796.858215 800 800 795.41748 744.661621 416.37619 47.511921 10.470625 6.701004 9.14619 8.566419 9.486503 9.890574 9.773064 9.942878 9.684755 8.210434 3.488286 1.68592 1 1 1 1 1.055746 1.651206 5.495775 9.249676 7.44753 3.647764 1 1 1 1 1 1 1 1 1 1 1 1 1 1 1 1 1 1 1 1 1 1
8.32546 8.049505 7.918614 7.890579 8.687215 9.482331 9.73838 9.865382 9.905492 9.929176 10 10 10 10 10 10 10 10 10 10 10 10 10 10 9.54048 7.520125 4.721407 8.661495 37.852852 153.64653 513.182251 695.31958 786.745178 799.332275 800 800 794.724365 736.291382 393.343018 17.344633 9.570583 8.672885 7.721997 3.935039 7.893016 9.976744 9.95177 9.98786 9.927813 9.481524 7.938277 3.888816 1 1 1 1 1.058488 1.683239 5.103894 7.710649 3.166625 1.562726 1 1 1 1 1 1 1 1 1 1 1 1 1 1 1 1 1 1 1 1 1 1
8.042535 7.904597 7.890579 8.686708 9.482331 9.75291 9.885437 9.905492 9.958667 10 10 56.138433 66.849434 165.673981 159.264679 101.481804 10 10 10 10 10 10 10 10 9.646447 8.15046 6.090193 9.008581 48.944984 199.186615 651.610168 773.957764 800 800 800 785.422668 738.159973 497.894409 226.241165 5.774912 5.809677 5.691877 4.595216 1.941611 4.927375 7.778866 9.968509 9.626038 7.824226 5.786328 5.385329 2.874113 1 1 1 1 1.031772 1.371152 3.144743 4.377021 1.542478 1 1 1 1 1 1 1 1 1 1 1 1 1 1 1 1 1 1 1 1 1 1 1
7.897588 7.890579 8.686539 9.482331 9.759049 9.895464 9.905492 9.96604 10 10 76.5299 102.276867 137.7043 359.344025 344.11322 214.474014 10 10 10 10 10 10 10 10 9.801091 9.093257 8.687984 16.174347 86.091087 267.667908 712.619812 800 800 800 793.888794 740.257874 614.620972 204.680176 36.597527 2.311497 1.760917 1.564712 1.380164 1.073257 1.899102 4.850845 9.238509 9.008209 5.30057 1.102105 1.037192 1.010728 1 1 1 1 1 1 1 1 1 1 1 1 1 1 1 1 1 1 1 1 1 1 1 1 1 1 1 1 1 1 1 1
7.890579 8.686483 9.482331 9.761838 9.900478 9.905492 9.967883 10 10 86.056196 119.990583 137.7043 357.769917 446.531097 422.24469 260.436096 10 10 10 10 10 10 10 10 9.482098 7.68645 9.326143 58.286621 285.788025 574.744019 763.025146 800 800 800 754.490112 557.835815 238.770706 76.031982 14.248398 5.55696 1.904501 1.166996 1.112422 1.021663 1.292475 2.54465 4.767181 7.815029 5.213724 1.030195 1.010998 1.003173 1 1 1 1 1 1 1 1 1 1 1 1 1 1 1 1 1 1 1 1 1 1 1 1 1 1 1 1 1 1 1 1
8.686464 9.482331 9.763161 9.902985 9.905492 9.968344 10 10 90.651984 128.847442 137.7043 362.497533 467.015671 487.500244 453.525879 278.259125 10 10 10 10 10 10 9.897486 9.623102 7.900026 6.471354 11.936563 84.665466 395.05484 739.15802 790.013062 800 800 800 731.949097 464.188324 51.836529 14.723273 5.219128 7.973568 4.688897 3.814445 2.937918 1.094706 1.023852 1.370399 2.214593 5.046726 3.676627 1 1 1 1 1 1.009574 1.051658 1.108745 1.027271 1 1 1 1 1 1 1 1 1 1 1 1 1 1 1 1 1 1 1 1 1 1 1 1 1 1
9.482331 9.763806 9.904238 9.905492 9.968459 10 10 92.908039 133.275871 137.7043 366.240009 477.257958 487.500244 463.974243 450.896606 275.715057 10 10 10 10 10 10 9.722313 8.979076 5.427777 5.534366 16.386086 101.030319 439.610016 800 800 800 799.906128 799.655884 720.272827 433.733917 1.914923 2.224153 5.828079 9.780969 9.359076 8.628212 6.245596 1.256353 1 1.017212 1.056563 1.15781 1.102724 1 1 1 1 1 1.028876 1.151251 1.316343 1.079331 1 1 1 1 1 1 1 1 1 1 1 1 1 1 1 1 1 1 1 1 1 1 1 1 1.000299 1.00108
