NetLogoInput/pp3_corridors_30.asc
NCOLS 263 
NROWS 382 
XLLCORNER -925595.5599279 
YLLCORNER -56566.5307948139 
CELLSIZE 30 
NODATA_value -9999 
[rows 286 to 307 of 382, columns 100 to 149 of 263]
1282.58923339844 1264.3427734375 1246.09631347656 1227.84338378906 1209.57189941406 1191.30041503906 1173.06958007812 1154.89965820312 1136.72985839844 1118.51977539062 1100.27600097656 1082.03234863281 1063.72277832031 1045.38330078125 1027.04370117188 1008.75677490234 990.48046875 972.204223632812 954.026916503906 935.852233886719 917.669921875 899.429809570312 881.189636230469 862.941772460938 844.671752929688 826.401733398438 808.168762207031 789.990539550781 771.812316894531 753.601684570312 735.3642578125 717.126770019531 698.824035644531 680.491943359375 662.159912109375 643.869323730469 625.586975097656 607.304626464844 589.119384765625 570.936401367188 553.132080078125 538.090026855469 523.047973632812 509.957000732422 502.308166503906 494.659301757812 487.517303466797 481.113037109375 474.708770751953 464.643585205078
1299.02526855469 1280.84313964844 1262.66101074219 1244.44494628906 1226.13098144531 1207.81689453125 1189.55212402344 1171.36096191406 1153.169921875 1134.98376464844 1116.80163574219 1098.61950683594 1080.33117675781 1061.99475097656 1043.658203125 1025.33740234375 1007.01977539062 988.7021484375 970.501953125 952.304870605469 934.109558105469 915.927307128906 897.745056152344 879.531127929688 861.227172851562 842.923278808594 824.660705566406 806.459106445312 788.257568359375 770.066528320312 751.884155273438 733.701782226562 715.421630859375 697.097595214844 678.773620605469 660.452880859375 642.1328125 623.812683105469 605.602600097656 587.395080566406 569.340698242188 552.403503417969 535.466247558594 520.268615722656 509.923217773438 499.577789306641 491.511260986328 486.761810302734 482.012359619141 474.067443847656
1315.47778320312 1297.33044433594 1279.18310546875 1260.99169921875 1242.67272949219 1224.35375976562 1206.07458496094 1187.8544921875 1169.63452148438 1151.45288085938 1133.30334472656 1115.15380859375 1096.89184570312 1078.57861328125 1060.26538085938 1041.927734375 1023.5849609375 1005.24224853516 987.012634277344 968.786071777344 950.568176269531 932.415649414062 914.263122558594 896.070739746094 877.765258789062 859.459838867188 841.185302734375 822.95654296875 804.727783203125 786.53955078125 768.384704589844 750.229919433594 731.97509765625 713.675415039062 695.375793457031 677.041564941406 658.700378417969 640.359252929688 622.119812011719 603.882751464844 585.6552734375 567.497375488281 549.339416503906 532.604431152344 519.838256835938 507.072021484375 497.616271972656 492.979125976562 488.341979980469 481.652801513672
1331.95971679688 1313.79467773438 1295.62963867188 1277.44091796875 1259.18408203125 1240.92712402344 1222.66796875 1204.4052734375 1186.142578125 1167.93115234375 1149.76281738281 1131.59448242188 1113.36743164062 1095.11364746094 1076.85986328125 1058.53527832031 1040.1962890625 1021.85717773438 1003.58660888672 985.317932128906 967.060485839844 948.8876953125 930.714904785156 912.522094726562 894.272521972656 876.023010253906 857.768127441406 839.505310058594 821.242492675781 803.027160644531 784.851013183594 766.674865722656 748.4501953125 730.203796386719 711.957397460938 693.639221191406 675.306701660156 656.97412109375 638.697387695312 620.421875 602.157836914062 583.977233886719 565.796691894531 548.535339355469 533.838134765625 519.140869140625 507.470581054688 500.206176757812 492.941772460938 485.972900390625
1348.44165039062 1330.25891113281 1312.07604980469 1293.89013671875 1275.6953125 1257.50048828125 1239.26135253906 1220.95593261719 1202.65063476562 1184.40954589844 1166.22229003906 1148.03503417969 1129.84301757812 1111.64868164062 1093.45434570312 1075.14294433594 1056.80749511719 1038.47204589844 1020.16064453125 1001.84979248047 983.552795410156 965.359741210938 947.166687011719 928.973449707031 910.779846191406 892.586181640625 874.350891113281 856.054016113281 837.757202148438 819.514709472656 801.317260742188 783.119812011719 764.925354003906 746.732177734375 728.5390625 710.236877441406 691.912963867188 673.589050292969 655.27490234375 636.960998535156 618.660461425781 600.457153320312 582.25390625 564.46630859375 547.838012695312 531.209777832031 517.324890136719 507.433227539062 497.541564941406 490.292999267578
1364.96423339844 1346.77685546875 1328.58935546875 1310.41674804688 1292.287109375 1274.15759277344 1255.95666503906 1237.64904785156 1219.34143066406 1201.0966796875 1182.90454101562 1164.71252441406 1146.5625 1128.43151855469 1110.30053710938 1092.02758789062 1073.72570800781 1055.423828125 1037.09936523438 1018.77435302734 1000.46417236328 982.265991210938 964.067810058594 945.88671875 927.753845214844 909.621032714844 891.422973632812 873.128723144531 854.83447265625 836.59033203125 818.387634277344 800.184936523438 782.029479980469 763.895202636719 745.760925292969 727.498046875 709.209533691406 690.921020507812 672.596618652344 654.271362304688 635.960205078125 617.75146484375 599.542785644531 581.353210449219 563.216918945312 545.080627441406 529.295715332031 516.933288574219 504.570892333984 496.637298583984
1381.63977050781 1363.49682617188 1345.35375976562 1327.23413085938 1309.181640625 1291.12915039062 1273.03454589844 1254.87670898438 1236.71899414062 1218.56848144531 1200.42407226562 1182.27966308594 1164.19812011719 1146.14514160156 1128.09204101562 1109.95336914062 1091.79724121094 1073.64111328125 1055.40856933594 1037.17395019531 1018.94964599609 1000.80346679688 982.657287597656 964.53515625 946.481384277344 928.427673339844 910.333374023438 892.179382324219 874.025329589844 855.874877929688 837.727294921875 819.579772949219 801.49658203125 783.442260742188 765.387939453125 747.251831054688 729.099426269531 710.947021484375 692.714050292969 674.479187011719 656.254638671875 638.105285644531 619.955993652344 601.83154296875 583.776428222656 565.721313476562 549.2177734375 534.972717285156 520.727661132812 510.585968017578
1398.31530761719 1380.216796875 1362.1181640625 1344.05139160156 1326.07604980469 1308.10083007812 1290.11242675781 1272.1044921875 1254.09643554688 1236.04028320312 1217.94360351562 1199.84680175781 1181.83374023438 1163.85876464844 1145.88366699219 1127.87927246094 1109.86877441406 1091.8583984375 1073.71765136719 1055.57348632812 1037.43518066406 1019.34094238281 1001.24670410156 983.18359375 965.208984375 947.234313964844 929.243835449219 911.230041503906 893.216247558594 875.159423828125 857.067016601562 838.974609375 820.963745117188 802.989379882812 785.014953613281 767.005615234375 748.989318847656 730.973022460938 712.831420898438 694.686950683594 676.549072265625 658.459106445312 640.369201660156 622.309875488281 604.3359375 586.361938476562 569.139831542969 553.012145996094 536.884399414062 524.53466796875
1416.3984375 1398.33911132812 1380.27978515625 1362.25952148438 1344.35192871094 1326.4443359375 1308.54931640625 1290.67321777344 1272.79699707031 1254.82373046875 1236.76916503906 1218.71459960938 1200.76159667969 1182.85498046875 1164.94836425781 1147.06201171875 1129.1796875 1111.29748535156 1093.23754882812 1075.17297363281 1057.11022949219 1039.06176757812 1021.01342773438 1003.00238037109 985.097106933594 967.19189453125 949.292602539062 931.402160644531 913.511657714844 895.537292480469 877.493591308594 859.449829101562 841.50244140625 823.598266601562 805.694152832031 787.796203613281 769.899597167969 752.0029296875 733.941833496094 715.876831054688 697.815124511719 679.777587890625 661.740051269531 643.738098144531 625.835388183594 607.932678222656 590.029113769531 572.124206542969 554.219299316406 539.72119140625
1456.44519042969 1438.34423828125 1420.2431640625 1402.17138671875 1384.18395996094 1366.19653320312 1348.19360351562 1330.16760253906 1312.14147949219 1294.07543945312 1275.97583007812 1257.87622070312 1239.85400390625 1221.86682128906 1203.87976074219 1185.85852050781 1167.83044433594 1149.80236816406 1131.65051269531 1113.49548339844 1095.34716796875 1077.24938964844 1059.15161132812 1041.08276367188 1023.09619140625 1005.10955810547 987.10498046875 969.074035644531 951.043090820312 932.976318359375 914.879943847656 896.783508300781 878.76318359375 860.776916503906 842.790710449219 824.765441894531 806.732360839844 788.699279785156 770.546691894531 752.391357421875 734.243286132812 716.148681640625 698.054077148438 679.988220214844 662.002563476562 644.016845703125 626.010681152344 607.974792480469 589.938842773438 574.223205566406
1496.49194335938 1478.34924316406 1460.20666503906 1442.08337402344 1424.01599121094 1405.94873046875 1387.837890625 1369.66198730469 1351.48608398438 1333.3271484375 1315.1826171875 1297.03796386719 1278.9462890625 1260.87866210938 1242.81103515625 1224.65515136719 1206.48107910156 1188.30712890625 1170.06359863281 1151.81799316406 1133.58410644531 1115.43688964844 1097.28979492188 1079.16320800781 1061.09521484375 1043.02722167969 1024.91735839844 1006.74597167969 988.574584960938 970.415344238281 952.266235351562 934.117126464844 916.023864746094 897.95556640625 879.887329101562 861.734619140625 843.565124511719 825.395568847656 807.151611328125 788.905883789062 770.671447753906 752.519836425781 734.3681640625 716.238403320312 698.169738769531 680.101013183594 661.992309570312 643.825378417969 625.658386230469 608.725280761719
1536.53869628906 1518.35437011719 1500.17004394531 1481.99536132812 1463.84814453125 1445.70080566406 1427.48205566406 1409.15637207031 1390.83056640625 1372.57885742188 1354.38928222656 1336.19970703125 1318.03857421875 1299.89050292969 1281.74230957031 1263.45166015625 1245.1318359375 1226.81201171875 1208.4765625 1190.140625 1171.82104492188 1153.62451171875 1135.42785644531 1117.24365234375 1099.09423828125 1080.94482421875 1062.72985839844 1044.41796875 1026.10607910156 1007.85437011719 989.652587890625 971.450805664062 953.284545898438 935.134216308594 916.98388671875 898.703796386719 880.397827148438 862.091918945312 843.756469726562 825.42041015625 807.099609375 788.890930175781 770.682250976562 752.488586425781 734.336853027344 716.185180664062 697.973937988281 679.675964355469 661.377990722656 643.227355957031
1555.6904296875 1538.04028320312 1520.39013671875 1502.47302246094 1483.78515625 1465.09729003906 1446.60266113281 1428.39733886719 1410.19189453125 1392.01538085938 1373.86279296875 1355.71020507812 1337.60766601562 1319.52795410156 1301.4482421875 1283.26647949219 1265.06384277344 1246.86120605469 1228.60107421875 1210.33935546875 1192.08996582031 1173.93420410156 1155.77844238281 1137.64233398438 1119.56176757812 1101.48120117188 1083.35278320312 1065.15380859375 1046.95483398438 1028.77819824219 1010.61993408203 992.461730957031 974.356750488281 956.275695800781 938.194580078125 920.017456054688 901.821166992188 883.624938964844 865.364440917969 847.1025390625 828.852661132812 810.691223144531 792.52978515625 774.389343261719 756.307434082031 738.225524902344 720.098571777344 701.905944824219 683.713317871094 665.536560058594
1572.78125 1555.72204589844 1538.66284179688 1521.03393554688 1501.75988769531 1482.48596191406 1463.69897460938 1445.640625 1427.58239746094 1409.49743652344 1391.39001464844 1373.28259277344 1355.25134277344 1337.25463867188 1319.25793457031 1301.20910644531 1283.14965820312 1265.09020996094 1246.92175292969 1228.75048828125 1210.58679199219 1192.48071289062 1174.37463378906 1156.29699707031 1138.30017089844 1120.30322265625 1102.28051757812 1084.21936035156 1066.15832519531 1048.07312011719 1029.96789550781 1011.86273193359 993.832336425781 975.835388183594 957.838500976562 939.787048339844 921.724731445312 903.662414550781 885.493286132812 867.321716308594 849.158325195312 831.054443359375 812.950561523438 794.874877929688 776.877807617188 758.880798339844 740.856506347656 722.792541503906 704.728576660156 686.643188476562
1589.87219238281 1573.40393066406 1556.93566894531 1539.59484863281 1519.73474121094 1499.87463378906 1480.79516601562 1462.88403320312 1444.97277832031 1426.9794921875 1408.91723632812 1390.85498046875 1372.89489746094 1354.98120117188 1337.06750488281 1319.15173339844 1301.2353515625 1283.31909179688 1265.24243164062 1247.16162109375 1229.08361816406 1211.02722167969 1192.97082519531 1174.95166015625 1157.03857421875 1139.12536621094 1121.20812988281 1103.28491210938 1085.36169433594 1067.36791992188 1049.31591796875 1031.26379394531 1013.30786132812 995.395141601562 977.482360839844 959.556579589844 941.628234863281 923.699829101562 905.622131347656 887.540954589844 869.463989257812 851.417663574219 833.371276855469 815.3603515625 797.448181152344 779.536010742188 761.614379882812 743.679138183594 725.743835449219 707.749816894531
1718.16052246094 1704.55883789062 1690.95727539062 1666.61083984375 1611.23913574219 1555.86743164062 1515.49841308594 1497.57971191406 1479.6611328125 1462.58068847656 1446.20300292969 1429.82543945312 1414.1103515625 1398.69689941406 1383.28344726562 1364.42858886719 1344.87182617188 1325.31494140625 1304.80383300781 1284.26721191406 1264.02709960938 1246.02001953125 1228.01293945312 1210.03552246094 1192.14270019531 1174.24975585938 1156.34338378906 1138.41687011719 1120.49047851562 1102.52197265625 1084.51879882812 1066.51574707031 1048.58801269531 1030.69396972656 1012.80010986328 994.871398925781 976.935791015625 959.000122070312 940.949584960938 922.896301269531 904.849792480469 886.851867675781 868.853942871094 850.883117675781 832.987854003906 815.092590332031 797.181396484375 779.2470703125 761.312805175781 743.345642089844
1881.5205078125 1871.50329589844 1861.48608398438 1827.83361816406 1725.93481445312 1624.0361328125 1555.7548828125 1537.78002929688 1519.80517578125 1503.89660644531 1489.720703125 1475.54479980469 1462.76049804688 1450.60949707031 1438.45861816406 1418.32666015625 1396.56689453125 1374.80700683594 1351.06457519531 1327.26904296875 1304.15795898438 1286.20007324219 1268.24206542969 1250.30114746094 1232.40856933594 1214.51599121094 1196.59045410156 1178.61633300781 1160.64208984375 1142.67810058594 1124.72253417969 1106.76696777344 1088.85278320312 1070.95703125 1053.06140136719 1035.08923339844 1017.10174560547 999.114318847656 981.070617675781 963.025634765625 944.991821289062 927.039489746094 909.087158203125 891.148681640625 873.248840332031 855.348999023438 837.419128417969 819.445556640625 801.471923828125 783.511352539062
2044.88049316406 2038.44775390625 2032.01501464844 1989.05627441406 1840.63049316406 1692.20471191406 1596.01123046875 1577.98022460938 1559.94921875 1545.21252441406 1533.23828125 1521.26416015625 1511.41064453125 1502.52221679688 1493.63366699219 1472.22485351562 1448.26196289062 1424.29895019531 1397.32531738281 1370.27087402344 1344.28869628906 1326.38000488281 1308.47131347656 1290.56689453125 1272.67456054688 1254.7822265625 1236.83752441406 1218.81567382812 1200.79370117188 1182.83422851562 1164.92626953125 1147.01831054688 1129.11755371094 1111.22009277344 1093.32263183594 1075.30700683594 1057.26770019531 1039.22839355469 1021.19165039062 1003.15496826172 985.133911132812 967.227111816406 949.320373535156 931.414245605469 913.509826660156 895.60546875 877.656921386719 859.643981933594 841.631103515625 823.677062988281
2228.75341796875 2192.6376953125 2156.52197265625 2085.90795898438 1915.68054199219 1745.45324707031 1636.19555664062 1618.17504882812 1600.15441894531 1599.99560546875 1614.81469726562 1629.63391113281 1645.72595214844 1662.39721679688 1679.06848144531 1639.72143554688 1588.94702148438 1538.17272949219 1487.72216796875 1437.28039550781 1390.70373535156 1373.23083496094 1355.75793457031 1337.49829101562 1317.00634765625 1296.51428222656 1277.02465820312 1259.01403808594 1241.00341796875 1223.05810546875 1205.16662597656 1187.27514648438 1169.357421875 1151.42810058594 1133.49865722656 1115.46484375 1097.41027832031 1079.35559082031 1061.349609375 1043.34460449219 1025.35327148438 1007.46057128906 989.56787109375 971.665344238281 953.735412597656 935.805419921875 917.8466796875 899.845947265625 881.845275878906 863.903564453125
2425.72875976562 2338.68090820312 2251.63305664062 2141.64282226562 1965.40734863281 1789.17175292969 1676.33374023438 1658.36633300781 1640.39892578125 1663.38073730469 1720.70080566406 1778.02087402344 1834.75891113281 1891.23205566406 1947.70532226562 1879.77783203125 1786.4736328125 1693.16955566406 1606.31066894531 1519.62451171875 1441.1328125 1424.34265136719 1407.55249023438 1388.68762207031 1363.93518066406 1339.18273925781 1317.17321777344 1299.21179199219 1281.25024414062 1263.3251953125 1245.43029785156 1227.53552246094 1209.58142089844 1191.60083007812 1173.62023925781 1155.58447265625 1137.53784179688 1119.49108886719 1101.53088378906 1083.57287597656 1065.62194824219 1047.72326660156 1029.82458496094 1011.90728759766 993.938232421875 975.96923828125 958.005737304688 940.050170898438 922.094665527344 904.168823242188
2622.7041015625 2484.72412109375 2346.744140625 2197.3779296875 2015.13403320312 1832.89025878906 1716.47204589844 1698.55773925781 1680.64331054688 1726.76574707031 1826.58679199219 1926.40783691406 2023.7919921875 2120.06713867188 2216.34204101562 2119.83422851562 1984.00024414062 1848.16638183594 1724.89916992188 1601.96862792969 1491.56176757812 1475.45434570312 1459.34704589844 1439.87683105469 1410.86401367188 1381.85119628906 1357.32189941406 1339.40954589844 1321.4970703125 1303.59240722656 1285.69409179688 1267.79577636719 1249.80529785156 1231.77355957031 1213.74182128906 1195.7041015625 1177.66528320312 1159.62646484375 1141.71228027344 1123.80102539062 1105.890625 1087.98583984375 1070.08117675781 1052.14916992188 1034.14111328125 1016.13305664062 998.164794921875 980.25439453125 962.343994140625 944.434143066406
2774.73559570312 2599.10400390625 2423.47241210938 2245.50366210938 2060.787109375 1876.07043457031 1757.96960449219 1739.55505371094 1721.14050292969 1768.89514160156 1872.13647460938 1975.37780761719 2076.9462890625 2177.75341796875 2278.560546875 2181.17236328125 2043.35388183594 1905.53552246094 1796.87109375 1688.98779296875 1591.64135742188 1573.63330078125 1555.62524414062 1529.76220703125 1481.60888671875 1433.45568847656 1397.52648925781 1379.63818359375 1361.74987792969 1343.84240722656 1325.9189453125 1307.99560546875 1289.98059082031 1271.92468261719 1253.86877441406 1235.84912109375 1217.83679199219 1199.82434082031 1181.93212890625 1164.04260253906 1146.14880371094 1128.22302246094 1110.29724121094 1092.34973144531 1074.34191894531 1056.33410644531 1038.37414550781 1020.48382568359 1002.59350585938 984.678527832031
