NetLogoInput/pp3_pinchpoints_60.asc
NCOLS 132 
NROWS 191 
XLLCORNER -925625.5599279 
YLLCORNER -56596.5307948138 
CELLSIZE 60 
NODATA_value -9999 
[rows 140 to 167 of 191, columns 0 to 62 of 132]
0 0 0 0 0 0 0 0 0 0 0 0 0 0 0 0 0 0 0 0 0 0 0.000113 0.000225 0.000699 0.000937 0.000929 0.001226 0.001378 0.001331 0.001821 0.001987 0.002336 0.002221 0.002101 0.002012 0.002042 0.002906 0.004633 0.007815 0.011302 0.014044 0.015355 0.015696 0.01572 0.015338 0.012975 0.011936 0.012023 0.013561 0.015109 0.016464 0.017463 0.018075 0.018518 0.018809 0.018922 0.018961 0.018944 0.018868 0.018752 0.018612 0.018446
0 0 0 0 0 0 0 0 0 0 0 0 0 0 0 0 0 0 0 0 0 0.000113 0.000225 0.000696 0.000933 0.000929 0.00121 0.001354 0.001331 0.001755 0.001952 0.001916 0.002253 0.002168 0.002071 0.001995 0.002007 0.002142 0.002863 0.005383 0.010151 0.014122 0.015698 0.01549 0.015108 0.014649 0.013826 0.013244 0.013063 0.013861 0.014923 0.015973 0.016871 0.017493 0.01797 0.018311 0.018482 0.018575 0.018605 0.01857 0.018491 0.018383 0.018246
0 0 0 0 0 0 0 0 0 0 0 0 0 0 0 0 0 0 0 0 0.000113 0.000225 0.000695 0.000931 0.000929 0.001203 0.001342 0.001331 0.001734 0.001934 0.001916 0.002049 0.002069 0.002066 0.002019 0.001951 0.001927 0.00205 0.002646 0.004605 0.009114 0.01301 0.014694 0.014572 0.014293 0.013979 0.013603 0.013423 0.013494 0.014084 0.014896 0.015739 0.016527 0.017122 0.017596 0.017952 0.018148 0.018266 0.018324 0.018319 0.018268 0.018188 0.018076
0 0 0 0 0 0 0 0 0 0 0 0 0 0 0 0 0 0 0 0.000113 0.000225 0.000695 0.00093 0.000929 0.0012 0.001336 0.001331 0.001726 0.001925 0.001916 0.001984 0.002013 0.001957 0.00204 0.00201 0.001887 0.001821 0.001904 0.002549 0.004864 0.008707 0.011946 0.01345 0.01354 0.013476 0.01336 0.013293 0.013378 0.013622 0.014138 0.014829 0.015562 0.016287 0.016862 0.017328 0.017683 0.017882 0.01801 0.018082 0.018098 0.018073 0.01802 0.017933
0 0 0 0 0 0 0 0 0 0 0 0 0 0 0 0 0 0 0.000113 0.000225 0.000695 0.000929 0.000929 0.001198 0.001334 0.001331 0.001723 0.00192 0.001916 0.00196 0.001985 0.001957 0.002022 0.002069 0.002031 0.00181 0.001697 0.00172 0.002537 0.005841 0.008741 0.010926 0.012046 0.012433 0.012658 0.012775 0.01292 0.013172 0.013533 0.014071 0.014732 0.015426 0.016121 0.016683 0.017136 0.017479 0.017667 0.017791 0.017867 0.0179 0.017899 0.01787 0.017808
0 0 0 0 0 0 0 0 0 0 0 0 0 0 0 0 0 0.000113 0.000225 0.000695 0.000929 0.000929 0.001198 0.001332 0.001331 0.001722 0.001918 0.001916 0.001951 0.001971 0.001957 0.002016 0.002069 0.002015 0.002017 0.001824 0.0017 0.001684 0.002509 0.006037 0.008706 0.010528 0.011262 0.011628 0.01192 0.012166 0.012424 0.012772 0.013214 0.013822 0.014563 0.015338 0.016107 0.016691 0.01713 0.017425 0.01755 0.017633 0.01769 0.017737 0.017767 0.017773 0.017742
0 0 0 0 0 0 0 0 0 0 0 0 0 0 0 0 0.000113 0.000225 0.000695 0.000929 0.000929 0.001198 0.001332 0.001331 0.001721 0.001917 0.001916 0.001947 0.001964 0.001957 0.002014 0.002069 0.002002 0.00198 0.001943 0.001914 0.001827 0.001897 0.002779 0.00617 0.008488 0.009972 0.010484 0.010859 0.011213 0.011554 0.011896 0.012304 0.0128 0.013479 0.014366 0.0153 0.016219 0.016841 0.017245 0.01744 0.017452 0.017468 0.017498 0.017576 0.017654 0.017707 0.017714
0 0 0 0 0 0 0 0 0 0 0 0 0 0 0 0.000113 0.000225 0.000695 0.000929 0.000929 0.001198 0.001332 0.001331 0.001721 0.001916 0.001916 0.001945 0.00196 0.001957 0.002013 0.002069 0.001994 0.001962 0.001943 0.002025 0.0021 0.002112 0.002432 0.003434 0.006221 0.008035 0.009212 0.009714 0.010138 0.010545 0.010939 0.011325 0.011751 0.012264 0.013015 0.014131 0.015329 0.016493 0.017172 0.017515 0.017542 0.017377 0.017292 0.017288 0.017416 0.017563 0.017682 0.017734
0 0 0 0 0 0 0 0 0 0 0 0 0 0 0.000113 0.000225 0.000695 0.000929 0.000929 0.001198 0.001332 0.001331 0.001721 0.001916 0.001916 0.001944 0.001959 0.001957 0.002013 0.002069 0.00199 0.001953 0.001943 0.002058 0.002121 0.002141 0.002362 0.002984 0.004071 0.006025 0.007408 0.00841 0.009008 0.009477 0.009915 0.01033 0.010733 0.011127 0.011536 0.012019 0.013704 0.015676 0.017574 0.018193 0.018206 0.017704 0.017157 0.016912 0.01692 0.017231 0.01754 0.017777 0.017877
0 0 0 0 0 0 0 0 0 0 0 0 0 0.000113 0.000225 0.000695 0.000929 0.000929 0.001198 0.001332 0.001331 0.001721 0.001916 0.001916 0.001944 0.001958 0.001957 0.002013 0.002069 0.001988 0.001948 0.001943 0.002068 0.002131 0.002141 0.002295 0.002464 0.003346 0.00453 0.005827 0.006862 0.007717 0.008374 0.008871 0.009302 0.009685 0.010153 0.010538 0.010841 0.011009 0.012718 0.015244 0.018487 0.019312 0.019023 0.017802 0.016654 0.016243 0.016396 0.017092 0.017618 0.017972 0.018094
0 0 0 0 0 0 0 0 0 0 0 0 0.000113 0.000225 0.000695 0.000929 0.000929 0.001198 0.001332 0.001331 0.001721 0.001916 0.001916 0.001944 0.001958 0.001957 0.002013 0.002069 0.001986 0.001946 0.001943 0.002072 0.002136 0.002141 0.002248 0.002339 0.002215 0.003228 0.004555 0.005721 0.00659 0.007306 0.00789 0.008376 0.008714 0.00895 0.009608 0.010064 0.010307 0.010173 0.010422 0.012752 0.01867 0.020405 0.019985 0.017717 0.015506 0.014938 0.01555 0.017073 0.017919 0.01837 0.018444
0 0 0 0 0 0 0 0 0 0 0 0.000113 0.000225 0.000695 0.000929 0.000929 0.001198 0.001332 0.001331 0.001721 0.001916 0.001916 0.001944 0.001958 0.001957 0.002013 0.002069 0.001986 0.001945 0.001943 0.002074 0.002138 0.002141 0.00222 0.002277 0.002215 0.002786 0.002977 0.004278 0.005603 0.006358 0.006921 0.007403 0.007981 0.008411 0.008666 0.008624 0.009389 0.010152 0.009285 0.008366 0.010396 0.017811 0.020752 0.021121 0.019038 0.014061 0.011987 0.012374 0.015834 0.017559 0.018504 0.018928
0 0 0 0 0 0 0 0 0 0 0.000113 0.000225 0.000695 0.000929 0.000929 0.001198 0.001332 0.001331 0.001721 0.001916 0.001916 0.001944 0.001958 0.001957 0.002013 0.002069 0.001986 0.001944 0.001943 0.002074 0.00214 0.002141 0.002206 0.002246 0.002215 0.002644 0.002851 0.002725 0.003892 0.005429 0.006087 0.006497 0.006873 0.007567 0.008168 0.008546 0.007596 0.008682 0.010058 0.008408 0.006624 0.008344 0.0165 0.02071 0.022181 0.020733 0.01282 0.008911 0.008755 0.014228 0.016593 0.018007 0.019329
0 0 0 0 0 0 0 0 0 0.000113 0.000225 0.000695 0.000929 0.000929 0.001198 0.001332 0.001331 0.001721 0.001916 0.001916 0.001944 0.001958 0.001957 0.002013 0.002069 0.001985 0.001943 0.001943 0.002074 0.00214 0.002141 0.002198 0.00223 0.002215 0.002593 0.002788 0.002725 0.0034 0.003584 0.004934 0.005457 0.005766 0.006071 0.006777 0.007574 0.008302 0.007406 0.008278 0.009373 0.007726 0.006242 0.007849 0.01499 0.020128 0.022322 0.021223 0.013603 0.009208 0.008247 0.013411 0.013502 0.014208 0.018874
0 0 0 0 0 0 0 0 0.000113 0.000225 0.000695 0.000929 0.000929 0.001198 0.001332 0.001331 0.001721 0.001916 0.001916 0.001944 0.001958 0.001957 0.002013 0.002069 0.001985 0.001943 0.001943 0.002074 0.00214 0.002141 0.002194 0.002222 0.002215 0.002572 0.002757 0.002725 0.003236 0.003584 0.004284 0.004502 0.004868 0.005106 0.005371 0.005974 0.006785 0.007731 0.008116 0.008434 0.008521 0.007905 0.00648 0.007201 0.012223 0.019272 0.022946 0.022459 0.014045 0.009138 0.007586 0.011224 0.01169 0.013102 0.018056
0 0 0 0 0 0 0 0.000113 0.000225 0.000695 0.000929 0.000929 0.001198 0.001332 0.001331 0.001721 0.001916 0.001916 0.001944 0.001958 0.001957 0.002013 0.002069 0.001985 0.001943 0.001943 0.002074 0.00214 0.002141 0.002192 0.002218 0.002215 0.002563 0.002741 0.002725 0.003182 0.003584 0.004074 0.00431 0.004118 0.004309 0.004503 0.00475 0.005161 0.005842 0.006904 0.009527 0.009023 0.007538 0.008753 0.0072 0.006435 0.008479 0.018203 0.023948 0.024276 0.014222 0.008782 0.006805 0.007971 0.010873 0.014092 0.016956
0 0 0 0 0 0 0.000113 0.000225 0.000695 0.000929 0.000929 0.001198 0.001332 0.001331 0.001721 0.001916 0.001916 0.001944 0.001958 0.001957 0.002013 0.002069 0.001985 0.001943 0.001943 0.002074 0.00214 0.002141 0.002191 0.002216 0.002215 0.002559 0.002733 0.002725 0.003164 0.003584 0.003998 0.004214 0.004118 0.004136 0.004114 0.004262 0.004505 0.004709 0.005055 0.005785 0.009515 0.009855 0.008824 0.009602 0.008279 0.007531 0.008872 0.017026 0.022191 0.023145 0.01546 0.010454 0.007764 0.008074 0.011088 0.014161 0.015855
0 0 0 0 0 0.000113 0.000225 0.000695 0.000929 0.000929 0.001198 0.001332 0.001331 0.001721 0.001916 0.001916 0.001944 0.001958 0.001957 0.002013 0.002069 0.001985 0.001943 0.001943 0.002074 0.00214 0.002141 0.002191 0.002216 0.002215 0.002557 0.002729 0.002725 0.003158 0.003584 0.003967 0.004166 0.004118 0.004079 0.004059 0.004005 0.004127 0.004334 0.004333 0.00435 0.004708 0.008885 0.010146 0.009942 0.010248 0.009365 0.008964 0.010026 0.016018 0.020025 0.02117 0.016146 0.012064 0.0092 0.008964 0.011409 0.01388 0.014923
0 0 0 0 0.000113 0.000225 0.000695 0.000929 0.000929 0.001198 0.001332 0.001331 0.001721 0.001916 0.001916 0.001944 0.001958 0.001957 0.002013 0.002069 0.001985 0.001943 0.001943 0.002074 0.00214 0.002141 0.002191 0.002216 0.002215 0.002556 0.002727 0.002725 0.003156 0.003584 0.003953 0.004142 0.004118 0.004058 0.004032 0.004005 0.004127 0.004135 0.004262 0.004061 0.003761 0.003694 0.007401 0.009666 0.010782 0.010603 0.010456 0.010844 0.01219 0.015253 0.017323 0.018048 0.016029 0.013546 0.011284 0.010916 0.011863 0.013119 0.014234
0 0 0 0.000113 0.000225 0.000695 0.000929 0.000929 0.001198 0.001332 0.001331 0.001721 0.001916 0.001916 0.001944 0.001958 0.001957 0.002013 0.002069 0.001985 0.001943 0.001943 0.002074 0.00214 0.002141 0.002191 0.002216 0.002215 0.002556 0.002726 0.002725 0.003155 0.003584 0.003946 0.00413 0.004118 0.00405 0.004018 0.004005 0.00414 0.004188 0.00424 0.00491 0.004494 0.004137 0.004075 0.006023 0.007575 0.009249 0.012158 0.010842 0.010245 0.01306 0.015009 0.016084 0.016252 0.01515 0.013679 0.012264 0.011894 0.012313 0.01303 0.013883
0 0 0.000113 0.000225 0.000695 0.000929 0.000929 0.001198 0.001332 0.001331 0.001721 0.001916 0.001916 0.001944 0.001958 0.001957 0.002013 0.002069 0.001985 0.001943 0.001943 0.002074 0.00214 0.002141 0.002191 0.002216 0.002215 0.002556 0.002726 0.002725 0.003155 0.003584 0.003943 0.004124 0.004118 0.004046 0.004011 0.004005 0.00415 0.004214 0.00424 0.004966 0.005445 0.004859 0.004529 0.004563 0.004798 0.005655 0.007786 0.013318 0.011023 0.009532 0.013397 0.014726 0.015179 0.014921 0.014254 0.013514 0.012827 0.012507 0.012662 0.013052 0.013627
0 0.000113 0.000225 0.000695 0.000929 0.000929 0.001198 0.001332 0.001331 0.001721 0.001916 0.001916 0.001944 0.001958 0.001957 0.002013 0.002069 0.001985 0.001943 0.001943 0.002074 0.00214 0.002141 0.002191 0.002216 0.002215 0.002556 0.002726 0.002725 0.003155 0.003584 0.003941 0.004121 0.004118 0.004044 0.004008 0.004005 0.004155 0.004227 0.00424 0.004958 0.005357 0.005269 0.004648 0.004438 0.004587 0.003947 0.005092 0.007814 0.012712 0.011016 0.009853 0.012939 0.014049 0.014417 0.014175 0.013726 0.013251 0.012821 0.01262 0.012732 0.013016 0.013454
0.000113 0.000225 0.000695 0.000929 0.000929 0.001198 0.001332 0.001331 0.001721 0.001916 0.001916 0.001944 0.001958 0.001957 0.002013 0.002069 0.001985 0.001943 0.001943 0.002074 0.00214 0.002141 0.002191 0.002216 0.002215 0.002556 0.002726 0.002725 0.003155 0.003584 0.003941 0.004119 0.004118 0.004043 0.004006 0.004005 0.004158 0.004233 0.00424 0.004945 0.005313 0.005269 0.004874 0.004705 0.004413 0.004422 0.004081 0.00562 0.008309 0.011417 0.010875 0.010536 0.012386 0.013311 0.013704 0.013613 0.01329 0.012936 0.012613 0.012476 0.012605 0.012873 0.013259
0.000225 0.000695 0.000929 0.000929 0.001198 0.001332 0.001331 0.001721 0.001916 0.001916 0.001944 0.001958 0.001957 0.002013 0.002069 0.001985 0.001943 0.001943 0.002074 0.00214 0.002141 0.002191 0.002216 0.002215 0.002556 0.002726 0.002725 0.003155 0.003584 0.003941 0.004119 0.004118 0.004043 0.004006 0.004005 0.00416 0.004236 0.00424 0.004936 0.005291 0.005269 0.004949 0.004705 0.004837 0.004545 0.004321 0.00472 0.006576 0.008889 0.009944 0.010664 0.011276 0.01186 0.012619 0.013072 0.013173 0.012929 0.012598 0.012274 0.012168 0.01236 0.012678 0.013071
0.000695 0.000929 0.000929 0.001198 0.001332 0.001331 0.001721 0.001916 0.001916 0.001944 0.001958 0.001957 0.002013 0.002069 0.001985 0.001943 0.001943 0.002074 0.00214 0.002141 0.002191 0.002216 0.002215 0.002556 0.002726 0.002725 0.003155 0.003584 0.003941 0.004119 0.004118 0.004043 0.004006 0.004005 0.004161 0.004238 0.00424 0.004931 0.00528 0.005269 0.004974 0.004705 0.005085 0.005115 0.005685 0.005407 0.005821 0.006991 0.008467 0.009537 0.010391 0.011163 0.011893 0.012519 0.01291 0.013045 0.012827 0.012261 0.011626 0.011495 0.011904 0.012466 0.013023
0.000929 0.000929 0.001198 0.001332 0.001331 0.001721 0.001916 0.001916 0.001944 0.001958 0.001957 0.002013 0.002069 0.001985 0.001943 0.001943 0.002074 0.00214 0.002141 0.002191 0.002216 0.002215 0.002556 0.002726 0.002725 0.003155 0.003584 0.003941 0.004119 0.004118 0.004043 0.004006 0.004005 0.004161 0.004239 0.00424 0.004928 0.005274 0.005269 0.004983 0.004705 0.005219 0.0054 0.005685 0.006223 0.006422 0.00662 0.007262 0.00819 0.009276 0.010299 0.011247 0.012094 0.012655 0.012997 0.013117 0.012904 0.012304 0.01132 0.009703 0.010903 0.01238 0.012829
0.000929 0.001198 0.001332 0.001331 0.001721 0.001916 0.001916 0.001944 0.001958 0.001957 0.002013 0.002069 0.001985 0.001943 0.001943 0.002074 0.00214 0.002141 0.002191 0.002216 0.002215 0.002556 0.002726 0.002725 0.003155 0.003584 0.003941 0.004119 0.004118 0.004043 0.004006 0.004005 0.004162 0.00424 0.00424 0.004927 0.005272 0.005269 0.004986 0.004705 0.005288 0.005543 0.005685 0.006547 0.0069 0.007378 0.00716 0.007407 0.008039 0.00914 0.010361 0.011503 0.01244 0.012996 0.0133 0.013359 0.013134 0.012674 0.011307 0.006947 0.009435 0.012405 0.012511
0.001198 0.001332 0.001331 0.001721 0.001916 0.001916 0.001944 0.001958 0.001957 0.002013 0.002069 0.001985 0.001943 0.001943 0.002074 0.00214 0.002141 0.002191 0.002216 0.002215 0.002556 0.002726 0.002725 0.003155 0.003584 0.003941 0.004119 0.004118 0.004043 0.004006 0.004005 0.004162 0.00424 0.00424 0.004927 0.00527 0.005269 0.004987 0.004705 0.005323 0.005614 0.005685 0.006687 0.007139 0.007378 0.007243 0.007248 0.007028 0.007348 0.009073 0.010755 0.012178 0.01315 0.013676 0.014018 0.014162 0.013589 0.012457 0.010575 0.00703 0.009026 0.012087 0.014112
