NetLogoInput/pp3_resistance_30.asc
NCOLS 263 
NROWS 382 
XLLCORNER -925595.5599279 
YLLCORNER -56566.5307948138 
CELLSIZE 30 
NODATA_value -9999 
[rows 140 to 174 of 382, columns 0 to 78 of 263]
49.374403 33.41266 25.431824 25.431685 16.577499 7.723323 6.441249 5.159173 4.124405 3.089628 2.102323 1.114992 3.225423 4.279502 4.284049 5.829909 7.375752 8.311192 9.244977 9.435214 9.624635 9.75946 9.891836 9.947921 10 10 10 10 10 10 10 10 8.655008 6.659188 4.663367 3.457165 2.427549 1.397933 1.23718 1.112091 1 1 1 1 1 1 1.90224 4.212295 6.52235 8.017816 8.80215 9.586484 8.411441 6.302585 4.193729 4.963067 6.36176 7.760454 6.008648 4.138864 2.414424 1.899981 1.385538 1 1 1 1 1 1 1 1 1 1 1 1 15.02066 32.037999 49.055339 36.621525
65.735037 49.374403 33.412729 25.431962 25.431685 16.577489 7.723323 6.441251 5.159173 4.124415 3.089628 2.102349 1.114992 3.223148 4.274954 4.284049 5.829927 7.375752 8.312848 9.244977 9.43603 9.624635 9.761908 9.891836 9.951927 10 10 10 10 10 10 10 8.501758 6.278532 4.055305 2.956075 2.108208 1.260341 1.150611 1.071179 1 1 1 1 1 1 1.650011 3.314268 4.978525 6.444721 7.738009 9.031298 8.002245 5.866394 3.730544 4.051291 4.909207 5.767123 4.524769 3.203766 1.985967 1.627359 1.268751 1 1 1 1 1 1 1 1 1 1 1 1 49.198644 107.698938 166.199232 123.455665
82.095674 65.735034 49.374403 33.412868 25.432238 25.431685 16.57746 7.723323 6.441257 5.159173 4.124444 3.089628 2.102428 1.114992 3.218595 4.265859 4.284049 5.82998 7.375752 8.317814 9.244977 9.438478 9.624635 9.769252 9.891836 9.963945 10 10 10 10 10 10 8.348508 5.897876 3.447243 2.454984 1.788867 1.12275 1.064042 1.030266 1 1 1 1 1 1 1.397781 2.41624 3.4347 4.871625 6.673869 8.476113 7.593049 5.430204 3.267359 3.139516 3.456654 3.773792 3.04089 2.268667 1.55751 1.354737 1.151964 1 1 1 1 1 1 1 1 1 1 1 1 83.376629 183.359877 283.343125 210.289806
125.470825 82.095674 65.735024 49.374403 33.413144 25.432792 25.431685 16.577372 7.723323 6.441276 5.159173 4.124532 3.089628 2.102663 1.114992 3.20948 4.247668 4.284049 5.83014 7.375752 8.332714 9.244977 9.445822 9.624635 9.791284 9.891836 10 10 10 9.915219 9.755426 9.595633 7.863909 5.371544 2.879178 2.016383 1.518017 1.01965 1 1 1 1 1 1 1 1 1.193741 1.689787 2.185832 3.507081 5.548727 7.590374 6.869262 4.831455 2.793649 2.359383 2.275753 2.192122 1.865239 1.529245 1.220676 1.140414 1.060151 1 1 1 1 1 1 1 1 1 1 1 1 100.728239 221.771712 342.815185 254.325923
168.846002 125.470799 82.095674 65.734996 49.374403 33.413696 25.433898 25.431685 16.577109 7.723323 6.441332 5.159173 4.124794 3.089628 2.10337 1.114992 3.19121 4.211286 4.284049 5.830618 7.375752 8.377412 9.244977 9.467855 9.624635 9.857382 10 10 10 9.589418 8.815569 8.041719 6.437342 4.431079 2.424817 1.755432 1.385019 1.014605 1 1 1 1 1 1 1 1 1.126697 1.451088 1.775478 2.735411 4.25017 5.76493 5.251144 3.770582 2.290019 1.953486 1.86711 1.780735 1.565825 1.346101 1.144312 1.091824 1.039336 1 1 1 1 1 1 1 1 1 1 1 1 70.245325 154.290673 238.336021 176.694534
184.924722 168.846002 125.47072 82.095674 65.734912 49.374403 33.414799 25.436111 25.431685 16.576319 7.723323 6.441499 5.159173 4.12558 3.089628 2.105491 1.114992 3.154512 4.138523 4.284049 5.832052 7.375752 8.511506 9.244977 9.533952 9.822927 10 10 10 9.263617 7.875711 6.487806 5.010774 3.490615 1.970457 1.494481 1.252021 1.00956 1 1 1 1 1 1 1 1 1.059654 1.212388 1.365123 1.963741 2.951613 3.939485 3.633027 2.709708 1.786389 1.547589 1.458468 1.369347 1.266411 1.162957 1.067947 1.043234 1.018521 1 1 1 1 1 1 1 1 1 1 1 1 39.76241 86.809634 133.856858 99.063144
201.003521 184.924643 168.846002 125.470483 82.095674 65.73466 49.374403 33.416995 25.440537 25.431685 16.573949 7.723323 6.442001 5.159173 4.12794 3.089628 2.111854 1.114992 3.080486 3.992998 4.284049 5.836354 7.375752 8.913788 9.244507 9.575226 9.777407 9.776189 9.774971 8.769727 6.876158 4.98259 3.654896 2.601024 1.547151 1.253115 1.129004 1.004894 1 1 1 1 1 1 1 1 1 1 1 1.267431 1.768329 2.269227 2.151512 1.738973 1.326435 1.179908 1.091549 1.003189 1 1 1 1 1 1 1 1 1 1 1 1 1 1 1 1 1 12.232183 25.865056 39.49793 28.974293
205.179451 201.003521 184.924406 168.846002 125.469772 82.095674 65.733904 49.374403 33.421356 25.449389 25.431685 16.56684 7.723323 6.443506 5.159173 4.13502 3.089628 2.130943 1.114992 2.929904 3.701946 4.284049 5.849262 7.09504 7.350581 7.606123 7.757959 7.745694 7.733428 6.918954 5.394717 3.87048 2.86965 2.122092 1.374534 1.169847 1.086566 1.003284 1 1 1 1 1 1 1 1 1 1 1 1.179454 1.515571 1.851687 1.772697 1.495872 1.219047 1.120724 1.061432 1.00214 1 1 1 1 1 1 1 1 1 1 1 1 1 1 1 1 1 8.537113 17.685156 26.8332 19.771542
209.355626 205.179206 201.003521 184.923695 168.846002 125.46764 82.095674 65.731636 49.374403 33.429946 25.467092 25.431685 16.545511 7.723323 6.448023 5.159173 4.15626 3.089628 2.188209 1.114992 2.61863 3.119843 4.322771 5.276292 5.456656 5.63702 5.738512 5.715198 5.691885 5.068181 3.913276 2.758371 2.084405 1.643161 1.201917 1.08658 1.044127 1.001674 1 1 1 1 1 1 1 1 1 1 1 1.091477 1.262812 1.434147 1.393882 1.252771 1.111659 1.061539 1.031315 1.001091 1 1 1 1 1 1 1 1 1 1 1 1 1 1 1 1 1 4.842042 9.505257 14.168471 10.568791
219.783186 209.355626 205.178472 201.003521 184.921563 168.846002 125.461243 82.095674 65.724831 49.374403 33.446602 25.502498 25.431685 16.481526 7.723323 6.461574 5.159173 4.219979 3.089628 2.360007 1.114992 1.955636 2.79628 3.457544 3.56273 3.667917 3.719065 3.684703 3.650341 3.217408 2.431835 1.646261 1.299159 1.164229 1.029299 1.003312 1.001688 1.000064 1 1 1 1 1 1 1 1 1 1 1 1.003499 1.010054 1.016608 1.015067 1.009669 1.004271 1.002354 1.001198 1.000042 1 1 1 1 1 1 1 1 1 1 1 1 1 1 1 1 1 1.146972 1.325357 1.503741 1.366041
230.211592 219.782339 209.355626 205.176268 201.003521 184.915167 168.846002 125.442053 82.095674 65.704416 49.374403 33.477823 25.573311 25.431685 16.289571 7.723323 6.502226 5.159173 4.411136 3.089628 2.875402 2.879747 2.884092 2.88365 2.868373 2.853095 2.834365 2.810172 2.78598 2.812804 2.884768 2.956731 2.991117 3.007321 3.023525 2.523583 1.908214 1.292845 1.17827 1.08425 1 1 1 1 1 1 1 1 1 1 1 1 1.460658 2.14086 2.821062 3.036658 3.150663 3.264667 3.278998 3.289596 3.224351 2.527705 1.831059 1.461341 2.069429 2.677517 3.093481 3.213828 3.334175 3.001099 2.277457 1.553815 1.751608 2.381881 3.012154 2.606508 1.979452 1.352395 1.21949
230.137839 230.211592 219.779799 209.355626 205.169656 201.003521 184.895977 168.846002 125.384484 82.095674 65.643171 49.374403 33.531893 25.714936 25.431685 15.713704 7.723323 6.624183 5.159173 4.984607 4.741952 3.890362 3.038772 2.361322 2.223704 2.086087 1.996669 1.983525 1.97038 2.468105 3.417827 4.36755 4.785688 4.946598 5.107507 4.110278 2.854049 1.597821 1.363923 1.17199 1 1 1 1 1 1 1 1 1 1 1 1 1.940398 3.328978 4.717557 5.157681 5.390412 5.623143 5.652397 5.674033 5.54084 4.118691 2.696542 1.941792 3.183157 4.424521 5.273681 5.519359 5.765037 5.085089 3.607829 2.13057 2.534349 3.821003 5.107656 4.279562 2.999475 1.719388 1.448072
206.156524 230.064086 230.211592 219.772179 209.355626 205.149821 201.003521 184.838408 168.846002 125.211777 82.095674 65.459435 49.374403 33.606547 25.998188 25.431685 13.986104 7.723323 6.990053 6.879586 6.608501 4.900976 3.193451 1.838994 1.579036 1.319078 1.158974 1.156877 1.154781 2.123405 3.950887 5.77837 6.580259 6.885874 7.191489 5.696972 3.799884 1.902796 1.549577 1.259731 1 1 1 1 1 1 1 1 1 1 1 1 2.420138 4.517095 6.614053 7.278703 7.630161 7.981618 8.025797 8.05847 7.857329 5.709677 3.562026 2.422244 4.296884 6.171525 7.45388 7.82489 8.1959 7.169078 4.938202 2.707325 3.317091 5.260125 7.203159 5.952615 4.019498 2.08638 1.676654
158.267745 206.082674 229.916579 230.211592 219.749318 209.355626 205.090315 201.003521 184.6657 168.846002 124.693654 82.095674 64.908228 49.374403 33.621912 26.56469 25.431685 8.803304 7.553763 6.991236 6.316226 4.63525 2.954274 1.624955 1.385762 1.146569 1 1 1 2.165371 4.361817 6.558264 7.505312 7.847789 8.190265 6.443184 4.228805 2.014426 1.615367 1.290823 1 1 1 1.138292 1.697643 2.256993 2.409246 1.926282 1.443318 1.484326 1.98276 2.481194 3.912045 5.787273 7.662501 8.241491 8.53704 8.83259 8.291744 7.719578 7.070483 5.780948 4.491413 3.94048 5.598619 7.256758 8.382617 8.689462 8.996308 8.145944 6.298791 4.451637 4.523586 5.496273 6.468961 5.254459 3.572482 1.890505 1.552542
178.209804 158.267745 205.934782 229.621566 230.211592 219.680735 209.355626 204.911798 201.003521 184.147578 168.846002 123.139287 82.095674 63.254607 49.374403 33.116872 27.697695 9.678155 7.82067 6.685186 5.5183 4.070573 2.622845 1.483124 1.298215 1.113306 1 1 1 2.297903 4.744142 7.19038 8.226703 8.580781 8.934859 6.992533 4.536651 2.08077 1.653082 1.308647 1 1 1 1.308977 2.558692 3.808407 4.148573 3.069522 1.990471 2.082094 3.195707 4.309321 5.641027 7.076672 8.512316 8.932991 9.131729 9.330466 8.064073 6.742814 5.556757 5.496263 5.435769 5.701792 6.94439 8.186988 9.018231 9.216526 9.414822 8.863493 7.666457 6.469421 5.829335 5.450655 5.071975 4.000905 2.781848 1.562792 1.34582
198.158279 178.203388 158.267745 205.638227 229.031541 230.211592 219.474986 209.355626 204.376247 201.003521 182.593211 168.846002 118.476185 82.095674 58.293744 49.374403 29.963705 10.553007 8.087577 6.379136 4.720374 3.505895 2.291416 1.341294 1.210668 1.080043 1 1 1 2.430435 5.126466 7.822496 8.948093 9.313773 9.679453 7.541882 4.844498 2.147114 1.690797 1.326471 1 1 1 1.479661 3.41974 5.35982 5.8879 4.212763 2.537625 2.679861 4.408655 6.137449 7.370009 8.36607 9.362131 9.624491 9.726417 9.828342 7.836401 5.76605 4.043031 5.211577 6.380124 7.463103 8.29016 9.117217 9.653844 9.74359 9.833336 9.581042 9.034123 8.487205 7.135084 5.405036 3.674989 2.747351 1.991215 1.235079 1.139098
248.791671 198.158279 178.18414 158.267745 205.042031 227.85149 230.211592 218.857741 209.355626 202.769595 201.003521 177.930109 168.846002 104.48688 82.095674 43.411154 26.434006 9.456859 7.104841 5.406165 3.785912 2.866998 1.948084 1.333536 1.662515 1.991493 2.05047 1.682196 1.313923 2.366394 4.675885 6.985376 8.237542 8.978079 9.718616 7.617368 4.8806 2.143832 1.687588 1.324954 1.047394 1.503526 1.959658 2.774729 4.682656 6.590583 7.132143 5.541684 3.951225 4.085243 5.724721 7.364198 8.355835 9.038719 9.721603 9.888905 9.943468 9.998031 7.66024 5.232863 3.202189 4.474111 5.746032 6.835926 7.381398 7.926869 8.271066 8.305566 8.340065 8.213675 7.948699 7.683724 6.373826 4.573489 2.773153 2.059888 1.578967 1.098045 1.054427
299.453799 248.762936 198.158279 178.126397 158.267745 203.837297 225.491387 230.211592 217.006005 209.355626 197.949638 201.003521 163.940803 168.846002 62.518962 32.496895 19.92163 7.346365 5.478994 4.089974 2.781183 2.189904 1.598626 1.394777 2.391952 3.389127 3.641548 2.715475 1.789402 2.201189 3.796662 5.392136 6.790064 8.092402 9.39474 7.448989 4.776853 2.104718 1.663318 1.313484 1.119179 2.266185 3.41319 4.648444 6.152387 7.656329 8.121596 6.966162 5.810728 5.906252 7.093855 8.281458 8.959207 9.393967 9.828727 9.933525 9.966174 9.998822 7.510589 4.927956 2.707639 3.503627 4.299615 4.979548 5.312373 5.645197 5.849553 5.856237 5.862921 5.773336 5.600828 5.42832 4.548814 3.337476 2.126137 1.663755 1.361449 1.059143 1.032567
369.056659 299.453799 248.676731 198.158279 177.953167 158.267745 201.378465 220.771182 230.211592 211.450797 209.355626 183.489767 201.003521 121.972886 42.942251 21.582637 13.409254 5.23587 3.853147 2.773782 1.776455 1.512811 1.249167 1.456018 3.12139 4.786761 5.232626 3.748754 2.264881 2.035983 2.917439 3.798895 5.342586 7.206725 9.070864 7.280609 4.673107 2.065604 1.639048 1.302014 1.190964 3.028843 4.866722 6.52216 7.622117 8.722075 9.11105 8.390641 7.670232 7.72726 8.462989 9.198717 9.56258 9.749215 9.935851 9.978146 9.988879 9.999613 7.360938 4.623049 2.213088 2.533143 2.853198 3.12317 3.243347 3.363525 3.42804 3.406908 3.385776 3.332997 3.252956 3.172916 2.723802 2.101462 1.479122 1.267621 1.143931 1.02024 1.010707
438.741753 368.974426 299.453799 248.418115 198.158279 177.433477 158.267745 196.26334 211.330772 230.211592 194.785172 209.355626 140.110153 84.194593 28.279033 13.769058 8.72629 3.683522 2.723688 1.94625 1.238303 1.151839 1.065375 1.440528 3.246681 5.052834 5.541724 3.946187 2.350649 1.831084 2.263498 2.695912 4.126502 6.0401 7.953697 6.450188 4.182496 1.914804 1.547848 1.258913 1.237606 3.524383 5.811161 7.731157 8.534419 9.337681 9.661154 9.235986 8.810819 8.842811 9.2739 9.704989 23.807342 44.425236 65.04313 70.736359 73.166107 75.595856 52.914012 29.291804 7.970461 5.804012 3.637563 2.017329 2.030761 2.044193 2.040862 2.011736 1.982611 1.953486 1.924363 1.89524 1.695524 1.415738 1.135952 1.061683 1.031338 1.000994 1.408801
469.328353 438.741753 368.727725 299.453799 247.642266 198.158279 175.874408 158.267745 185.24325 192.449951 230.211592 144.788296 91.960831 55.146605 18.332378 8.931881 5.799415 2.66695 2.07072 1.587791 1.148029 1.094319 1.04061 1.351383 2.79204 4.232698 4.620222 3.341274 2.062325 1.588081 1.825809 2.063536 3.132538 4.603786 6.075034 4.984258 3.320526 1.656794 1.392402 1.185449 1.260114 3.763512 6.26691 8.302079 8.911633 9.521187 9.789516 9.52541 9.261305 9.281177 9.548961 9.816745 51.14675 112.046457 172.946164 189.774771 196.966631 204.158492 142.33805 77.933278 19.729182 13.146242 6.563301 1.631944 1.640288 1.648632 1.646562 1.62847 1.610378 1.592287 1.574196 1.556105 1.432045 1.258248 1.084451 1.038316 1.019467 1.000618 2.210019
500 469.243307 438.741753 367.987622 299.453799 245.314721 198.158279 171.1972 158.267745 160.043714 154.688311 80.220966 43.811509 26.098616 8.385723 4.094705 2.872541 1.650378 1.417752 1.229333 1.057755 1.0368 1.015844 1.262237 2.3374 3.412562 3.69872 2.736361 1.774002 1.345079 1.388119 1.43116 2.138574 3.167473 4.196371 3.518329 2.458557 1.398784 1.236956 1.111985 1.282622 4.00264 6.722659 8.873 9.288847 9.704694 9.917877 9.814834 9.71179 9.719544 9.824023 9.928501 78.486157 179.667677 280.849198 308.813183 320.767155 332.721128 231.762088 126.574752 31.487904 20.488471 9.489038 1.24656 1.249815 1.25307 1.252263 1.245204 1.238145 1.231087 1.224028 1.21697 1.168567 1.100758 1.032949 1.014949 1.007595 1.000241 3.011236
500 500 468.988168 438.741753 365.767314 299.453799 238.332085 198.158279 157.165576 158.267745 97.007209 35.746672 12.15894 7.078594 1.998247 1.037768 1.01928 1.000791 1.217586 1.444892 1.628447 1.420734 1.213021 1.232928 1.958452 2.683976 2.867968 2.195045 1.522121 1.167928 1.095735 1.023542 1.610511 2.516441 3.422372 2.917614 2.097378 1.277143 1.162486 1.076791 1.297501 4.160718 7.023935 9.25029 9.537598 9.824906 15.599166 29.935014 44.270862 43.836072 30.506591 17.177111 90.376802 204.815134 319.253466 350.745933 364.101157 377.45638 262.805089 143.360288 35.38339 22.877742 10.372095 1 1 1 1 1 1 1.156856 1.448822 1.740789 1.653414 1.387992 1.122571 1.300399 1.572963 1.845528 4.14642
498.070918 500 500 468.222752 438.741753 359.10639 299.453799 217.384177 198.158279 115.070705 71.014596 26.958488 9.805326 5.868678 1.932031 1.142615 1.0728 1.002985 1.821613 2.67993 3.373044 2.58871 1.804377 1.309894 1.713939 2.117983 2.198391 1.766679 1.334966 1.107734 1.061419 1.015103 1.909905 3.260104 4.610303 3.853558 2.625627 1.397696 1.231833 1.109564 1.29883 4.174844 7.050858 9.283683 9.558194 9.832705 31.142696 85.275483 139.408271 137.766484 87.433784 37.101083 74.829769 154.52733 234.22489 255.735662 264.523099 273.310536 190.160815 103.568288 25.313427 16.470345 7.627263 1 1 1 1 1 1 1.592293 2.694772 3.797251 3.467318 2.465076 1.462834 2.134319 3.163535 4.192751 5.874743
494.22445 498.059221 500 500 465.926502 438.741753 339.123618 299.453799 154.540455 71.873664 45.021984 18.170304 7.451711 4.658763 1.865815 1.247462 1.126321 1.00518 2.425641 3.914969 5.117641 3.756687 2.395733 1.386859 1.469425 1.551991 1.528815 1.338313 1.147811 1.04754 1.027102 1.006665 2.209299 4.003767 5.798235 4.789501 3.153875 1.51825 1.30118 1.142338 1.30016 4.188971 7.077782 9.317076 9.57879 9.840504 46.686225 140.615952 234.54568 231.696897 144.360976 57.025055 59.282737 104.239526 149.196314 160.72539 164.945041 169.164692 117.516541 63.776287 15.243465 10.062947 4.88243 1 1 1 1 1 1 2.027731 3.940722 5.853714 5.281223 3.54216 1.803097 2.968239 4.754106 6.539973 7.603065
446.917769 494.22445 498.012435 500 500 459.037752 438.741753 279.175303 119.608853 37.319452 24.322679 11.325905 5.735838 3.784438 1.833038 1.336012 1.171523 1.007034 9.97548 19.35192 27.674314 26.570147 25.465981 22.745371 15.013836 7.282301 2.335313 1.794575 1.253838 1.075912 1.218988 1.362063 2.800815 4.866531 6.932247 5.659297 3.639705 1.620114 1.358743 1.169542 1.30149 4.203097 7.104705 9.350468 9.599385 9.848303 56.488744 175.516391 294.544037 290.827452 179.955787 69.084123 44.268037 60.464883 76.66173 80.036686 80.607961 81.179235 56.196752 30.257347 6.870646 4.735422 2.600199 1 1 1 1 1 1 2.292372 4.69796 7.103548 6.38328 4.195878 2.008476 3.615818 6.034223 8.452628 9.009165
400.825914 445.702942 494.22445 497.825289 500 500 438.371504 277.840623 117.309742 35.234717 23.509327 11.783937 6.415838 4.170864 1.925889 1.363342 1.185474 1.007606 43.619423 88.14277 128.418022 130.7016 132.985178 124.054627 80.360626 36.666624 8.687144 5.57422 2.461297 1.43701 2.26067 3.08433 4.489772 6.176734 7.863696 6.280587 3.966177 1.651767 1.372037 1.175825 1.302819 4.217223 7.131628 9.38386 9.61998 9.856101 44.723371 133.627498 222.531624 219.221522 135.408875 51.596228 31.253208 41.158959 51.064711 53.151403 53.528352 53.9053 37.42091 20.305107 4.873675 3.464773 2.055872 1 1 1 1 1 1 1.915364 3.619198 5.323032 4.811061 3.259091 1.707121 3.563348 6.14802 8.732692 9.204738
377.40401 400.825914 442.058462 494.22445 497.076705 500 438.001255 276.505943 115.010632 33.149982 22.695976 12.241969 7.095839 4.55729 2.01874 1.390671 1.199425 1.008178 77.263366 156.933621 229.161731 234.833053 240.504375 225.363883 145.707415 66.050948 15.038975 9.353865 3.668756 1.798108 3.302352 4.806596 6.17873 7.486938 8.795145 6.901877 4.292648 1.68342 1.38533 1.182107 1.304149 4.23135 7.15855 9.417251 9.640575 9.8639 32.957999 91.738605 150.519211 147.615591 90.861962 34.108333 18.238379 21.853035 25.467691 26.26612 26.448743 26.631365 18.645069 10.352867 2.876704 2.194124 1.511545 1 1 1 1 1 1 1.538355 2.540436 3.542516 3.238841 2.322304 1.405767 3.510878 6.261817 9.012755 9.40031
359.375853 372.010263 400.825914 431.125023 494.22445 494.082371 432.388748 271.916235 111.443721 30.767851 21.64387 12.519889 7.650344 4.870859 2.091374 3.146181 5.077681 7.009181 114.013106 225.710897 327.054212 335.795099 344.535987 323.230772 208.783587 94.336402 21.077422 12.994394 4.911367 2.220394 4.300105 6.379817 7.714454 8.688557 9.662659 7.482373 4.596658 1.710942 1.396362 1.187321 1.305478 4.245476 7.185473 9.450643 9.661171 9.871698 21.651417 51.48317 81.314924 78.813219 48.084572 17.355925 5.911631 3.657999 1.404367 1 1 1 1 1 1 1 1 1 1 1 1 1 1 1.180533 1.516573 1.852613 1.746753 1.433486 1.120218 3.461301 6.369706 9.278112 9.585559
365.721279 359.375853 355.829022 400.825914 398.324707 395.8235 344.973791 216.533643 88.093496 23.745022 16.866139 9.987255 6.246558 4.047546 1.848533 31.868968 69.25624 106.643512 199.227052 294.276357 380.454913 387.300353 394.145793 367.381491 236.428046 105.474601 22.225681 14.464097 6.702514 3.597474 4.612367 5.627261 6.859042 8.195775 9.532507 7.426311 4.550158 1.674004 1.372095 1.175852 1.306808 4.259601 7.212395 9.484033 9.681765 9.879497 17.50401 36.716932 55.929855 53.758777 32.919577 12.080378 4.32199 2.797742 1.273494 1 1 1 1 1 1 1 1 1 1 1 1 1 1 1.122104 1.349385 1.576667 1.505068 1.293189 1.08131 3.45685 6.385409 9.313967 9.609711
390.717236 347.070748 359.375853 307.2853 302.424964 297.564628 257.558833 161.151052 64.74327 16.722194 12.088408 7.454622 4.842772 3.224232 1.605692 60.591756 133.434799 206.277842 284.440998 362.841816 433.855614 438.805607 443.755599 411.53221 264.072505 116.6128 23.37394 15.933801 8.493661 4.974554 4.924629 4.874704 6.003631 7.702993 9.402355 7.370248 4.503658 1.637067 1.347829 1.164384 1.308138 4.273727 7.239317 9.517424 9.702359 9.887295 13.356603 21.950695 30.544787 28.704336 17.754583 6.80483 2.73235 1.937486 1.142622 1 1 1 1 1 1 1 1 1 1 1 1 1 1 1.063675 1.182197 1.30072 1.263383 1.152892 1.042401 3.4524 6.401111 9.349823 9.633863
415.217192 390.717236 291.119155 213.744687 206.525221 199.305756 170.143875 105.76846 41.393045 9.699365 7.310676 4.921988 3.438986 2.400919 1.362851 89.314543 197.613358 305.912173 369.654943 431.407276 487.256315 490.31086 493.365405 455.682929 291.716964 127.750999 24.5222 17.403504 10.284808 6.351635 5.236892 4.122148 5.14822 7.210211 9.272202 7.314186 4.457158 1.600129 1.323562 1.152915 1.309467 4.287853 7.266238 9.550814 9.722954 9.895093 9.209196 7.184457 5.159718 3.649894 2.589588 1.529283 1.14271 1.07723 1.011749 1 1 1 1 1 1 1 1 1 1 1 1 1 1 1.005245 1.015009 1.024773 1.021697 1.012595 1.003493 3.44795 6.416814 9.385678 9.658014
488.190762 366.743577 245.296391 151.33189 144.124109 136.916328 115.687996 71.959262 28.230529 6.737301 5.182161 3.627022 24.202103 55.64902 87.095936 171.854473 268.802482 365.75049 411.529357 455.022363 494.347497 496.398407 498.449316 459.48898 293.395069 127.301159 22.885578 16.06939 9.253203 5.80936 5.34924 4.88912 5.913831 7.657037 9.400244 7.353544 4.459291 1.565038 1.938334 2.445754 3.145158 5.500269 7.855381 9.660397 9.790542 9.920686 8.832314 5.842623 2.852933 1.373581 1.212746 1.051911 1 1 1 1 1 1 1 1 1.079448 1.820303 2.561158 3.127261 3.170701 3.21414 2.945175 2.195518 1.44586 1.080338 1.045701 1.011064 1.529839 2.308361 3.086882 5.069782 7.310096 9.550411 9.751183
486.168796 343.927536 201.686277 91.989217 85.026953 78.064689 64.482857 40.27784 16.072822 4.175749 3.314938 2.454126 47.151533 114.230163 181.308794 259.702368 340.683055 421.663741 449.129211 474.204013 496.871189 498.006422 499.141655 459.315852 292.512124 125.708395 20.974284 14.458738 7.943191 5.07778 5.441871 5.805962 6.839323 8.196537 9.553751 7.402313 4.466221 1.530128 2.616134 3.867236 5.16177 6.830873 8.499976 9.777495 9.862765 9.948034 8.827317 5.824833 2.822349 1.343865 1.195823 1.047782 1 1 1 1 1 1 1 1 1.166731 2.721512 4.276293 5.464334 5.555497 5.646661 5.082203 3.508948 1.935694 1.168599 1.095909 1.023219 2.111936 3.745765 5.379593 6.852013 8.289934 9.727855 9.851159
355.117851 321.111496 158.076163 32.646545 25.929797 19.213049 13.277718 8.596417 3.915116 1.614197 1.447714 1.281231 70.100962 172.811307 275.521651 347.550262 412.563627 477.576993 486.729064 493.385663 499.394881 499.614438 499.833994 459.142725 291.629178 124.115632 19.06299 12.848085 6.633179 4.346201 5.534502 6.722804 7.764814 8.736036 9.707258 7.451082 4.473151 1.495219 3.293934 5.288718 7.178383 8.161477 9.14457 9.894593 9.934988 9.975382 8.82232 5.807043 2.791766 1.314149 1.178901 1.043653 1 1 1 1 1 1 1 1 1.254014 3.622721 5.991427 7.801406 7.940293 8.079181 7.21923 4.822379 2.425529 1.256861 1.146118 1.035375 2.694033 5.183169 7.672304 8.634244 9.269772 9.905299 9.951136
