NetLogoInput/pp3_pinchpoints_30.asc
NCOLS 263 
NROWS 382 
XLLCORNER -925595.5599279 
YLLCORNER -56566.5307948138 
CELLSIZE 30 
NODATA_value -9999 
[rows 168 to 195 of 382, columns 0 to 63 of 263]
0.002024 0.002013 0.001719 0.002268 0.001971 0.0037 0.005428 0.0085 0.012505 0.01651 0.018297 0.019263 0.02023 0.025423 0.031247 0.036959 0.031507 0.026055 0.020528 0.014575 0.008622 0.006371 0.013184 0.019997 0.029353 0.042082 0.054811 0.05869 0.055894 0.053097 0.045881 0.03686 0.027838 0.027792 0.029329 0.030866 0.047924 0.06514 0.079374 0.073651 0.067929 0.059383 0.043204 0.027025 0.017641 0.018034 0.018428 0.020508 0.023968 0.027427 0.032366 0.03797 0.043573 0.046875 0.049706 0.052537 0.058238 0.064029 0.069513 0.072511 0.075509 0.077403 0.075983 0.074563
0.002348 0.002024 0.002297 0.001719 0.003113 0.00545 0.007787 0.011386 0.015862 0.020338 0.021912 0.022412 0.022913 0.027367 0.032413 0.037339 0.030484 0.023628 0.016968 0.011415 0.005862 0.003652 0.009629 0.015606 0.025694 0.041233 0.056772 0.061291 0.057496 0.053702 0.04594 0.036558 0.027177 0.027383 0.029282 0.03118 0.047661 0.064288 0.078058 0.072702 0.067345 0.059108 0.043083 0.027057 0.017963 0.018841 0.019719 0.023142 0.028649 0.034155 0.038863 0.043213 0.047562 0.050708 0.053606 0.056505 0.061028 0.065601 0.06995 0.072491 0.075033 0.076547 0.074978 0.07341
0.002118 0.002901 0.002024 0.003148 0.005113 0.008105 0.011098 0.01504 0.019641 0.024241 0.025592 0.02574 0.025889 0.029123 0.032818 0.036398 0.028512 0.020627 0.013194 0.008326 0.003457 0.001553 0.006906 0.01226 0.022859 0.04041 0.057962 0.062797 0.058038 0.053279 0.045482 0.036444 0.027406 0.027759 0.029769 0.03178 0.047773 0.063908 0.077225 0.071682 0.066139 0.057925 0.042489 0.027053 0.0185 0.019852 0.021204 0.025845 0.033179 0.040513 0.045018 0.048252 0.051486 0.054295 0.057017 0.059739 0.063294 0.066875 0.0703 0.072468 0.074636 0.075747 0.073691 0.071634
0.002367 0.002118 0.004562 0.007006 0.010066 0.01388 0.017693 0.021342 0.024876 0.028409 0.0295 0.029687 0.029873 0.030226 0.030604 0.030902 0.023274 0.015647 0.008684 0.005479 0.002275 0.001585 0.00705 0.012515 0.022861 0.039678 0.056494 0.06053 0.054924 0.049317 0.043241 0.036972 0.030703 0.030836 0.032098 0.033361 0.049183 0.065152 0.078053 0.070421 0.062789 0.053613 0.040266 0.026918 0.019777 0.021568 0.023359 0.028787 0.037192 0.045597 0.049993 0.052587 0.055182 0.057038 0.058742 0.060446 0.063761 0.067125 0.070349 0.072431 0.074513 0.075145 0.071427 0.067708
0.001646 0.003336 0.0071 0.010865 0.01502 0.019654 0.024289 0.027644 0.030111 0.032578 0.033408 0.033633 0.033858 0.031329 0.02839 0.025406 0.018037 0.010667 0.004173 0.002633 0.001093 0.001617 0.007194 0.01277 0.022864 0.038945 0.055026 0.058263 0.051809 0.045356 0.040999 0.0375 0.034 0.033912 0.034427 0.034942 0.050593 0.066396 0.078881 0.06916 0.059438 0.049302 0.038042 0.026783 0.021055 0.023285 0.025515 0.03173 0.041205 0.050681 0.054968 0.056923 0.058879 0.059781 0.060467 0.061153 0.064227 0.067375 0.070397 0.072393 0.07439 0.074543 0.069163 0.063783
0.002357 0.004654 0.009704 0.014754 0.019921 0.02523 0.03054 0.03353 0.034907 0.036284 0.036757 0.036894 0.037032 0.031835 0.025841 0.019838 0.012877 0.005917 0 0 0 0.001633 0.007263 0.012893 0.022701 0.038047 0.053394 0.056021 0.049055 0.042089 0.039277 0.038161 0.037046 0.036835 0.036783 0.036731 0.052127 0.067678 0.07968 0.067928 0.056176 0.045122 0.035952 0.026783 0.022475 0.025162 0.027849 0.034792 0.045217 0.055643 0.059768 0.061063 0.062358 0.062287 0.061937 0.061587 0.064434 0.06738 0.070217 0.072173 0.074128 0.073857 0.066904 0.059952
0.005991 0.007203 0.013114 0.019026 0.024165 0.02836 0.032555 0.034281 0.034293 0.034304 0.033212 0.031712 0.030212 0.024972 0.019174 0.013387 0.00869 0.003992 0 0 0 0.001443 0.006417 0.011391 0.020509 0.035119 0.04973 0.054099 0.050742 0.047385 0.043944 0.040468 0.036992 0.037848 0.039469 0.04109 0.055195 0.069426 0.08011 0.067058 0.054006 0.04257 0.035501 0.028433 0.025646 0.029018 0.032391 0.039342 0.049222 0.059102 0.062416 0.06278 0.063144 0.06187 0.060261 0.058651 0.061434 0.064353 0.067222 0.069688 0.072154 0.072146 0.064715 0.057284
0.008477 0.009751 0.016524 0.023298 0.028409 0.031489 0.034569 0.035033 0.033679 0.032324 0.029668 0.02653 0.023391 0.018109 0.012506 0.006935 0.004502 0.002068 0 0 0 0.001252 0.00557 0.009888 0.018316 0.032191 0.046066 0.052176 0.052429 0.052682 0.048611 0.042775 0.036938 0.038862 0.042156 0.045449 0.058263 0.071174 0.08054 0.066188 0.051835 0.040017 0.035051 0.030084 0.028817 0.032875 0.036932 0.043892 0.053226 0.062561 0.065064 0.064497 0.063931 0.061454 0.058585 0.055716 0.058435 0.061326 0.064226 0.067203 0.070179 0.070434 0.062525 0.054616
0.009751 0.017378 0.019935 0.02757 0.032654 0.034619 0.036584 0.035785 0.033065 0.030344 0.026123 0.021347 0.016571 0.011246 0.005839 0.000484 0.000314 0.000144 0 0 0 0.001062 0.004724 0.008386 0.016123 0.029262 0.042402 0.050253 0.054116 0.057979 0.053279 0.045081 0.036883 0.039875 0.044842 0.049808 0.061332 0.072921 0.08097 0.065317 0.049665 0.037465 0.0346 0.031735 0.031989 0.036731 0.041474 0.048442 0.057231 0.06602 0.067712 0.066215 0.064717 0.061037 0.056909 0.052781 0.055435 0.058299 0.061231 0.064718 0.068205 0.068723 0.060336 0.051948
0.018013 0.021619 0.023303 0.030028 0.034097 0.03492 0.035743 0.033218 0.028366 0.023515 0.019407 0.015574 0.011741 0.007823 0.003892 0 0 0 1.9e-05 0.000143 0.000268 0.001418 0.005082 0.008745 0.015701 0.027022 0.038343 0.045298 0.04896 0.052623 0.050695 0.046485 0.042275 0.044562 0.047995 0.051429 0.06021 0.069044 0.075213 0.063543 0.051873 0.042372 0.038732 0.035092 0.035167 0.040587 0.046006 0.053277 0.062061 0.070846 0.070833 0.066867 0.062902 0.057447 0.051687 0.045927 0.049105 0.052559 0.056246 0.061811 0.067376 0.069735 0.062477 0.055218
0.022461 0.023303 0.03008 0.032339 0.035313 0.034992 0.03467 0.030382 0.023337 0.016292 0.012434 0.009753 0.007073 0.004679 0.002328 0 0 0 3.9e-05 0.000298 0.000557 0.001819 0.005537 0.009255 0.015423 0.024838 0.034252 0.040097 0.04325 0.046402 0.047524 0.047815 0.048107 0.049546 0.051187 0.052828 0.058747 0.06471 0.068954 0.061695 0.054437 0.047883 0.043235 0.038588 0.038346 0.044442 0.050538 0.058135 0.066959 0.075783 0.073992 0.067433 0.060875 0.053599 0.046177 0.038755 0.042505 0.0466 0.0511 0.05887 0.066641 0.070968 0.064968 0.058968
0.023303 0.030382 0.033494 0.03465 0.036529 0.035063 0.033597 0.027546 0.018308 0.00907 0.00546 0.003932 0.002404 0.001535 0.000763 0 0 0 5.9e-05 0.000453 0.000846 0.00222 0.005993 0.009766 0.015145 0.022653 0.030162 0.034897 0.03754 0.040182 0.044352 0.049146 0.05394 0.05453 0.054378 0.054226 0.057285 0.060377 0.062696 0.059848 0.057 0.053394 0.047739 0.042084 0.041524 0.048297 0.05507 0.062993 0.071856 0.080719 0.077152 0.068 0.058848 0.049752 0.040667 0.031583 0.035905 0.040641 0.045954 0.055929 0.065905 0.072201 0.06746 0.062719
0.030602 0.034072 0.03465 0.036208 0.037445 0.03516 0.032874 0.026261 0.016642 0.007022 0.003669 0.002634 0.001599 0.001031 0.000534 4.2e-05 0.000114 0.000186 0.000362 0.001123 0.001884 0.003588 0.0076 0.011611 0.01654 0.022686 0.028831 0.032867 0.035312 0.037757 0.041886 0.046702 0.051517 0.052312 0.052397 0.052481 0.054554 0.056646 0.058269 0.056744 0.055219 0.052707 0.047528 0.042349 0.041767 0.047802 0.053836 0.062563 0.073492 0.084421 0.081913 0.073368 0.064822 0.054654 0.044153 0.033652 0.0367 0.040166 0.044396 0.054795 0.065195 0.072089 0.068464 0.064839
0.034361 0.03465 0.036101 0.037445 0.035808 0.035263 0.032252 0.025427 0.015952 0.006477 0.003383 0.002649 0.001915 0.001294 0.000691 9.5e-05 0.000261 0.000427 0.000747 0.001943 0.003139 0.005237 0.009541 0.013845 0.018422 0.023362 0.028302 0.031759 0.034096 0.036434 0.039624 0.043161 0.046699 0.048003 0.048913 0.049824 0.051454 0.053091 0.054373 0.053274 0.052176 0.050221 0.045948 0.041675 0.041158 0.046043 0.050928 0.060597 0.074181 0.087765 0.087139 0.080129 0.07312 0.062096 0.05025 0.038404 0.039641 0.041284 0.043879 0.054186 0.064492 0.071585 0.069036 0.066486
0.03465 0.036065 0.037445 0.035984 0.035315 0.035366 0.03163 0.024593 0.015263 0.005932 0.003097 0.002664 0.002231 0.001558 0.000848 0.000149 0.000408 0.000667 0.001132 0.002763 0.004394 0.006886 0.011482 0.016078 0.020304 0.024038 0.027773 0.03065 0.03288 0.035111 0.037362 0.039621 0.04188 0.043695 0.04543 0.047166 0.048354 0.049536 0.050477 0.049805 0.049133 0.047734 0.044368 0.041002 0.040548 0.044284 0.04802 0.058632 0.074871 0.091109 0.092366 0.086891 0.081417 0.069538 0.056346 0.043155 0.042583 0.042401 0.043363 0.053576 0.06379 0.071081 0.069607 0.068134
0.036053 0.037445 0.036034 0.03534 0.035366 0.033672 0.032758 0.025934 0.016972 0.00801 0.005065 0.004345 0.003625 0.002776 0.001907 0.00105 0.001379 0.001709 0.002253 0.004008 0.005763 0.008265 0.012595 0.016925 0.020724 0.02382 0.026915 0.029472 0.031622 0.033773 0.035703 0.037543 0.039384 0.041579 0.043837 0.046095 0.047314 0.048523 0.049451 0.048498 0.047545 0.046098 0.043312 0.040527 0.039685 0.04164 0.043595 0.053417 0.069676 0.085936 0.090351 0.089446 0.08854 0.078065 0.065629 0.053194 0.050765 0.048646 0.047695 0.056202 0.064709 0.070995 0.070616 0.070237
0.037445 0.03605 0.035353 0.035366 0.034454 0.033846 0.034934 0.028579 0.02012 0.011662 0.008385 0.007026 0.005666 0.004566 0.003505 0.002458 0.002846 0.003233 0.003816 0.005508 0.007201 0.009483 0.013212 0.016941 0.020269 0.023064 0.02586 0.028252 0.03034 0.032427 0.034407 0.036344 0.03828 0.040779 0.043377 0.045975 0.047511 0.049036 0.050147 0.048488 0.04683 0.044971 0.042571 0.04017 0.03867 0.038465 0.03826 0.046252 0.060952 0.075652 0.083992 0.089476 0.094959 0.087243 0.076824 0.066405 0.062091 0.057966 0.054937 0.06077 0.066602 0.071159 0.071887 0.072615
0.036055 0.03536 0.035366 0.034786 0.03439 0.034934 0.032027 0.031224 0.023269 0.015314 0.011706 0.009707 0.007708 0.006357 0.005104 0.003867 0.004312 0.004756 0.005379 0.007008 0.008638 0.010702 0.013829 0.016957 0.019813 0.022309 0.024806 0.027033 0.029057 0.031081 0.033111 0.035144 0.037176 0.039979 0.042917 0.045856 0.047708 0.049548 0.050842 0.048478 0.046114 0.043844 0.041829 0.039813 0.037654 0.035289 0.032924 0.039087 0.052228 0.065368 0.077633 0.089505 0.101377 0.096422 0.088019 0.079616 0.073417 0.067287 0.062178 0.065337 0.068495 0.071323 0.073158 0.074992
0.035363 0.035366 0.034937 0.034662 0.034934 0.033157 0.032297 0.03337 0.025712 0.018055 0.01417 0.011679 0.009189 0.008304 0.007659 0.007022 0.007111 0.007201 0.007461 0.00869 0.009919 0.011613 0.014446 0.01728 0.019905 0.022256 0.024606 0.026624 0.028389 0.030155 0.032296 0.03459 0.036883 0.040049 0.043369 0.046689 0.048835 0.050968 0.052377 0.048934 0.045491 0.042844 0.042352 0.04186 0.040435 0.037668 0.034901 0.039061 0.048887 0.058714 0.071317 0.085168 0.099019 0.096793 0.091274 0.085754 0.079913 0.074061 0.069024 0.070581 0.072137 0.073852 0.076041 0.07823
0.035366 0.035009 0.034798 0.034934 0.033574 0.032834 0.03337 0.028875 0.027377 0.019791 0.015686 0.012869 0.010051 0.010424 0.011273 0.012106 0.011384 0.010663 0.010119 0.010573 0.011028 0.012186 0.015064 0.017942 0.020604 0.022978 0.025353 0.027111 0.028402 0.029694 0.032012 0.034749 0.037486 0.041082 0.044829 0.048576 0.05099 0.053392 0.054839 0.049904 0.044969 0.041984 0.044274 0.046563 0.047411 0.046186 0.04496 0.046924 0.051497 0.056071 0.065048 0.076004 0.08696 0.08743 0.085753 0.084075 0.081068 0.07802 0.075433 0.076572 0.077712 0.078994 0.080706 0.082417
0.035044 0.034866 0.034934 0.033745 0.033102 0.03337 0.029874 0.028209 0.029042 0.021527 0.017203 0.014059 0.010914 0.012543 0.014886 0.017189 0.015658 0.014126 0.012776 0.012457 0.012137 0.012758 0.015682 0.018605 0.021302 0.023701 0.0261 0.027597 0.028415 0.029233 0.031729 0.034909 0.038089 0.042114 0.046288 0.050462 0.053146 0.055815 0.057301 0.050874 0.044447 0.041125 0.046195 0.051266 0.054388 0.054703 0.055019 0.054787 0.054107 0.053428 0.058779 0.06684 0.074901 0.078067 0.080231 0.082395 0.082224 0.08198 0.081842 0.082564 0.083286 0.084136 0.085371 0.086605
0.0349 0.034934 0.033821 0.033236 0.03337 0.030228 0.028625 0.029042 0.024694 0.023513 0.019409 0.01628 0.013151 0.015538 0.018749 0.021907 0.019858 0.017808 0.015881 0.014648 0.013414 0.013414 0.016433 0.019451 0.022326 0.025008 0.027691 0.029063 0.029449 0.029834 0.032525 0.036158 0.039791 0.044121 0.048574 0.053027 0.055848 0.058653 0.06017 0.053064 0.045959 0.042561 0.049187 0.055813 0.06025 0.061538 0.062825 0.061168 0.0571 0.053033 0.055733 0.061472 0.067212 0.072107 0.076829 0.081551 0.083578 0.085522 0.087335 0.088098 0.088861 0.08965 0.090516 0.091382
0.034934 0.033857 0.033303 0.03337 0.030368 0.028833 0.029042 0.02575 0.023513 0.023162 0.023045 0.020644 0.018243 0.02035 0.02313 0.025864 0.023906 0.021949 0.019919 0.017479 0.01504 0.014241 0.017461 0.02068 0.024023 0.027529 0.031034 0.032563 0.032601 0.032638 0.035565 0.039671 0.043777 0.048153 0.052576 0.057 0.059686 0.062354 0.063883 0.057789 0.051695 0.048768 0.054401 0.060033 0.063799 0.064876 0.065954 0.06447 0.060889 0.057308 0.059379 0.063991 0.068602 0.073214 0.077826 0.082439 0.085343 0.088195 0.090926 0.092681 0.094437 0.095936 0.09666 0.097385
0.033874 0.033336 0.03337 0.030429 0.028937 0.029042 0.026102 0.023513 0.024555 0.024864 0.026682 0.025008 0.023335 0.025162 0.027512 0.02982 0.027954 0.026089 0.023956 0.020311 0.016665 0.015069 0.018489 0.021909 0.02572 0.030049 0.034378 0.036063 0.035753 0.035443 0.038604 0.043183 0.047762 0.052184 0.056578 0.060973 0.063523 0.066055 0.067596 0.062514 0.057432 0.054974 0.059614 0.064254 0.067347 0.068215 0.069083 0.067772 0.064677 0.061582 0.063026 0.066509 0.069991 0.074321 0.078824 0.083327 0.087108 0.090868 0.094516 0.097264 0.100013 0.102221 0.102805 0.103388
0.033353 0.03337 0.030458 0.02899 0.029042 0.026219 0.023513 0.025131 0.025773 0.026682 0.027229 0.02861 0.027375 0.028939 0.030922 0.032869 0.031374 0.02988 0.027919 0.023316 0.018713 0.01645 0.019912 0.023374 0.027562 0.032712 0.037862 0.039841 0.039428 0.039015 0.04212 0.046662 0.051203 0.055489 0.059731 0.063972 0.066537 0.069085 0.070778 0.066747 0.062715 0.060637 0.063839 0.06704 0.069281 0.070139 0.070998 0.070069 0.067678 0.065288 0.06629 0.068815 0.071341 0.075451 0.079886 0.08432 0.08902 0.093729 0.098347 0.102236 0.106125 0.109201 0.109838 0.110475
0.03337 0.030471 0.029016 0.029042 0.026258 0.023513 0.025389 0.026228 0.026682 0.027784 0.028612 0.028615 0.026461 0.02784 0.029747 0.031636 0.03183 0.032025 0.031531 0.027144 0.022756 0.02044 0.023197 0.025953 0.030087 0.036046 0.042004 0.04493 0.045567 0.046204 0.04788 0.049979 0.052079 0.055372 0.058876 0.06238 0.065669 0.068956 0.071452 0.068659 0.065866 0.063736 0.063401 0.063066 0.063602 0.065394 0.067185 0.067629 0.066969 0.06631 0.067747 0.070125 0.072503 0.076691 0.08125 0.085808 0.091623 0.097477 0.103317 0.109039 0.114761 0.119454 0.121061 0.122668
0.030478 0.029029 0.029042 0.026271 0.023513 0.02551 0.026455 0.026682 0.027924 0.028614 0.028615 0.026342 0.025547 0.026741 0.028572 0.030404 0.032287 0.03417 0.035144 0.030971 0.026798 0.02443 0.026481 0.028532 0.032612 0.039379 0.046146 0.050018 0.051706 0.053394 0.05364 0.053297 0.052955 0.055255 0.058021 0.060787 0.064801 0.068827 0.072127 0.070572 0.069016 0.066836 0.062963 0.059091 0.057924 0.060648 0.063373 0.065189 0.06626 0.067332 0.069204 0.071434 0.073665 0.077931 0.082614 0.087296 0.094227 0.101226 0.108287 0.115842 0.123397 0.129707 0.132284 0.134861
0.029036 0.029042 0.026275 0.023513 0.025568 0.026569 0.026682 0.027959 0.028614 0.028615 0.026212 0.025147 0.024746 0.025712 0.027413 0.029132 0.032667 0.036203 0.038627 0.034752 0.030878 0.028512 0.029839 0.031166 0.035146 0.042643 0.05014 0.054908 0.057618 0.060328 0.059198 0.056498 0.053799 0.055102 0.057111 0.05912 0.063789 0.068484 0.072527 0.072204 0.071881 0.06969 0.062445 0.055201 0.052411 0.056033 0.059655 0.062803 0.065563 0.068323 0.070623 0.072716 0.074809 0.079157 0.083968 0.088778 0.096834 0.104991 0.113288 0.122723 0.132158 0.14014 0.143762 0.147384
