NetLogoInput/pp3_resistance_30.asc
NCOLS 263 
NROWS 382 
XLLCORNER -925595.5599279 
YLLCORNER -56566.5307948138 
CELLSIZE 30 
NODATA_value -9999 
[rows 280 to 314 of 382, columns 0 to 78 of 263]
33.690647 62.836828 91.983009 299.086974 402.638956 402.638957 616.918922 724.058904 724.058904 768.25647 790.355253 790.355254 795.177627 800 800 800 800 800 800 800 793.918975 790.878463 790.878462 723.603 689.96527 689.965265 638.755863 587.54646 465.578464 404.594481 404.594424 256.445284 182.370774 182.370536 83.558498 34.152588 34.152154 16.953053 8.353521 8.35345 8.415272 8.477094 9.353073 9.791054 9.79109 9.775243 9.767433 9.766978 7.370578 6.175917 6.161707 6.291026 6.346346 6.381364 7.407942 8.42923 9.317378 9.750658 9.7872 9.9468 10 10 10 10 10 10 10 10 10 9.970372 9.915225 9.860077 9.433189 8.831823 8.230458 6.937064 5.49576 4.054457 3.050325
62.836828 91.983009 299.086974 402.638956 402.638957 616.918922 724.058904 724.058904 768.25647 790.355253 790.355254 795.177627 800 800 800 800 800 800 800 793.918975 790.878463 790.878462 723.602999 689.965267 689.965265 638.755863 587.54646 465.57845 404.594452 404.594424 256.445225 182.370655 182.370536 83.55839 34.152371 34.152154 16.953036 8.353486 8.35345 8.415272 8.477094 9.353082 9.791072 9.79109 9.775129 9.767205 9.766978 7.367019 6.168812 6.161707 6.299488 6.363855 6.381364 7.406179 8.42923 9.325684 9.768929 9.7872 9.9335 10 10 10 10 10 10 10 10 10 10 9.992486 9.9785 9.964515 9.795242 9.553085 9.310927 8.183035 6.865832 5.548629 3.995515
91.983009 299.086974 402.638956 402.638957 616.918922 724.058904 724.058904 768.25647 790.355253 790.355254 795.177627 800 800 800 800 800 800 800 793.918975 790.878463 790.878462 723.602998 689.965266 689.965265 638.755863 587.54646 465.578443 404.594438 404.594424 256.445195 182.370595 182.370536 83.558336 34.152263 34.152154 16.953027 8.353468 8.35345 8.415272 8.477094 9.353087 9.791081 9.79109 9.775072 9.767091 9.766978 7.365241 6.165259 6.161707 6.303792 6.372609 6.381364 7.405591 8.42923 9.330044 9.778064 9.7872 9.930175 10 10 10 10 10 10 10 10 10 10 10 10 10 10 9.935391 9.840458 9.745525 8.879542 7.848761 6.81798 5.178611
299.086974 402.638956 402.638957 616.918922 724.058904 724.058904 768.25647 790.355253 790.355254 795.177627 800 800 800 800 800 800 800 793.918975 790.878463 790.878462 723.602998 689.965265 689.965265 638.755863 587.54646 465.57844 404.594431 404.594424 256.44518 182.370566 182.370536 83.558308 34.152208 34.152154 16.953022 8.353459 8.35345 8.415272 8.477094 9.353089 9.791086 9.79109 9.775044 9.767035 9.766978 7.364352 6.163483 6.161707 6.305962 6.376986 6.381364 7.405395 8.42923 9.332276 9.782632 9.7872 9.929344 10 10 10 10 10 10 10 10 10 10 10 10 10 10 10 9.961341 9.904537 9.847733 9.293275 8.632452 7.97163 6.484141
402.638956 402.638957 616.918922 724.058904 724.058904 768.25647 790.355253 790.355254 795.177627 800 800 800 800 800 800 800 793.918975 790.878463 790.878462 723.602998 689.965265 689.965265 638.755863 587.54646 465.578438 404.594428 404.594424 256.445173 182.370551 182.370536 83.558295 34.152181 34.152154 16.95302 8.353455 8.35345 8.415272 8.477094 9.35309 9.791088 9.79109 9.77503 9.767007 9.766978 7.363908 6.162595 6.161707 6.307052 6.379175 6.381364 7.40533 8.42923 9.333406 9.784916 9.7872 9.929136 10 10 10 10 10 10 10 10 10 10 10 10 10 10 10 10 9.98729 9.968616 9.949941 9.707008 9.416144 9.12528 7.789671
402.638957 616.918922 724.058904 724.058904 768.25647 790.355253 790.355254 795.177627 800 800 800 800 800 800 800 793.918975 790.878463 790.878462 723.602998 689.965265 689.965265 638.755863 587.54646 465.578437 404.594426 404.594424 256.445169 182.370544 182.370536 83.558288 34.152168 34.152154 16.953019 8.353452 8.35345 8.415272 8.477094 9.353091 9.791089 9.79109 9.775023 9.766993 9.766978 7.363686 6.162151 6.161707 6.307598 6.380269 6.381364 7.405308 8.42923 9.333974 9.786058 9.7872 9.929084 10 10 10 10 10 10 10 10 10 10 10 10 10 10 10 10 10 10 10 10 9.76465 9.478999 9.193347 7.845575
616.918922 724.058904 724.058904 768.25647 790.355253 790.355254 795.177627 800 800 800 800 800 800 800 793.918975 790.878463 790.878462 723.602998 689.965265 689.965265 638.755863 587.54646 465.578436 404.594425 404.594424 256.445167 182.37054 182.370536 83.558285 34.152161 34.152154 16.953019 8.353451 8.35345 8.415272 8.477094 9.353091 9.79109 9.79109 9.775019 9.766986 9.766978 7.363575 6.161929 6.161707 6.307871 6.380816 6.381364 7.405301 8.42923 9.334258 9.786629 9.7872 9.929071 10 10 10 10 10 10 10 10 10 10 10 10 10 10 10 10 10 10 10 10 10 9.480474 8.849908 8.219342 6.701938
724.058904 724.058904 768.25647 790.355253 790.355254 795.177627 800 800 800 800 800 800 800 793.918975 790.878463 790.878462 723.602998 689.965265 689.965265 638.755863 587.54646 465.578436 404.594424 404.594424 256.445166 182.370538 182.370536 83.558283 34.152158 34.152154 16.953019 8.353451 8.35345 8.415272 8.477094 9.353091 9.79109 9.79109 9.775017 9.766982 9.766978 7.363519 6.161818 6.161707 6.308008 6.38109 6.381364 7.405298 8.42923 9.334401 9.786914 9.7872 9.929068 10 10 10 10 10 10 10 10 10 10 9.848616 10 10 10 10 10 10 10 10 10 10 10 9.196298 8.220817 7.245337 5.558301
724.058904 768.25647 790.355253 790.355254 795.177627 800 800 800 800 800 800 800 793.918975 790.878463 790.878462 723.602998 689.965265 689.965265 638.755863 587.54646 465.578436 404.594424 404.594424 256.445166 182.370537 182.370536 83.558282 34.152156 34.152154 16.953019 8.353451 8.35345 8.415272 8.477094 9.353091 9.79109 9.79109 9.775016 9.76698 9.766978 7.363492 6.161762 6.161707 6.308077 6.381227 6.381364 7.405297 8.42923 9.334472 9.787057 9.7872 9.929067 10 10 10 10 10 10 10 10 10 10 9.735078 9.697233 9.394465 9.213974 9.156663 9.288888 9.421112 9.579662 9.760887 9.942112 10 10 10 9.00007 7.786422 6.572774 4.778244
768.25647 790.355253 790.355254 795.177627 800 800 800 800 800 800 800 793.918975 790.878463 790.878462 723.602998 689.965265 689.965265 638.755863 587.54646 465.578436 404.594424 404.594424 256.445166 182.370537 182.370536 83.558282 34.152155 34.152154 16.953019 8.353451 8.35345 8.415272 8.477094 9.353091 9.79109 9.79109 9.775016 9.766979 9.766978 7.363478 6.161734 6.161707 6.308111 6.381296 6.381364 7.405297 8.42923 9.334508 9.787129 9.7872 9.929067 10 10 10 10 10 10 10 10 10 10 9.668848 9.545849 9.394465 7.622565 7.031931 6.815522 7.314808 7.814094 8.412784 9.097097 9.78141 10 10 10 8.960044 7.697814 6.435584 4.643922
790.355253 790.355254 795.177627 800 800 800 800 800 800 800 793.918975 790.878463 790.878462 723.602998 689.965265 689.965265 638.755863 587.54646 465.578436 404.594424 404.594424 256.445166 182.370537 182.370536 83.558281 34.152154 34.152154 16.953019 8.353451 8.35345 8.415272 8.477094 9.353091 9.79109 9.79109 9.775016 9.766979 9.766978 7.363471 6.16172 6.161707 6.308128 6.38133 6.381364 7.405297 8.42923 9.334526 9.787164 9.7872 9.929067 10 10 10 10 10 10 10 10 10 10 9.633368 9.470157 9.394465 6.951957 5.94091 4.849888 4.474382 5.340729 6.207077 7.245906 8.433308 9.620709 10 10 10 8.920017 7.609206 6.298395 4.509599
790.355254 795.177627 800 800 800 800 800 800 800 793.918975 790.878463 790.878462 723.602998 689.965265 689.965265 638.755863 587.54646 465.578436 404.594424 404.594424 256.445166 182.370537 182.370536 83.558281 34.152154 34.152154 16.953019 8.353451 8.35345 8.415272 8.477094 9.353091 9.79109 9.79109 9.775016 9.766979 9.766978 7.363467 6.161713 6.161707 6.308136 6.381347 6.381364 7.405297 8.42923 9.334534 9.787182 9.7872 9.929067 10 10 10 10 10 10 10 10 10 10 9.615036 9.432311 9.394465 6.647927 5.395399 4.849888 4.35238 3.0449 4.137324 5.229748 6.537323 8.030224 9.523124 10 10 10 8.886194 7.534331 6.182468 4.398444
795.177627 800 800 800 800 800 800 800 793.918975 790.878463 790.878462 723.602998 689.965265 689.965265 638.755863 587.54646 465.578436 404.594424 404.594424 256.445166 182.370537 182.370536 83.558281 34.152154 34.152154 16.953019 8.353451 8.35345 8.415272 8.477094 9.353091 9.79109 9.79109 9.775016 9.766979 9.766978 7.363466 6.16171 6.161707 6.308141 6.381355 6.381364 7.405297 8.42923 9.334539 9.787191 9.7872 9.929067 10 10 10 10 10 10 10 10 10 10 9.605722 9.413388 9.394465 6.503731 5.122644 4.849888 4.57131 4.042624 5.040348 5.829194 6.618041 7.550463 8.606558 9.662653 10 10 10 8.875677 7.511048 6.14642 4.374325
800 800 800 800 800 800 800 793.918975 790.878463 790.878462 723.602998 689.965265 689.965265 638.755863 587.54646 465.578436 404.594424 404.594424 256.445166 182.370537 182.370536 83.558281 34.152154 34.152154 16.953019 8.353451 8.35345 8.415272 8.477094 9.353091 9.79109 9.79109 9.775016 9.766979 9.766978 7.363465 6.161708 6.161707 6.308143 6.38136 6.381364 7.405297 8.42923 9.334541 9.787195 9.7872 9.929067 10 10 10 10 10 10 10 10 10 10 9.601028 9.403927 9.394465 6.433587 4.986266 4.849888 4.750758 4.541486 5.040348 6.87125 7.521065 8.006334 8.563603 9.182892 9.802181 10 10 10 8.86516 7.487766 6.110373 4.350206
800 800 800 800 800 800 793.918975 790.878463 790.878462 723.602998 689.965265 689.965265 638.755863 587.54646 465.578436 404.594424 404.594424 256.445166 182.370537 182.370536 83.558281 34.152154 34.152154 16.953019 8.353451 8.35345 8.415272 8.477094 9.353091 9.79109 9.79109 9.775016 9.766979 9.766978 7.363465 6.161708 6.161707 6.308144 6.381362 6.381364 7.405297 8.42923 9.334542 9.787198 9.7872 9.929067 10 10 10 10 10 10 10 10 10 10 9.598672 9.399196 9.394465 6.399004 4.918077 4.849888 4.857978 4.790917 5.040348 7.32843 8.307729 9.094392 9.266404 9.440115 9.61529 9.790465 9.845969 9.845306 9.844643 8.719217 7.353392 5.987568 4.269232
800 800 800 800 800 793.918975 790.878463 790.878462 723.602998 689.965265 689.965265 638.755863 587.54646 465.578436 404.594424 404.594424 256.445166 182.370537 182.370536 83.558281 34.152154 34.152154 16.953019 8.353451 8.35345 8.415272 8.477094 9.353091 9.79109 9.79109 9.775016 9.766979 9.766978 7.363465 6.161708 6.161707 6.308144 6.381363 6.381364 7.405297 8.42923 9.334543 9.787199 9.7872 9.929067 10 10 10 10 10 10 10 10 10 10 9.597492 9.39683 9.394465 6.381835 4.883983 4.849888 4.915962 4.915633 5.040348 7.541058 8.701061 9.094392 8.962146 8.525642 8.184633 7.801646 7.41866 7.288376 7.276698 7.265021 6.460038 5.485499 4.510961 3.301068
800 800 800 800 793.918975 790.878463 790.878462 723.602998 689.965265 689.965265 638.755863 587.54646 465.578436 404.594424 404.594424 256.445166 182.370537 182.370536 83.558281 34.152154 34.152154 16.953019 8.353451 8.35345 8.415272 8.477094 9.353091 9.79109 9.79109 9.775016 9.766979 9.766978 7.363465 6.161708 6.161707 6.308145 6.381364 6.381364 7.405297 8.42923 9.334543 9.7872 9.7872 9.929067 10 10 10 10 10 10 10 10 10 10 9.596901 9.395647 9.394465 6.373281 4.866936 4.849888 4.946047 4.97799 5.040348 7.643381 8.897726 9.094392 8.860727 8.525642 7.328273 6.92915 5.988002 5.046855 4.730782 4.708091 4.6854 4.20086 3.617607 3.034354 2.332904
800 800 800 793.918975 790.878463 790.878462 723.602998 689.965265 689.965265 638.755863 587.54646 465.578436 404.594424 404.594424 256.445166 182.370537 182.370536 83.558281 34.152154 34.152154 16.953019 8.353451 8.35345 8.415272 8.477094 9.353091 9.79109 9.79109 9.775016 9.766979 9.766978 7.363465 6.161708 6.161707 6.308145 6.381364 6.381364 7.405297 8.42923 9.334543 9.7872 9.7872 9.929067 10 10 10 10 10 10 10 10 10 10 9.596606 9.395056 9.394465 6.369012 4.858412 4.849888 4.961363 5.009169 5.040348 7.693545 8.996059 9.094392 8.82692 8.525642 6.957248 6.301409 5.673667 4.174358 2.67505 2.173188 2.139483 2.105779 1.941681 1.749714 1.557747 1.36474
800 800 793.918975 790.878463 790.878462 723.602998 689.965265 689.965265 638.755863 587.54646 465.578436 404.594424 404.594424 256.445166 182.370537 182.370536 83.558281 34.152154 34.152154 16.953019 8.353451 8.35345 8.415272 8.477094 9.353091 9.79109 9.79109 9.775016 9.766979 9.766978 7.363465 6.161708 6.161707 6.308145 6.381364 6.381364 7.405297 8.42923 9.334543 9.7872 9.7872 9.929067 10 10 10 10 10 10 10 10 10 10 9.596458 9.39476 9.394465 6.366879 4.85415 4.849888 4.969089 5.024758 5.040348 7.718378 9.045226 9.094392 8.815651 8.525642 6.786024 5.987538 5.673667 3.852252 3.216963 2.057938 1.670923 1.646254 1.621586 1.525361 1.413842 1.302323 1.197543
800 793.918975 790.878463 790.878462 723.602998 689.965265 689.965265 638.755863 587.54646 465.578436 404.594424 404.594424 256.445166 182.370537 182.370536 83.558281 34.152154 34.152154 16.953019 8.353451 8.35345 8.415272 8.477094 9.353091 9.79109 9.79109 9.775016 9.766979 9.766978 7.363465 6.161708 6.161707 6.308145 6.381364 6.381364 7.405297 8.42923 9.334543 9.7872 9.7872 9.929067 10 10 10 10 10 10 10 10 10 10 9.596384 9.394613 9.394465 6.365813 4.852019 4.849888 4.972969 5.032553 5.040348 7.730732 9.069809 9.094392 8.811895 8.525642 6.703984 5.830602 5.673667 3.662608 2.780492 2.34402 1.613891 1.371374 1.357719 1.344064 1.290801 1.229072 1.167344 1.109345
793.918975 790.878463 790.878462 723.602998 689.965265 689.965265 638.755863 587.54646 465.578436 404.594424 404.594424 256.445166 182.370537 182.370536 83.558281 34.152154 34.152154 16.953019 8.353451 8.35345 8.415272 8.477094 9.353091 9.79109 9.79109 9.775016 9.766979 9.766978 7.363465 6.161708 6.161707 6.308145 6.381364 6.381364 7.405297 8.42923 9.334543 9.7872 9.7872 9.929067 10 10 10 10 10 10 10 10 10 10 9.596347 9.394539 9.394465 6.36528 4.850954 4.849888 4.974914 5.03645 5.040348 7.736893 9.0821 9.094392 8.810643 8.525642 6.663857 5.752135 5.673667 3.560638 2.562256 2.34402 2.028226 1.169844 1.071824 1.069184 1.066543 1.056242 1.044303 1.032365 1.021148
790.878463 790.878462 723.602998 689.965265 689.965265 638.755863 587.54646 465.578436 404.594424 404.594424 256.445166 182.370537 182.370536 83.558281 34.152154 34.152154 16.953019 8.353451 8.35345 8.415272 8.477094 9.353091 9.79109 9.79109 9.775016 9.766979 9.766978 7.363465 6.161708 6.161707 6.308145 6.381364 6.381364 7.405297 8.42923 9.334543 9.7872 9.7872 9.929067 10 10 10 10 10 10 10 10 10 10 9.596328 9.394502 9.394465 6.365013 4.850421 4.849888 4.975887 5.038399 5.040348 7.73997 9.088246 9.094392 8.810226 8.525642 6.644017 5.712901 5.673667 3.507866 2.453138 2.34402 2.358723 2.077497 2.98515 2.721091 2.39981 2.078529 1.727206 1.369463 1.011721 1
790.878462 723.602998 689.965265 689.965265 638.755863 587.54646 465.578436 404.594424 404.594424 256.445166 182.370537 182.370536 83.558281 34.152154 34.152154 16.953019 8.353451 8.35345 8.415272 8.477094 9.353091 9.79109 9.79109 9.775016 9.766979 9.766978 7.363465 6.161708 6.161707 6.308145 6.381364 6.381364 7.405297 8.42923 9.334543 9.7872 9.7872 9.929067 10 10 10 10 10 10 10 10 10 10 9.596319 9.394484 9.394465 6.36488 4.850155 4.849888 4.976374 5.039374 5.040348 7.741507 9.091319 9.094392 8.810087 8.525642 6.634152 5.693284 5.673667 3.481033 2.398579 2.34402 2.554804 2.531324 2.98515 4.485049 4.985015 4.24112 3.497226 2.683774 1.855456 1.027138 1
723.602998 689.965265 689.965265 638.755863 587.54646 465.578436 404.594424 404.594424 256.445166 182.370537 182.370536 83.558281 34.152154 34.152154 16.953019 8.353451 8.35345 8.415272 8.477094 9.353091 9.79109 9.79109 9.775016 9.766979 9.766978 7.363465 6.161708 6.161707 6.308145 6.381364 6.381364 7.405297 8.42923 9.334543 9.7872 9.7872 9.929067 10 10 10 10 10 10 10 10 10 10 9.596315 9.394475 9.394465 6.364814 4.850022 4.849888 4.976618 5.039861 5.040348 7.742275 9.092855 9.094392 8.81004 8.525642 6.629234 5.683476 5.673667 3.467505 2.3713 2.34402 2.660553 2.758237 2.98515 5.209029 6.116977 7.248939 6.082431 4.915922 3.640342 2.341448 1.042555 1
689.965265 689.965265 638.755863 587.54646 465.578436 404.594424 404.594424 256.445166 182.370537 182.370536 83.558281 34.152154 34.152154 16.953019 8.353451 8.35345 8.415272 8.477094 9.353091 9.79109 9.79109 9.775016 9.766979 9.766978 7.363465 6.161708 6.161707 6.308145 6.381364 6.381364 7.405297 8.42923 9.334543 9.7872 9.7872 9.929067 10 10 10 10 10 10 10 10 10 10 9.596312 9.39447 9.394465 6.364781 4.849955 4.849888 4.976739 5.040104 5.040348 7.74266 9.093624 9.094392 8.810025 8.525642 6.626779 5.678572 5.673667 3.460713 2.35766 2.34402 2.715354 2.871694 2.98515 5.531519 6.682958 7.248939 6.90102 7.37169 6.269592 4.845456 3.352491 1.859525 1.536147
689.965265 638.755863 587.54646 465.578436 404.594424 404.594424 256.445166 182.370537 182.370536 83.558281 34.152154 34.152154 16.953019 8.353451 8.35345 8.415272 8.477094 9.353091 9.79109 9.79109 9.775016 9.766979 9.766978 7.363465 6.161708 6.161707 6.308145 6.381364 6.381364 7.405297 8.42923 9.334543 9.7872 9.7872 9.929067 10 10 10 10 10 10 10 10 10 10 9.596311 9.394468 9.394465 6.364764 4.849921 4.849888 4.9768 5.040226 5.040348 7.742852 9.094008 9.094392 8.81002 8.525642 6.625552 5.67612 5.673667 3.45731 2.35084 2.34402 2.743236 2.928422 2.98515 5.682889 6.965948 7.248939 7.173883 7.37169 7.529217 7.581726 6.209329 4.698904 3.18848 2.414754
638.755863 587.54646 465.578436 404.594424 404.594424 256.445166 182.370537 182.370536 83.558281 34.152154 34.152154 16.953019 8.353451 8.35345 8.415272 8.477094 9.353091 9.79109 9.79109 9.775016 9.766979 9.766978 7.363465 6.161708 6.161707 6.308145 6.381364 6.381364 7.405297 8.42923 9.334543 9.7872 9.7872 9.929067 10 10 10 10 10 10 10 10 10 10 9.59631 9.394466 9.394465 6.364755 4.849904 4.849888 4.976831 5.040287 5.040348 7.742948 9.0942 9.094392 8.810018 8.525642 6.624938 5.674893 5.673667 3.455607 2.34743 2.34402 2.757298 2.956786 2.98515 5.756106 7.107444 7.248939 7.264837 7.37169 8.00814 8.237793 8.893859 7.573201 6.045318 4.517435 3.29336
587.54646 465.578436 404.594424 404.594424 256.445166 182.370537 182.370536 83.558281 34.152154 34.152154 16.953019 8.353451 8.35345 8.415272 8.477094 9.353091 9.79109 9.79109 9.775016 9.766979 9.766978 7.363465 6.161708 6.161707 6.308145 6.381364 6.381364 7.405297 8.42923 9.334543 9.7872 9.7872 9.929067 10 10 10 10 10 10 10 10 10 10 9.59631 9.394465 9.394465 6.364751 4.849896 4.849888 4.976846 5.040318 5.040348 7.742996 9.094296 9.094392 8.810017 8.525642 6.624632 5.67428 5.673667 3.454755 2.345725 2.34402 2.764359 2.970968 2.98515 5.792097 7.178192 7.248939 7.295155 7.37169 8.209879 8.565826 8.893859 8.512273 8.540225 7.207905 5.875585 4.608424
465.578436 404.594424 404.594424 256.445166 182.370537 182.370536 83.558281 34.152154 34.152154 16.953019 8.353451 8.35345 8.415272 8.477094 9.353091 9.79109 9.79109 9.775016 9.766979 9.766978 7.363465 6.161708 6.161707 6.308145 6.381364 6.381364 7.405297 8.42923 9.334543 9.7872 9.7872 9.929067 10 10 10 10 10 10 10 10 10 10 9.59631 9.394465 9.394465 6.364749 4.849892 4.849888 4.976854 5.040333 5.040348 7.74302 9.094344 9.094392 8.810017 8.525642 6.624479 5.673974 5.673667 3.454328 2.344872 2.34402 2.767897 2.978059 2.98515 5.809938 7.213565 7.248939 7.305261 7.37169 8.301318 8.729842 8.893859 8.809739 8.791016 9.041807 8.154892 7.267977 6.435389
404.594424 404.594424 256.445166 182.370537 182.370536 83.558281 34.152154 34.152154 16.953019 8.353451 8.35345 8.415272 8.477094 9.353091 9.79109 9.79109 9.775016 9.766979 9.766978 7.363465 6.161708 6.161707 6.308145 6.381364 6.381364 7.405297 8.42923 9.334543 9.7872 9.7872 9.929067 10 10 10 10 10 10 10 10 10 10 9.59631 9.394465 9.394465 6.364748 4.84989 4.849888 4.976858 5.040341 5.040348 7.743032 9.094368 9.094392 8.810017 8.525642 6.624402 5.67382 5.673667 3.454115 2.344446 2.34402 2.769668 2.981604 2.98515 5.81882 7.231252 7.248939 7.30863 7.37169 8.344679 8.81185 8.893859 8.915454 8.916412 9.041807 9.019446 9.101879 8.660369 8.262354
404.594424 256.445166 182.370537 182.370536 83.558281 34.152154 34.152154 16.953019 8.353451 8.35345 8.415272 8.477094 9.353091 9.79109 9.79109 9.775016 9.766979 9.766978 7.363465 6.161708 6.161707 6.308145 6.381364 6.381364 7.405297 8.42923 9.334543 9.7872 9.7872 9.929067 10 10 10 10 10 10 10 10 10 10 9.59631 9.394465 9.394465 6.364748 4.849889 4.849888 4.976859 5.040344 5.040348 7.743038 9.09438 9.094392 8.810017 8.525642 6.624364 5.673744 5.673667 3.454009 2.344233 2.34402 2.770554 2.983377 2.98515 5.823251 7.240095 7.248939 7.309753 7.37169 8.36577 8.852854 8.893859 8.957558 8.97911 9.041807 9.320251 9.440543 9.779207 9.658151 9.56957
256.445166 182.370537 182.370536 83.558281 34.152154 34.152154 16.953019 8.353451 8.35345 8.415272 8.477094 9.353091 9.79109 9.79109 9.775016 9.766979 9.766978 7.363465 6.161708 6.161707 6.308145 6.381364 6.381364 7.405297 8.42923 9.334543 9.7872 9.7872 9.929067 10 10 10 10 10 10 10 10 10 10 9.59631 9.394465 9.394465 6.364748 4.849889 4.849888 4.97686 5.040346 5.040348 7.743041 9.094386 9.094392 8.810017 8.525642 6.624345 5.673706 5.673667 3.453956 2.344126 2.34402 2.770997 2.984264 2.98515 5.825464 7.244517 7.248939 7.310127 7.37169 8.376169 8.873356 8.893859 8.975921 9.010458 9.041807 9.437785 9.609875 9.779207 9.778699 9.77853 9.721142
182.370537 182.370536 83.558281 34.152154 34.152154 16.953019 8.353451 8.35345 8.415272 8.477094 9.353091 9.79109 9.79109 9.775016 9.766979 9.766978 7.363465 6.161708 6.161707 6.308145 6.381364 6.381364 7.405297 8.42923 9.334543 9.7872 9.7872 9.929067 10 10 10 10 10 10 10 10 10 10 9.59631 9.394465 9.394465 6.364748 4.849889 4.849888 4.976861 5.040347 5.040348 7.743042 9.094389 9.094392 8.810017 8.525642 6.624335 5.673687 5.673667 3.453929 2.344073 2.34402 2.771218 2.984707 2.98515 5.82657 7.246728 7.248939 7.310252 7.37169 8.381332 8.883608 8.893859 8.98443 9.026132 9.041807 9.488335 9.694541 9.779207 9.823883 9.838719 9.898909 9.872714
182.370536 83.558281 34.152154 34.152154 16.953019 8.353451 8.35345 8.415272 8.477094 9.353091 9.79109 9.79109 9.775016 9.766979 9.766978 7.363465 6.161708 6.161707 6.308145 6.381364 6.381364 7.405297 8.42923 9.334543 9.7872 9.7872 9.929067 10 10 10 10 10 10 10 10 10 10 9.59631 9.394465 9.394465 6.364748 4.849889 4.849888 4.976861 5.040347 5.040348 7.743043 9.09439 9.094392 8.810017 8.525642 6.62433 5.673677 5.673667 3.453916 2.344046 2.34402 2.771329 2.984928 2.98515 5.827123 7.247834 7.248939 7.310294 7.37169 8.383904 8.888734 8.893859 8.988516 9.03397 9.041807 9.511556 9.736874 9.779207 9.842703 9.868814 9.898909 9.880449 9.869726
83.558281 34.152154 34.152154 16.953019 8.353451 8.35345 8.415272 8.477094 9.353091 9.79109 9.79109 9.775016 9.766979 9.766978 7.363465 6.161708 6.161707 6.308145 6.381364 6.381364 7.405297 8.42923 9.334543 9.7872 9.7872 9.929067 10 10 10 10 10 10 10 10 10 10 9.59631 9.394465 9.394465 6.364748 4.849889 4.849888 4.976861 5.040347 5.040348 7.743043 9.094391 9.094392 8.810017 8.525642 6.624328 5.673672 5.673667 3.453909 2.344033 2.34402 2.771384 2.985039 2.98515 5.8274 7.248387 7.248939 7.310308 7.37169 8.385187 8.891296 8.893859 8.990518 9.037889 9.041807 9.522652 9.75804 9.779207 9.85117 9.883862 9.898909 9.883028 9.869726 9.634378
