NetLogoInput/pp3_pinchpoints_60.asc
NCOLS 132 
NROWS 191 
XLLCORNER -925625.5599279 
YLLCORNER -56596.5307948138 
CELLSIZE 60 
NODATA_value -9999 
[rows 0 to 27 of 191, columns 0 to 62 of 132]
0.020700000000000 0.020577 0.021513 0.022262 0.022262 0.021107 0.019952 0.018933 0.017914 0.016929 0.015945 0.015181 0.014418 0.013862 0.013307 0.012624 0.012078 0.012078 0.011756 0.011434 0.01123 0.011026 0.010959 0.010892 0.011071 0.011251 0.011918 0.012452 0.012452 0.012304 0.012157 0.011905 0.011654 0.011539 0.011424 0.011101 0.010778 0.010583 0.010389 0.010227 0.010098 0.010098 0.009919 0.009741 0.009551 0.009361 0.009192 0.009024 0.008926 0.008829 0.008611 0.008394 0.008461 0.008514 0.008514 0.008535 0.008556 0.008235 0.007914 0.008602 0.009291 0.00916 0.00903
0.020823 0.0207 0.020577 0.0217 0.022262 0.022262 0.021107 0.019952 0.018933 0.017914 0.016929 0.015945 0.015181 0.014418 0.013862 0.013307 0.012488 0.012078 0.012078 0.011756 0.011434 0.01123 0.011026 0.010959 0.010892 0.011071 0.011251 0.012052 0.012452 0.012452 0.012304 0.012157 0.011905 0.011654 0.011539 0.011424 0.011101 0.010778 0.010583 0.010389 0.010195 0.010098 0.010098 0.009919 0.009741 0.009551 0.009361 0.009192 0.009024 0.008926 0.008829 0.008611 0.008394 0.008474 0.008513 0.008514 0.008535 0.008556 0.008235 0.007914 0.008602 0.009291 0.009159
0.02122 0.020823 0.0207 0.020577 0.0217 0.022262 0.022262 0.021107 0.019952 0.018933 0.017914 0.016929 0.015945 0.015181 0.014418 0.013862 0.013307 0.012488 0.012078 0.012078 0.011756 0.011434 0.01123 0.011026 0.010959 0.010892 0.011071 0.011251 0.012052 0.012452 0.012452 0.012304 0.012157 0.011905 0.011654 0.011539 0.011424 0.011101 0.010778 0.010583 0.010389 0.010195 0.010098 0.010098 0.009919 0.009741 0.009551 0.009361 0.009192 0.009024 0.008926 0.008829 0.008611 0.008394 0.008473 0.008512 0.008514 0.008535 0.008556 0.008234 0.007914 0.0086 0.009291
0.021617 0.02122 0.020823 0.0207 0.020577 0.0217 0.022262 0.022262 0.021107 0.019952 0.018933 0.017914 0.016929 0.015945 0.015181 0.014418 0.013862 0.013307 0.012488 0.012078 0.012078 0.011756 0.011434 0.01123 0.011026 0.010959 0.010892 0.011071 0.011251 0.012052 0.012452 0.012452 0.012304 0.012157 0.011905 0.011654 0.011539 0.011424 0.011101 0.010778 0.010583 0.010389 0.010195 0.010098 0.010098 0.009919 0.009741 0.009551 0.009361 0.009192 0.009024 0.008926 0.008829 0.008611 0.008394 0.008473 0.008511 0.008514 0.008535 0.008556 0.008232 0.007914 0.008594
0.02169 0.021617 0.02122 0.020823 0.0207 0.020577 0.0217 0.022262 0.022262 0.021107 0.019952 0.018933 0.017914 0.016929 0.015945 0.015181 0.014418 0.013862 0.013307 0.012488 0.012078 0.012078 0.011756 0.011434 0.01123 0.011026 0.010959 0.010892 0.011071 0.011251 0.012052 0.012452 0.012452 0.012304 0.012157 0.011905 0.011654 0.011539 0.011424 0.011101 0.010778 0.010583 0.010389 0.010195 0.010098 0.010098 0.009919 0.009741 0.009551 0.009361 0.009192 0.009024 0.008926 0.008829 0.008611 0.008394 0.008471 0.008508 0.008514 0.008534 0.008556 0.008227 0.007914
0.021764 0.02169 0.021617 0.02122 0.020823 0.0207 0.020577 0.0217 0.022262 0.022262 0.021107 0.019952 0.018933 0.017914 0.016929 0.015945 0.015181 0.014418 0.013862 0.013307 0.012488 0.012078 0.012078 0.011756 0.011434 0.01123 0.011026 0.010959 0.010892 0.011071 0.011251 0.012052 0.012452 0.012452 0.012304 0.012157 0.011905 0.011654 0.011539 0.011424 0.011101 0.010778 0.010583 0.010389 0.010195 0.010098 0.010098 0.009919 0.009741 0.009551 0.009361 0.009192 0.009024 0.008926 0.008829 0.008611 0.008394 0.008468 0.008502 0.008514 0.008532 0.008556 0.00821
0.021902 0.021764 0.02169 0.021617 0.02122 0.020823 0.0207 0.020577 0.0217 0.022262 0.022262 0.021107 0.019952 0.018933 0.017914 0.016929 0.015945 0.015181 0.014418 0.013862 0.013307 0.012488 0.012078 0.012078 0.011756 0.011434 0.01123 0.011026 0.010959 0.010892 0.011071 0.011251 0.012052 0.012452 0.012452 0.012304 0.012157 0.011905 0.011654 0.011539 0.011424 0.011101 0.010778 0.010583 0.010389 0.010195 0.010098 0.010098 0.009919 0.009741 0.009551 0.009361 0.009192 0.009024 0.008926 0.008829 0.008611 0.008394 0.008462 0.008491 0.008514 0.008525 0.008556
0.02204 0.021902 0.021764 0.02169 0.021617 0.02122 0.020823 0.0207 0.020577 0.0217 0.022262 0.022262 0.021107 0.019952 0.018933 0.017914 0.016929 0.015945 0.015181 0.014418 0.013862 0.013307 0.012488 0.012078 0.012078 0.011756 0.011434 0.01123 0.011026 0.010959 0.010892 0.011071 0.011251 0.012052 0.012452 0.012452 0.012304 0.012157 0.011905 0.011654 0.011539 0.011424 0.011101 0.010778 0.010583 0.010389 0.010195 0.010098 0.010098 0.009919 0.009741 0.009551 0.009361 0.009192 0.009024 0.008926 0.008829 0.008611 0.008394 0.00845 0.008467 0.008514 0.008505
0.02204 0.02204 0.021902 0.021764 0.02169 0.021617 0.02122 0.020823 0.0207 0.020577 0.0217 0.022262 0.022262 0.021107 0.019952 0.018933 0.017914 0.016929 0.015945 0.015181 0.014418 0.013862 0.013307 0.012488 0.012078 0.012078 0.011756 0.011434 0.01123 0.011026 0.010959 0.010892 0.011071 0.011251 0.012052 0.012452 0.012452 0.012304 0.012157 0.011905 0.011654 0.011539 0.011424 0.011101 0.010778 0.010583 0.010389 0.010195 0.010098 0.010098 0.009919 0.009741 0.009551 0.009361 0.009192 0.009024 0.008926 0.008829 0.008609 0.008394 0.008424 0.008421 0.008514
0.02261 0.02204 0.02204 0.021902 0.021764 0.02169 0.021617 0.02122 0.020823 0.0207 0.020577 0.0217 0.022262 0.022262 0.021107 0.019952 0.018933 0.017914 0.016929 0.015945 0.015181 0.014418 0.013862 0.013307 0.012488 0.012078 0.012078 0.011756 0.011434 0.01123 0.011026 0.010959 0.010892 0.011071 0.011251 0.012052 0.012452 0.012452 0.012304 0.012157 0.011905 0.011654 0.011539 0.011424 0.011101 0.010778 0.010583 0.010389 0.010195 0.010098 0.010098 0.009919 0.009741 0.009551 0.009361 0.009192 0.009024 0.008925 0.008829 0.008605 0.008394 0.008369 0.008327
0.023749 0.02261 0.02204 0.02204 0.021902 0.021764 0.02169 0.021617 0.02122 0.020823 0.0207 0.020577 0.0217 0.022262 0.022262 0.021107 0.019952 0.018933 0.017914 0.016929 0.015945 0.015181 0.014418 0.013862 0.013307 0.012488 0.012078 0.012078 0.011756 0.011434 0.01123 0.011026 0.010959 0.010892 0.011071 0.011251 0.012052 0.012452 0.012452 0.012304 0.012157 0.011905 0.011654 0.011539 0.011424 0.011101 0.010778 0.010583 0.010389 0.010195 0.010098 0.010098 0.009919 0.009741 0.009551 0.009361 0.009191 0.009024 0.008922 0.008829 0.008591 0.008394 0.00824
0.024558 0.023749 0.02261 0.02204 0.02204 0.021902 0.021764 0.02169 0.021617 0.02122 0.020823 0.0207 0.020577 0.0217 0.022262 0.022262 0.021107 0.019952 0.018933 0.017914 0.016929 0.015945 0.015181 0.014418 0.013862 0.013307 0.012488 0.012078 0.012078 0.011756 0.011434 0.01123 0.011026 0.010959 0.010892 0.011071 0.011251 0.012052 0.012452 0.012452 0.012304 0.012157 0.011905 0.011654 0.011539 0.011424 0.011101 0.010778 0.010583 0.010389 0.010196 0.010099 0.010098 0.009919 0.009741 0.00955 0.009361 0.009189 0.009024 0.008914 0.008829 0.008551 0.008394
0.025367 0.024558 0.023749 0.02261 0.02204 0.02204 0.021902 0.021764 0.02169 0.021617 0.02122 0.020823 0.0207 0.020577 0.0217 0.022262 0.022262 0.021107 0.019952 0.018933 0.017914 0.016929 0.015945 0.015181 0.014418 0.013862 0.013307 0.012488 0.012078 0.012078 0.011756 0.011434 0.01123 0.011026 0.010959 0.010892 0.011071 0.011251 0.012052 0.012452 0.012452 0.012304 0.012157 0.011905 0.011654 0.011539 0.011424 0.011101 0.010778 0.010583 0.010389 0.010196 0.0101 0.010098 0.009918 0.009741 0.009547 0.009361 0.009182 0.009024 0.00889 0.008829 0.00843
0.026339 0.025367 0.024558 0.023749 0.02261 0.02204 0.02204 0.021902 0.021764 0.02169 0.021617 0.02122 0.020823 0.0207 0.020577 0.0217 0.022262 0.022262 0.021107 0.019952 0.018933 0.017914 0.016929 0.015945 0.015181 0.014418 0.013862 0.013307 0.012488 0.012078 0.012078 0.011756 0.011434 0.01123 0.011026 0.010959 0.010892 0.011071 0.011251 0.012052 0.012452 0.012452 0.012304 0.012157 0.011905 0.011654 0.011539 0.011424 0.011101 0.010778 0.010583 0.010389 0.010196 0.010101 0.010098 0.009916 0.009741 0.009538 0.009361 0.009162 0.009024 0.008817 0.008829
0.027312 0.026339 0.025367 0.024558 0.023749 0.02261 0.02204 0.02204 0.021902 0.021764 0.02169 0.021617 0.02122 0.020823 0.0207 0.020577 0.0217 0.022262 0.022262 0.021107 0.019952 0.018933 0.017914 0.016929 0.015945 0.015181 0.014418 0.013862 0.013307 0.012488 0.012078 0.012078 0.011756 0.011434 0.01123 0.011026 0.010959 0.010892 0.011071 0.011251 0.012052 0.012452 0.012452 0.012304 0.012157 0.011905 0.011654 0.011539 0.011424 0.011101 0.010778 0.010582 0.010389 0.010197 0.010104 0.010098 0.009908 0.009741 0.009511 0.009361 0.009101 0.009024 0.008599
0.028443 0.027312 0.026339 0.025367 0.024558 0.023749 0.02261 0.02204 0.02204 0.021902 0.021764 0.02169 0.021617 0.02122 0.020823 0.0207 0.020577 0.0217 0.022262 0.022262 0.021107 0.019952 0.018933 0.017914 0.016929 0.015945 0.015181 0.014418 0.013862 0.013307 0.012488 0.012078 0.012078 0.011756 0.011434 0.01123 0.011026 0.010959 0.010892 0.011071 0.011251 0.012052 0.012452 0.012452 0.012304 0.012157 0.011905 0.011654 0.011539 0.011424 0.0111 0.010778 0.01058 0.010389 0.010198 0.010111 0.010098 0.009886 0.009741 0.00943 0.009361 0.008917 0.007979
0.029575 0.028443 0.027312 0.026339 0.025367 0.024558 0.023749 0.02261 0.02204 0.02204 0.021902 0.021764 0.02169 0.021617 0.02122 0.020823 0.0207 0.020577 0.0217 0.022262 0.022262 0.021107 0.019952 0.018933 0.017914 0.016929 0.015945 0.015181 0.014418 0.013862 0.013307 0.012488 0.012078 0.012078 0.011756 0.011434 0.01123 0.011026 0.010959 0.010892 0.011071 0.011251 0.012051 0.012451 0.012452 0.012304 0.012157 0.011905 0.011654 0.011538 0.011424 0.011098 0.010778 0.010574 0.010389 0.010195 0.010124 0.010098 0.009818 0.009741 0.009187 0.008024 0.005917
0.030912 0.029575 0.028443 0.027312 0.026339 0.025367 0.024558 0.023749 0.02261 0.02204 0.02204 0.021902 0.021764 0.02169 0.021617 0.02122 0.020823 0.0207 0.020577 0.0217 0.022262 0.022262 0.021107 0.019952 0.018933 0.017914 0.016929 0.015945 0.015181 0.014418 0.013862 0.013307 0.012488 0.012078 0.012078 0.011756 0.011434 0.01123 0.011026 0.010959 0.010892 0.011071 0.011251 0.012051 0.01245 0.012452 0.012304 0.012157 0.011905 0.011654 0.011536 0.011424 0.011093 0.010778 0.010555 0.010389 0.010168 0.010151 0.010098 0.009614 0.008238 0.006426 0.004281
0.032249 0.030912 0.029575 0.028443 0.027312 0.026339 0.025367 0.024558 0.023749 0.02261 0.02204 0.02204 0.021902 0.021764 0.02169 0.021617 0.02122 0.020823 0.0207 0.020577 0.0217 0.022262 0.022262 0.021107 0.019952 0.018933 0.017914 0.016929 0.015945 0.015181 0.014418 0.013862 0.013307 0.012488 0.012078 0.012078 0.011756 0.011434 0.01123 0.011026 0.010959 0.010892 0.011071 0.011251 0.01205 0.012449 0.012452 0.012304 0.012157 0.011904 0.011654 0.011531 0.011424 0.011077 0.010778 0.010497 0.010389 0.010034 0.010203 0.009227 0.006737 0.004343 0.002965
0.033808 0.032249 0.030912 0.029575 0.028443 0.027312 0.026339 0.025367 0.024558 0.023749 0.02261 0.02204 0.02204 0.021902 0.021764 0.02169 0.021617 0.02122 0.020823 0.0207 0.020577 0.0217 0.022262 0.022262 0.021107 0.019952 0.018933 0.017914 0.016929 0.015945 0.015181 0.014418 0.013862 0.013307 0.012488 0.012078 0.012078 0.011756 0.011434 0.01123 0.011026 0.010959 0.010892 0.011071 0.011251 0.012048 0.012446 0.012452 0.012304 0.012157 0.0119 0.011654 0.011514 0.011424 0.011028 0.010778 0.010325 0.010389 0.009447 0.007161 0.004672 0.003113 0.003433
0.035368 0.033808 0.032249 0.030912 0.029575 0.028443 0.027312 0.026339 0.025367 0.024558 0.023749 0.02261 0.02204 0.02204 0.021902 0.021764 0.02169 0.021617 0.02122 0.020823 0.0207 0.020577 0.0217 0.022262 0.022262 0.021107 0.019952 0.018933 0.017914 0.016929 0.015945 0.015181 0.014418 0.013862 0.013307 0.012488 0.012078 0.012078 0.011756 0.011434 0.01123 0.011026 0.010959 0.010892 0.011071 0.011251 0.012045 0.012439 0.012452 0.012304 0.012157 0.011888 0.011654 0.011464 0.011424 0.010881 0.010778 0.009808 0.008353 0.005323 0.003559 0.003111 0.004465
0.035368 0.035368 0.033808 0.032249 0.030912 0.029575 0.028443 0.027312 0.026339 0.025367 0.024558 0.023749 0.02261 0.02204 0.02204 0.021902 0.021764 0.02169 0.021617 0.02122 0.020823 0.0207 0.020577 0.0217 0.022262 0.022262 0.021107 0.019952 0.018933 0.017914 0.016929 0.015945 0.015181 0.014418 0.013862 0.013307 0.012488 0.012078 0.012078 0.011756 0.011434 0.01123 0.011026 0.010959 0.010892 0.011071 0.011251 0.012039 0.012427 0.012452 0.012303 0.012157 0.011854 0.011654 0.011315 0.011424 0.010441 0.008913 0.006825 0.003776 0.003669 0.004687 0.006222
0.037328 0.035368 0.035368 0.033808 0.032249 0.030912 0.029575 0.028443 0.027312 0.026339 0.025367 0.024558 0.023749 0.02261 0.02204 0.02204 0.021902 0.021764 0.02169 0.021617 0.02122 0.020823 0.0207 0.020577 0.0217 0.022262 0.022262 0.021107 0.019952 0.018933 0.017914 0.016929 0.015945 0.015181 0.014418 0.013862 0.013307 0.012488 0.012078 0.012078 0.011756 0.011434 0.01123 0.011026 0.010959 0.010892 0.01107 0.011251 0.012026 0.012402 0.012452 0.012301 0.012157 0.011751 0.011654 0.010865 0.008679 0.007257 0.006263 0.00523 0.005954 0.007079 0.007996
0.041246 0.037328 0.035368 0.035368 0.033808 0.032249 0.030912 0.029575 0.028443 0.027312 0.026339 0.025367 0.024558 0.023749 0.02261 0.02204 0.02204 0.021902 0.021764 0.02169 0.021617 0.02122 0.020823 0.0207 0.020577 0.0217 0.022262 0.022262 0.021107 0.019952 0.018933 0.017914 0.016929 0.015945 0.015181 0.014418 0.013862 0.013307 0.012488 0.012079 0.012078 0.011756 0.011434 0.01123 0.011026 0.010958 0.010892 0.011067 0.011251 0.011999 0.012353 0.012452 0.012294 0.012157 0.01144 0.010194 0.007321 0.006266 0.006407 0.00714 0.008285 0.009229 0.009564
0.042304 0.041246 0.037328 0.035368 0.035368 0.033808 0.032249 0.030912 0.029575 0.028443 0.027312 0.026339 0.025367 0.024558 0.023749 0.02261 0.02204 0.02204 0.021902 0.021764 0.02169 0.021617 0.02122 0.020823 0.0207 0.020577 0.0217 0.022262 0.022262 0.021107 0.019952 0.018933 0.017914 0.016929 0.015945 0.015181 0.014418 0.013862 0.013307 0.012489 0.01208 0.012078 0.011756 0.011434 0.011229 0.011026 0.010956 0.010892 0.011057 0.011251 0.011938 0.012254 0.012452 0.012273 0.011241 0.00939 0.007526 0.007224 0.007918 0.008996 0.00987 0.010457 0.010611
0.043362 0.042304 0.041246 0.037328 0.035368 0.035368 0.033808 0.032249 0.030912 0.029575 0.028443 0.027312 0.026339 0.025367 0.024558 0.023749 0.02261 0.02204 0.02204 0.021902 0.021764 0.02169 0.021617 0.02122 0.020823 0.0207 0.020577 0.0217 0.022262 0.022262 0.021107 0.019952 0.018933 0.017914 0.016929 0.015945 0.015181 0.014418 0.013862 0.013307 0.01249 0.012082 0.012078 0.011755 0.011434 0.011228 0.011026 0.010949 0.010892 0.011028 0.011251 0.011795 0.012056 0.010855 0.009787 0.008983 0.008123 0.00819 0.008844 0.00971 0.01043 0.010926 0.011077
0.035132 0.043362 0.042304 0.041246 0.037328 0.035368 0.035368 0.033808 0.032249 0.030912 0.029575 0.028443 0.027312 0.026339 0.025367 0.024558 0.023749 0.02261 0.02204 0.02204 0.021902 0.021764 0.02169 0.021617 0.02122 0.020823 0.0207 0.020577 0.0217 0.022262 0.022262 0.021107 0.019952 0.018933 0.017914 0.016929 0.015945 0.015181 0.014418 0.013862 0.013307 0.012492 0.012087 0.012078 0.011754 0.011434 0.011223 0.011026 0.01093 0.010892 0.01094 0.011251 0.011421 0.009027 0.007993 0.008527 0.008605 0.008938 0.009421 0.00991 0.010495 0.010886 0.010857
0.026902 0.035132 0.043362 0.042304 0.041246 0.037328 0.035368 0.035368 0.033808 0.032249 0.030912 0.029575 0.028443 0.027312 0.026339 0.025367 0.024558 0.023749 0.02261 0.02204 0.02204 0.021902 0.021764 0.02169 0.021617 0.02122 0.020823 0.0207 0.020577 0.0217 0.022261 0.022262 0.021107 0.019952 0.018933 0.017914 0.016929 0.015945 0.015181 0.014418 0.013862 0.013307 0.012497 0.012096 0.012078 0.011751 0.011434 0.01121 0.011026 0.010871 0.010892 0.010677 0.010341 0.00851 0.00725 0.00677 0.00736 0.008292 0.00929 0.009789 0.01005 0.009571 0.007818
