NetLogoInput/pp3_corridors_60.asc
NCOLS 132 
NROWS 191 
XLLCORNER -925625.5599279 
YLLCORNER -56596.5307948138 
CELLSIZE 60 
NODATA_value -9999 
[rows 52 to 77 of 191, columns 59 to 117 of 132]
2266.91858732293 2222.28183712612 2167.1223049334 2172.33927545326 2280.00452053203 2405.11930859299 2531.11485152874 2653.59120534176 2742.65342715086 2806.23321330563 2881.35631838697 3033.91393575886 3006.44768664039 2964.59676885754 2967.67295352736 -9999 -9999 -9999 -9999 -9999 -9999 -9999 -9999 -9999 -9999 -9999 -9999 -9999 -9999 2036.07697146599 2005.08228397099 1993.21233508384 2011.06236153538 2021.12772046957 2007.91055020041 -9999 -9999 -9999 -9999 -9999 -9999 -9999 -9999 -9999 -9999 -9999 -9999 -9999 -9999 -9999 -9999 -9999 -9999 -9999 -9999 -9999 -9999 -9999 -9999
1932.94860002494 1992.79201273966 2065.60813837463 2158.9628391613 2280.78383819787 2406.57869430782 2532.57414747889 2657.76818889512 2775.35279033559 2860.2922248125 2999.67038415065 3364.76573393029 3167.0564519925 2964.59676885754 2967.67295352736 -9999 -9999 -9999 -9999 -9999 -9999 -9999 -9999 -9999 -9999 -9999 -9999 -9999 2060.94381378976 2036.07697146599 2005.08228397099 1993.21233508384 2011.06236153538 2021.12772046957 2007.91055020041 -9999 -9999 -9999 -9999 -9999 -9999 -9999 -9999 -9999 -9999 -9999 -9999 -9999 -9999 -9999 -9999 -9999 -9999 -9999 -9999 -9999 -9999 -9999 -9999
1815.33430111084 1917.14965849672 2044.89692376916 2173.13926453643 2292.1867292848 2411.30996338982 2534.03340732903 2660.02879771838 2786.02423080327 2876.78195394063 3034.55973033186 3462.32981345517 -9999 -9999 -9999 -9999 -9999 -9999 -9999 -9999 -9999 -9999 3334.23008249994 3006.73752546395 2476.01527753491 2190.5430808245 2057.06571318157 2050.0693518609 2046.17747435429 2021.96815745665 1993.5124887022 1983.06504864253 1991.99091370713 1997.29500565768 1989.73994787258 1951.10745817293 1926.59839376964 1917 1917 1917 1923.13117822482 1948.29827423457 1983.01703925267 2019.98350954069 2057.0824888555 -9999 -9999 -9999 -9999 -9999 -9999 -9999 -9999 -9999 -9999 -9999 -9999 -9999 -9999
1790.95692590489 1907.3535705236 2079.17653472879 2229.35463379101 2322.88286335204 2425.28389469165 2539.30292114066 2663.49985889342 2787.84353994437 2829.25593520398 -9999 -9999 -9999 -9999 -9999 -9999 -9999 -9999 -9999 -9999 4019.53928708197 3567.08901636057 3317.03264700551 2990.92805106572 2467.31706331319 2185.89263281751 2052.26139394596 2040.37174803358 2021.56628884916 1996.0690721048 1972.30473537319 1964.28260911354 1962.32328931075 1961.75283699629 1961.18241547512 1939.56280032038 1923.72659855184 1914.87344209923 1914.82574957756 1914.77805987153 1920.67722291586 1945.04001068571 1979.27252109868 2015.95382966411 2052.97207458194 2108.59708415915 -9999 -9999 -9999 -9999 -9999 -9999 -9999 -9999 -9999 -9999 -9999 -9999 -9999
1784.99218160346 1907.62055926319 2255.17835645224 2489.58937176468 2452.86319657086 2491.90282929656 2570.04659913111 2680.42184117108 2792.07131749712 -9999 -9999 -9999 -9999 -9999 -9999 -9999 -9999 -9999 -9999 -9999 3999.58634337463 3464.09758368688 3184.85900157536 2869.42180298439 2400.46554450448 2150.15086968281 2015.33702883436 1976.34626571976 1949.46167093351 1930.79295595846 1919.01040496175 1916.14062341514 1915.13763656444 1914.56230849938 1913.98701149125 1906.93060403215 1901.65495635918 1898.52944068962 1898.11519965255 1897.70098307115 1901.81695627826 1919.99810422445 1950.49342697426 1984.98307943936 2021.38082721598 2063.37430494503 -9999 -9999 -9999 -9999 -9999 -9999 -9999 -9999 -9999 -9999 -9999 -9999 -9999
1787.81974126653 1909.58792776169 2228.7525326253 2453.98063104577 2449.99584557286 2632.41507257458 2706.95372210462 2677.84977011644 -9999 -9999 -9999 -9999 -9999 -9999 -9999 -9999 -9999 5400.67036163857 5322.51378055942 4708.14352415363 3878.28244774543 3207.35344325546 2880.09612137749 2599.95179681116 2267.618085766 2073.5838378358 1957.0297874661 1907.19445027394 1884.55593859484 1873.3427949671 1868.96395827169 1868.38911227532 1867.81430734421 1867.2395312684 1866.66478622173 1866.09008947549 1865.51542158515 1864.94078255033 1864.3661889257 1863.79162922202 1865.7424727641 1875.53406918559 1898.69057368991 1928.13860469304 1962.75702130997 1998.56228093915 2029.30321827776 -9999 -9999 -9999 -9999 -9999 -9999 -9999 -9999 -9999 -9999 -9999 -9999
1797.69377724255 1912.91804324239 2040.09373605125 2181.27202738257 2340.6594662242 2832.14813571423 2928.94414103728 -9999 -9999 -9999 -9999 -9999 -9999 -9999 -9999 -9999 -9999 5400.67036163857 5322.51378055942 4633.29499724712 3675.75216539258 2827.38621844921 2437.01387010565 2211.89818379501 2081.87904942245 1964.29793160585 1881.5855213028 1833.93420259777 1825.41965837052 1822.16464275164 1821.52048525069 1820.95054183213 1820.38063912567 1819.81076502978 1819.24092170169 1818.67112625724 1818.10135942352 1817.53162120038 1816.96192800118 1816.39226843092 1815.87188165899 1815.50442477726 1828.43563160032 1850.55797390558 1882.46832708801 1918.05071447307 1953.83004691843 -9999 -9999 -9999 -9999 -9999 -9999 -9999 -9999 -9999 -9999 -9999 -9999
1819.72481317777 1925.72675495206 2059.86278599423 2293.86298660989 2679.75116548337 2953.51785878985 -9999 -9999 -9999 -9999 -9999 -9999 -9999 -9999 5283.257169095 4851.38967802685 4901.66776945864 5353.55038673994 5310.78560448997 4631.80644266819 3671.72433222568 2819.82959742134 2428.20204519432 2140.74468667595 1849.38688107861 1811.67030319486 1792.36480562026 1779.91205909208 1776.4427021687 1774.91360826594 1774.33894508428 1773.7643201464 1773.18973625844 1772.61518121378 1772.04065718476 1771.46618143894 1770.89173453825 1770.31731648241 1769.74294382087 1769.16860506513 1768.59429515465 1768.02002340926 1772.46827001372 1784.25927833231 1805.88060556541 1838.81044813083 1873.56807689628 1908.91573901555 -9999 -9999 -9999 -9999 -9999 -9999 -9999 -9999 -9999 -9999 -9999
1848.42354132235 1958.1607156773 2177.18108451986 2484.15964159761 2892.32582883363 -9999 -9999 -9999 -9999 -9999 -9999 -9999 -9999 5790.85256730616 5298.27983734519 4662.32575214346 4401.65239387749 4284.9835130361 2291.94491336614 1625.1748767307 1618 1618 1642.35834774634 1668.22038177227 1687.43415036841 1708.46715695217 1722.26167257562 1728.71271574471 1728.13509411243 1727.55750646933 1726.97994781347 1726.40242759353 1725.82494863296 1725.24749865977 1724.67007985554 1724.09270958086 1723.51536829625 1722.93805600155 1722.36078933175 1721.78355673764 1721.2063531338 1720.62918788784 1720.0520639885 1724.06972707818 1735.36689102121 1762.4952778981 1794.05263857012 1829.02350574811 1864.83787364604 -9999 -9999 -9999 -9999 -9999 -9999 -9999 -9999 -9999 -9999
1886.55120958238 2019.13095413026 2431.53520930259 2777.08269405605 2905.75491228833 -9999 -9999 -9999 -9999 -9999 -9999 -9999 5978.99178203376 5785.68838737762 5279.59516829856 4195.63081199176 3195.24280297437 2331.97923505699 1805.84155516611 1625.1748767307 1618 1618 1642.35834774634 1665.0999644179 1676.17957172102 1679.13284628996 1680.64225274477 1681.08528694742 1680.50767860689 1679.93010425723 1679.35255889489 1678.77505196619 1678.19758629722 1677.6201496153 1677.0427441017 1676.46538711468 1675.88805911701 1675.31076010904 1674.73350672885 1674.1562874201 1673.57909709997 1673.00194513896 1672.42483452315 1672.51498986359 1673.6622790435 1690.43758621109 1715.77613440466 1748.47552933773 1784.46307948499 -9999 -9999 -9999 -9999 -9999 -9999 -9999 -9999 -9999 -9999
2228.46654215945 2474.34168414464 2676.84138238171 -9999 -9999 -9999 -9999 -9999 -9999 -9999 -9999 5639.53464813992 5437.8462148148 5259.08315349488 5193.82743137704 4095.72569423679 2914.77359159266 1808.14247286356 1668.31239649803 1616.25938425183 1609.69245568368 1609.39196334571 1620.61163858723 1630.81598748712 1635.10202844049 1634.7456897565 1634.17207947524 1633.59849797551 1633.02496185592 1632.45145948642 1631.87798589964 1631.30455047651 1630.73115602195 1630.15779034953 1629.58445562489 1629.01116908709 1628.43791133302 1627.86468236297 1627.29149869773 1626.71834886531 1626.14522781843 1625.57214486192 1624.99910295711 1624.42608983905 1623.85310759251 1630.65500851939 1646.37494846793 1670.80475844201 1704.85762202345 1740.22151984107 -9999 -9999 -9999 -9999 -9999 -9999 -9999 -9999 -9999
2452.99180685058 2861.23809585261 -9999 -9999 -9999 -9999 -9999 -9999 -9999 -9999 6360.8496316039 5685.50319997146 4926.51765121716 4487.13576136614 4596.60110150676 2518.25167571549 1531.36575028749 1616.5326285664 1603.93254993187 1595.35456649871 1590.21489377711 1589.64351509357 1589.07217711538 1588.50086779644 1587.92958937846 1587.35835884999 1586.78715698235 1586.21598377569 1585.64485576003 1585.07376135154 1584.50269560472 1583.93166786256 1583.36068091567 1582.78972262983 1582.21879516195 1581.6479156804 1581.07706486119 1580.5062427043 1579.93546565971 1579.36472230776 1578.79400762165 1578.22333086667 1577.65269499008 1577.08208777974 1576.51151131223 1575.94098290995 1582.58262613265 1597.30073335005 1626.88844109727 1660.30534117698 -9999 -9999 -9999 -9999 -9999 -9999 -9999 -9999 -9999
2153.22454490671 2813.08405971525 -9999 -9999 -9999 -9999 -9999 -9999 -9999 -9999 6307.05057341904 5406.24389411884 4308.96477286901 3310.42238183077 2546.08376927995 1823.28113025878 1502.98321988993 1540.95458486572 1544.84194107313 1544.77040367701 1543.08694695837 1542.51068981717 1541.93447372932 1541.35828654498 1540.78213052456 1540.20602280364 1539.62994399029 1539.05389408394 1538.47788975038 1537.90191931159 1537.32597777971 1536.75007457759 1536.17421251573 1535.59837936092 1535.02257729044 1534.44682361366 1533.87109884603 1533.29540298719 1532.71975262368 1532.14413624018 1531.5685487665 1530.99299954596 1530.41749155589 1529.84201247697 1529.26656440248 1528.69116480415 1529.86372696081 1534.24362847219 1553.23719900238 1581.5683376655 1615.18862627691 -9999 -9999 -9999 -9999 -9999 -9999 -9999 -9999
1881.90580326575 -9999 -9999 -9999 -9999 -9999 -9999 -9999 -9999 -9999 6289.8409239594 5316.91231612817 4111.41728936766 2893.57825238688 1743.87449470728 1546.13034048268 1479.88249963675 1490.06737026981 1495.02654525241 1496.28577936571 1495.71125912083 1495.13677716821 1494.56233614359 1493.98792393313 1493.41354278969 1492.83920979807 1492.26490562455 1491.69063026865 1491.11640034588 1490.54220421304 1489.96803689833 1489.39390779685 1488.81981970734 1488.24576043563 1487.67173215272 1487.09775211604 1486.52380089865 1485.94987850004 1485.37600145503 1484.80215828763 1484.22834394205 1483.65456773151 1483.08083262257 1482.50712633507 1481.93345095609 1481.35982390817 1480.78622568289 1481.15000864851 1489.77052643957 1509.38763578828 1536.67783794206 -9999 -9999 -9999 -9999 -9999 -9999 -9999 -9999
-9999 -9999 -9999 -9999 -9999 -9999 -9999 -9999 -9999 -9999 -9999 -9999 -9999 1363.719212096 1478.18174817627 1467.54685489316 1456.08486924602 1449.96932246543 1449.39861679172 1448.82794459116 1448.25730100981 1447.68669546148 1447.11613056609 1446.54559429025 1445.97508887108 1445.4046312803 1444.83420231151 1444.26380196469 1443.69344674739 1443.12312509095 1442.5528320582 1441.9825769825 1441.4123626417 1440.84217692357 1440.27202198419 1439.70191496783 1439.13183657466 1438.56178680412 1437.99178208027 1437.42181100832 1436.8518685652 1436.28196400008 1435.71210025569 1435.14226513747 1434.57246071922 1434.00270431053 1433.43297652811 1432.86327737241 1432.29362319291 1441.86014373873 1460.47945393199 1491.84203873335 -9999 -9999 -9999 -9999 -9999 -9999 -9999
-9999 -9999 -9999 -9999 -9999 -9999 -9999 -9999 -9999 -9999 -9999 -9999 1320 1343.02879321229 1403.32114404784 1406.39778009952 1405.20384386316 1402.85567627672 1402.2800916395 1401.70454076588 1401.12901875754 1400.55353510504 1399.97809245144 1399.40267866232 1398.82729599463 1398.25196156896 1397.6766560075 1397.10137931057 1396.52614813181 1395.95095079884 1395.37578233294 1394.8006521475 1394.22556304826 1393.65050281773 1393.07547363012 1392.50049276784 1391.92554077619 1391.35061765494 1390.77573996848 1390.20089621892 1389.6260813411 1389.0513046635 1388.47656915749 1387.90186252379 1387.32718685414 1386.75255959711 1386.17796121423 1385.60339170579 1385.028867557 1387.69465695343 1395.93354272334 1416.48950305415 -9999 -9999 -9999 -9999 -9999 -9999 -9999
-9999 -9999 -9999 -9999 -9999 -9999 -9999 -9999 -9999 -9999 1254.55661330085 1290.41553386743 1307.92610760007 1324.84794826709 1347.76854759919 1353.89205374313 1356.10893682274 1355.53361436794 1354.95833747688 1354.38309433211 1353.80788003782 1353.23270407972 1352.65756909746 1352.08246296419 1351.50738793608 1350.93236112297 1350.35736315895 1349.78239404448 1349.20747042476 1348.63258063255 1348.05771969176 1347.48289701055 1346.90811539387 1346.33336263098 1345.75864089513 1345.18396745486 1344.60932287107 1344.0347071439 1343.46013683041 1342.88560043261 1342.31109288972 1341.73662352701 1341.16219531562 1340.58779596099 1340.01342755301 1339.43910753254 1338.86481637089 1338.29055406813 1337.71633709937 1337.14215413691 1339.18055250279 1349.25750480305 1372.85190742316 -9999 -9999 -9999 -9999 -9999 -9999
-9999 -9999 -9999 -9999 -9999 -9999 -9999 -9999 -9999 -9999 1254.55661330085 1290.41553386743 1303.74547400551 1308.89157022025 1309.33041958591 1309.0477244847 1308.59723124465 1308.02681437942 1307.45644269379 1306.88610446433 1306.31579483934 1305.74552322733 1305.17529224098 1304.60508985734 1304.03491831344 1303.46479456694 1302.89469942633 1302.32463289196 1301.75461146371 1301.18462357592 1300.6146642943 1300.04474294619 1299.47486231035 1298.90501028207 1298.33518901671 1297.7654156342 1297.19567086213 1296.62595470109 1296.05628356993 1295.48664606178 1294.9170371615 1294.34746611794 1293.77793587654 1293.20843424433 1292.63896329188 1292.06954032236 1291.50014596295 1290.93078021354 1290.36145940986 1289.79217232186 1289.33514707723 1289.22348802141 1302.18335870178 1324.55928891062 -9999 -9999 -9999 -9999 -9999
-9999 -9999 -9999 -9999 -9999 -9999 -9999 -9999 1225.10394501055 1231.9938116766 1243.14322109142 1256.90598873229 1261.72798010894 1263.19481519981 1262.61985281914 1262.04493852171 1261.47005304594 1260.89519639239 1260.32038527495 1259.74560787003 1259.17085929065 1258.59614902152 1258.02147969552 1257.44683919497 1256.87222977392 1256.2976685237 1255.72313610276 1255.14863251069 1254.57417436995 1253.99975003531 1253.425354531 1252.85099725319 1252.2766810042 1251.70239358501 1251.12813716762 1250.55392900923 1249.97974968447 1249.40559919309 1248.8314940764 1248.25742284736 1247.68338044999 1247.10937620312 1246.53541307699 1245.96147878382 1245.38757541062 1244.81372038767 1244.23989420006 1243.66609684764 1243.0923447908 1242.51862671179 1241.94493746811 1241.37128629293 1245.93446711556 1257.93329403169 -9999 -9999 -9999 -9999 -9999
-9999 -9999 -9999 -9999 -9999 -9999 -9999 1155.75855827493 1196.31960192084 1213.5517342681 1217.6647653068 1217.08854178186 1216.5123591944 1215.93620548931 1215.36008301019 1214.78400871158 1214.20796329177 1213.63194675173 1213.05597584248 1212.48003871184 1211.90413046389 1211.32826060341 1210.75243176937 1210.17663181931 1209.60086301181 1209.0251424738 1208.44945082329 1207.87378805944 1207.29817083548 1206.72258748793 1206.14703302971 1205.57151687445 1204.99604183068 1204.42059567449 1203.84518058208 1203.26981384868 1202.69447600672 1202.11916705556 1201.54390356782 1200.96867403866 1200.39347340026 1199.81831098828 1199.24318977984 1198.66809746316 1198.09303612982 1197.51802324127 1196.94303924782 1196.36808414917 1195.79317443695 1195.21829877151 1194.64345199938 1194.06864337133 1193.4938760384 1197.51455172911 1208.76483540747 -9999 -9999 -9999 -9999
-9999 -9999 -9999 -9999 -9999 -9999 -9999 1153.07764563298 1165.50310699323 1169.93027847466 1170.12375299401 1169.55243647046 1168.98116053333 1168.40991323226 1167.83869689157 1167.26752832082 1166.69638838328 1166.12527707982 1165.55421101816 1164.98317844896 1164.41217451652 1163.84120864235 1163.27028344486 1162.69938688616 1162.12852120623 1161.55770338574 1160.98691420579 1160.41615366578 1159.84543827943 1159.27475647892 1158.70410332136 1158.13348814269 1157.56291372553 1156.99236794961 1156.4218529724 1155.8513859434 1155.28094755803 1154.71053781608 1154.14017315272 1153.56984216034 1152.99953981308 1152.42927536551 1151.85905176869 1151.28885681718 1150.7186925852 1150.14857638853 1149.57848884051 1149.00842994057 1148.43841603892 1147.86843589558 1147.29848439997 1146.72857072289 1146.15869799062 1146.33837133115 1147.69722779549 -9999 -9999 -9999 -9999
-9999 -9999 1129.22103239532 1105.29243481948 1042.36971377308 1065.90005688254 1093.96123495743 1119.78147508599 1122.8793980285 1123.52809740912 1122.9537695954 1122.37948011967 1121.80523144274 1121.23101154951 1120.65682277512 1120.08268202208 1119.50857005255 1118.93448686699 1118.36044915683 1117.78644511315 1117.21246985551 1116.63853285543 1116.06463674304 1115.49076941773 1114.91693313092 1114.34314495404 1113.76938556691 1113.19565496892 1112.62196976022 1112.048318311 1111.47469565297 1110.9011111707 1110.32756766412 1109.75405294877 1109.18056919311 1108.60713363514 1108.03372686841 1107.46034889297 1106.88701623163 1106.31371741626 1105.74044739513 1105.16721547143 1104.59402461174 1104.02086254628 1103.44773135977 1102.87464845884 1102.30159435472 1101.72856904715 1101.15558897399 1100.5826428332 1100.00972548915 1099.43684616261 1098.86400799288 1098.29119861962 1097.71842004175 1104.5560341948 -9999 -9999 -9999
-9999 -9999 1089.08828724261 1092.92604090459 1038.42746157156 1058.40257394637 1072.57868484508 1077.48184472449 1076.90369959898 1076.32558827212 1075.74750591625 1075.16946214769 1074.59145944528 1074.01348571394 1073.43554330334 1072.85764922916 1072.27978412806 1071.70194800005 1071.12415764244 1070.54640117208 1069.96867367658 1069.39098468966 1068.8133368567 1068.23571799852 1067.65813038132 1067.08059118873 1066.50308097417 1065.92559973723 1065.34816418827 1064.77076261745 1064.19339002509 1063.61605585822 1063.03876293642 1062.46149899473 1061.88426621562 1061.3070819491 1060.729926661 1060.15280035168 1059.57571965436 1058.99867302283 1058.42165537338 1057.84467607143 1057.26773810286 1056.69082911666 1056.11395121079 1055.53712190636 1054.96032158598 1054.38355024975 1053.80682444594 1053.23013279496 1052.65347012891 1052.07684573074 1051.50026275633 1050.92370876692 1050.34718577537 1049.77071147523 -9999 -9999 -9999
-9999 1057.03817449484 1050.78270849716 1039.1853829833 1021.29560984022 1025.82075029457 1029.02619465821 1029.85367332371 1029.27554149719 1028.69744347256 1028.11937442074 1027.54134395697 1026.96335455431 1026.38539412391 1025.80746501809 1025.22958424071 1024.65173243661 1024.07390960572 1023.49613254134 1022.91838936882 1022.34067517218 1021.76299948012 1021.18536493908 1020.60775937369 1020.03018505178 1019.45265914906 1018.87516222246 1018.29769427268 1017.72027201704 1017.14288373282 1016.56552442529 1015.98820354802 1015.41092391288 1014.83367325593 1014.25645375961 1013.67928277489 1013.10214076795 1012.52502773973 1011.94796032779 1011.37092697676 1010.79392260555 1010.21695658216 1009.64003189088 1009.06313618109 1008.48627155068 1007.9094555227 1007.33266847711 1006.75591041414 1006.1791978832 1005.60251950614 1005.0258701137 1004.44925898667 1003.87268927884 1003.29614855697 1002.71963883613 1002.14317780373 1003.35837291503 -9999 -9999
988.828691369161 1008.00321235663 998.66764567873 987.441238773402 984.129540651897 983.423035661597 982.848048876128 982.273090896999 981.698178507668 981.123299732701 980.548449769933 979.973638181448 979.398867424081 978.824125477287 978.249414680552 977.674751943104 977.100118018246 976.525512905877 975.950953305422 975.376427406868 974.801930322301 974.22747152812 973.65305365849 973.07866460204 972.504306612293 971.929996774894 971.355715753122 970.781463546969 970.207256776056 969.63308379038 969.058939620999 968.484833666291 967.910768725327 967.336732601015 966.762727463051 966.188770566561 965.614842486215 965.040943223152 964.467089323944 963.893269295975 963.319478086021 962.745725009003 962.172013035528 961.59832988224 961.024677634815 960.4510737187 959.877498623591 959.303952349894 958.730451356135 958.156984324674 957.5835461158 957.010145959357 956.436786992692 955.863456850421 955.290157535835 954.716906640627 954.143684571065 -9999 -9999
972.911056813837 948.553723855608 940.13606552997 937.040303648366 936.469364352115 935.898472679018 935.327609607191 934.756775136766 934.185985929801 933.61523009518 933.044502865816 932.473813736051 931.90316514505 931.332545156543 930.761956092156 930.191414745898 929.620902005984 929.050417872324 928.479978926089 927.909573435622 927.339196550909 926.768857683903 926.198559452478 925.628289825423 925.0580510371 924.487860061364 923.91769769649 923.347563940987 922.777475285229 922.207420179437 921.637393685089 921.067405126196 920.497457289711 919.927538063629 919.357649601306 918.787809034386 918.217997076631 917.64821372917 917.078475419845 916.508770740801 915.939094673278 915.369456462807 914.799859063306 914.23029027755 913.660752175607 913.091262056537 912.521800552423 911.952367663815 911.382979731732 910.813625515801 910.244299914808 909.675012094292 909.105765171468 908.536546865257 907.967359162808 907.398219536226 906.829108527157 906.260026135518 -9999
