NetLogoInput/pp3_60_flow.asc
NCOLS 132 
NROWS 191 
XLLCORNER -925625.5599279 
YLLCORNER -56596.530794814 
CELLSIZE 60 
NODATA_value -9999 
[rows 105 to 139 of 191, columns 0 to 77 of 132]
28.04 24.69 23.02 23.02 21.62 20.19 16.65 14.91 14.69 15.17 15.49 15.07 17.87 22.59 27.01 30.79 31.93 32.41 32.81 33.92 35.16 36.41 37.62 39.3 42.01 45.77 50.75 56.89 61.68 60.11 40.81 19.23 1 0 0 0.14 1.79 93.08 229.46 358.51 279 171.14 107.53 85.17 60.48 32.35 24.56 21.61 21.19 20.27 22.68 26.8 32.4 33.26 32.92 31.74 30.43 26.7 21.61 16.61 17.36 19.69 21.83 22.91 23.41 23.39 23.07 22.68 22.23 21.76 21.29 20.82 20.38 19.96 19.56 19.18 18.82 18.46
24.69 23.02 23.02 21.61 20.19 16.58 14.8 14.69 15.05 15.28 15.07 14.13 14.65 17.85 22.04 26.83 29.84 30.84 31.07 31.93 32.68 33.25 33.59 34.05 36.67 41.26 46.28 47.89 45.06 33.33 15.88 3.04 0.16 0 0 0.5 6.41 45.6 103.39 164.95 160 138.65 118.6 102.32 77.15 44.31 27.47 22.37 23.56 24.09 25.41 27.75 31.57 32.99 33.61 33.64 34.16 33.37 31.26 26.91 24.3 22.95 23.03 23.39 23.54 23.43 23.09 22.69 22.25 21.78 21.31 20.84 20.4 19.97 19.55 19.15 18.76 18.37
23.02 23.02 21.61 20.19 16.55 14.75 14.69 15 15.17 15.07 12.48 11.79 8.93 8.89 11.8 17.36 23.94 27.21 28.74 29.78 30.33 30.5 30.23 29.66 31.11 34.45 38.35 36.78 30.57 18.25 6.92 0 0 0 0.28 1.84 14.13 38.91 70.41 102.41 119.51 127.6 126.7 117.39 97.78 68.83 42.4 29.99 27.12 30.84 31.81 32.27 33.17 33.93 34.61 35.24 36.58 37.05 36.24 32.38 28.48 25.56 24.52 24.2 23.92 23.6 23.19 22.74 22.27 21.79 21.32 20.85 20.39 19.96 19.53 19.11 18.7 18.29
23.02 21.61 20.19 16.54 14.72 14.69 14.97 15.12 15.07 11.71 10.36 8.93 4.89 1.17 2.71 8.18 17.05 22.39 25.55 27.22 27.88 27.87 27.15 25.92 26.35 28.3 30.36 26.07 17.92 7.64 2.47 0 0 0 0.91 4.03 21.67 40.15 57.79 71 94.55 115.66 127.88 127.28 115.49 92.86 61.21 42.31 33.92 38.3 38.43 37.15 35.42 35.09 35.4 36.32 38.18 39.14 38.8 35.41 31.17 27.63 25.89 25.01 24.34 23.81 23.31 22.8 22.31 21.81 21.32 20.85 20.39 19.94 19.5 19.07 18.64 18.21
21.61 20.19 16.53 14.7 14.69 14.95 15.09 15.07 11.34 9.64 8.93 3.81 0.86 0.55 1.27 4.01 9.84 15.26 20.02 23.4 25 25.39 24.47 23.64 24.29 25.97 24.8 18.24 9.55 2.75 0.62 0 0 0 2.42 8.25 26.35 36.61 41.55 42.44 61.27 84.97 109.1 122.04 120.86 105.98 83.61 64.63 50.25 45.85 43 40.53 37.96 36.01 35.33 35.99 38.09 38.34 37.09 34.19 31.12 28.46 26.66 25.58 24.71 24.02 23.43 22.87 22.33 21.82 21.32 20.83 20.36 19.91 19.46 19.02 18.58 18.13
20.19 16.53 14.7 14.69 14.95 15.08 15.07 11.15 9.29 8.93 3.5 0.71 0.55 0.76 0.45 1.51 4.29 8.21 12.67 17.12 19.8 21.13 20.93 21.09 21.32 21.18 16.86 10.75 4.51 0.74 0 0 0 0.51 4.17 11.58 27.57 33.48 32.82 27.83 40.06 60.76 88.46 107.65 113.15 105.39 92.63 77.58 62.59 52.37 46.99 43.22 39.99 37.08 34.42 32.21 33.19 34.33 34.87 32.76 30.62 28.64 27.02 25.88 24.94 24.16 23.51 22.91 22.34 21.81 21.3 20.81 20.33 19.87 19.42 18.97 18.52 18.07
16.53 14.69 14.69 14.94 15.07 15.07 11.06 9.11 8.93 3.4 0.63 0.55 0.59 0.45 0.49 0 0 1.72 4.83 9.67 13.34 15.83 16.84 18.08 17.6 15.1 8.21 3.91 1.36 0.22 0 0 0 1.33 6.02 14.22 26.72 30.42 28.05 20.84 26.29 41.55 68.2 89.15 98.77 97.47 93.71 84.37 71.67 57.89 50.47 45.46 41.7 38.28 33.42 27.42 26.61 29.14 32.43 31.26 29.88 28.48 27.13 26.04 25.08 24.25 23.56 22.93 22.34 21.79 21.27 20.77 20.29 19.83 19.37 18.92 18.47 18.01
14.69 14.69 14.94 15.07 15.07 11.02 9.02 8.93 3.37 0.59 0.55 0.53 0.45 0.24 0 0 0 0.56 1.58 3.17 6.01 8.95 11.59 11.7 10.7 8.62 4.67 2.04 0.45 0.07 0 0 0 2.71 7.54 14.38 22.9 25.9 24.73 19.17 25.88 40.06 61.74 76.41 84.37 85.87 83.09 76.69 68.03 58.39 51.78 46.68 42.82 39.95 35.87 30.65 28.15 28.69 30.44 30.11 29.2 28.11 26.97 25.97 25.06 24.24 23.54 22.89 22.29 21.74 21.21 20.71 20.23 19.77 19.31 18.87 18.43 17.97
14.69 14.94 15.07 15.07 11 8.97 8.93 3.35 0.57 0.55 0.51 0.45 0.17 0 0 0 0 0 0 0 1.8 4.18 6.84 6.65 5.73 4.24 2.25 0.84 0 0 0 0.1 0.35 4.24 9.16 14.74 19.16 20.91 20.37 16.84 22.7 34.69 53.12 66.15 74.02 76.77 74.39 70.01 64.29 57.76 52.05 47.18 43.38 40.99 37.94 34.16 30.81 29.58 29.52 29.37 28.66 27.74 26.75 25.83 24.97 24.17 23.47 22.83 22.22 21.66 21.14 20.64 20.16 19.7 19.25 18.82 18.38 17.95
14.94 15.07 15.07 10.99 8.95 8.93 3.35 0.56 0.55 0.51 0.45 0.16 0 0 0 0 0 0 0 0 0.56 1.42 2.56 2.85 2.59 1.84 0.87 0.3 0 0 0 0.28 1.03 5.91 10.88 15.3 15.52 15.46 15.03 13.87 16.89 25.63 42.46 58.25 67.51 70.03 67.51 64.27 60.47 56.03 51.33 46.98 43.43 41.42 39.67 37.94 34.55 31.73 29.63 29.01 28.24 27.39 26.49 25.63 24.82 24.05 23.37 22.72 22.12 21.57 21.05 20.55 20.08 19.63 19.19 18.76 18.35 17.93
15.07 15.07 10.98 8.94 8.93 3.35 0.55 0.55 0.5 0.45 0.15 0 0 0 0 0 0 0 0 0 0.2 0.5 0.93 1.06 0.97 0.68 0.32 0.11 0 0 0 0.69 2.54 7.5 11.4 13.83 13.16 12.87 12.66 12.01 12.9 17.87 29.23 46.64 58.85 64.85 62.14 60.1 58.11 54.97 50.6 46.29 42.68 40.49 38.63 36.92 34.27 31.87 29.87 28.85 27.93 27.05 26.19 25.37 24.59 23.86 23.19 22.57 21.98 21.44 20.93 20.44 19.97 19.53 19.11 18.7 18.3 17.92
15.07 10.98 8.93 8.93 3.34 0.55 0.55 0.5 0.45 0.15 0 0 0 0 0 0 0 0 0 0 0 0 0 0 0 0 0 0 0 0 0.16 1.33 4.11 8.56 11.31 12.19 11.3 10.99 10.92 10.62 10.31 12.32 18.38 35.88 50.13 59.34 55.37 54 53.95 53.48 49.72 45.4 41.71 39.33 37.3 35.51 33.49 31.58 29.85 28.6 27.6 26.7 25.86 25.08 24.34 23.64 23 22.39 21.82 21.29 20.79 20.31 19.86 19.43 19.02 18.63 18.25 17.9
10.98 8.93 8.93 3.34 0.55 0.55 0.5 0.45 0.15 0 0 0 0 0 0 0 0 0 0 0 0 0 0 0 0 0 0 0 0 0 0.61 2.33 5.65 8.71 10.31 10.51 10.14 10 9.98 9.94 9.95 10.52 12.02 27.04 41.54 53.08 45.98 44.34 46.45 51.19 48.56 44.21 40.44 37.93 35.81 33.97 32.3 30.76 29.36 28.19 27.2 26.31 25.5 24.76 24.05 23.38 22.76 22.18 21.63 21.11 20.63 20.17 19.73 19.31 18.92 18.54 18.19 17.87
8.93 8.93 3.34 0.55 0.55 0.5 0.45 0.15 0 0 0 0 0 0 0 0 0 0 0 0 0 0 0 0 0 0 0 0 0.07 0.37 1.64 3.67 6.53 8.4 9.3 9.33 9.17 9.15 9.24 9.39 9.53 10.47 12.78 25.41 36.09 43.13 37.54 38.09 42.24 47.24 45.61 42.23 38.94 36.56 34.51 32.74 31.24 29.89 28.67 27.62 26.7 25.86 25.09 24.39 23.72 23.08 22.5 21.94 21.41 20.91 20.44 20 19.57 19.17 18.79 18.43 18.1 17.8
8.93 3.34 0.55 0.55 0.5 0.45 0.15 0 0 0 0 0 0 0 0 0 0 0 0 0 0 0 0 0 0 0 0 0.04 0.25 0.94 2.75 4.86 7 7.92 8.34 8.34 8.27 8.36 8.56 8.85 9.25 11 15.05 25.7 31.99 33.24 30.35 33.54 39.45 43.03 42.21 39.97 37.37 35.22 33.31 31.64 30.26 29.04 27.94 27 26.16 25.38 24.65 24 23.37 22.76 22.21 21.68 21.17 20.7 20.25 19.81 19.41 19.02 18.66 18.31 18 17.72
3.34 0.55 0.55 0.5 0.45 0.15 0 0 0 0 0 0 0 0 0 0 0 0 0 0 0 0 0 0 0 0 0 0.22 0.75 1.92 3.57 5.22 6.66 7.28 7.53 7.49 7.44 7.62 7.91 8.21 9.56 11.96 15.74 25.88 29.76 27.24 26.8 31.95 38.6 39.56 38.89 37.54 35.72 33.94 32.27 30.74 29.44 28.28 27.24 26.34 25.56 24.83 24.18 23.56 22.98 22.42 21.89 21.39 20.91 20.46 20.02 19.61 19.22 18.85 18.5 18.17 17.87 17.6
0.55 0.55 0.5 0.45 0.15 0 0 0 0 0 0 0 0 0 0 0 0 0 0 0 0 0 0 0 0 0 0 0.4 1.17 2.55 3.99 5.34 6.53 6.85 6.85 6.62 6.62 6.82 7.34 8.64 10.5 12.3 13.72 23.49 27.91 26.58 26.08 30.4 36.01 36.59 36.24 35.4 34.16 32.72 31.31 29.94 28.73 27.63 26.63 25.76 25 24.31 23.68 23.11 22.57 22.05 21.56 21.08 20.63 20.2 19.79 19.39 19.02 18.67 18.33 18.01 17.72 17.46
0.55 0.5 0.45 0.15 0 0 0 0 0 0 0 0 0 0 0 0 0 0 0 0 0 0 0 0 0 0 0 0.56 1.53 2.96 4.18 5.35 6.51 6.56 6.29 5.81 5.87 6.03 6.81 9.55 11.71 12.34 10.54 19.85 26.28 28.79 26.96 28.99 32.55 33.96 34 33.48 32.65 31.56 30.4 29.21 28.08 27.03 26.06 25.21 24.47 23.79 23.18 22.65 22.15 21.67 21.21 20.77 20.34 19.93 19.54 19.16 18.81 18.47 18.14 17.84 17.56 17.3
0.5 0.45 0.15 0 0 0 0 0 0 0 0 0 0 0 0 0 0 0 0 0 0 0 0 0 0 0.01 0.09 0.56 1.44 3.03 4.33 5.48 6.49 6.55 6.36 6.02 6.09 5.92 6.26 8.82 11.53 13.23 13.13 19.37 24.73 28.46 28 29.06 30.8 32.04 32.27 32.01 31.39 30.51 29.55 28.53 27.52 26.55 25.63 24.79 24.04 23.37 22.76 22.22 21.73 21.27 20.84 20.43 20.03 19.64 19.27 18.92 18.57 18.25 17.94 17.64 17.36 17.11
0.45 0.15 0 0 0 0 0 0 0 0 0 0 0 0 0 0 0 0 0 0 0 0 0 0 0 0.02 0.22 0.71 1.55 3.05 4.26 5.27 6.07 6.29 6.32 6.21 6.27 5.89 5.77 7.32 10.17 13.07 15.47 19.85 23.97 27.47 28.09 28.83 29.68 30.64 30.88 30.74 30.26 29.54 28.74 27.87 26.97 26.09 25.23 24.41 23.68 22.99 22.38 21.84 21.34 20.89 20.48 20.09 19.71 19.35 19 18.66 18.33 18.02 17.72 17.43 17.16 16.91
0.15 0 0 0 0 0 0 0 0 0 0 0 0 0 0 0 0 0 0 0 0 0 0 0 0 0.04 0.4 1 1.84 3.03 3.96 4.7 5.22 5.76 6.16 6.39 6.39 5.94 5.33 5.01 7.58 11.79 17.55 21.36 24.06 25.78 27.16 28.31 29.23 29.77 29.86 29.68 29.26 28.64 27.96 27.22 26.44 25.64 24.86 24.08 23.36 22.68 22.05 21.5 20.99 20.53 20.12 19.74 19.39 19.05 18.72 18.4 18.08 17.78 17.49 17.21 16.95 16.7
0 0 0 0 0 0 0 0 0 0 0 0 0 0 0 0 0 0 0 0 0 0 0 0 0 0.04 0.46 1.14 1.97 2.89 3.63 4.22 4.66 5.07 5.38 5.6 5.67 5.47 5.1 4.71 5.74 9.03 15.64 20.22 23.07 24.43 26.51 28.16 29.3 29.43 29.21 28.85 28.41 27.87 27.27 26.62 25.92 25.2 24.48 23.77 23.08 22.42 21.8 21.24 20.72 20.24 19.82 19.44 19.07 18.74 18.43 18.12 17.82 17.53 17.25 16.98 16.72 16.47
0 0 0 0 0 0 0 0 0 0 0 0 0 0 0 0 0 0 0 0 0 0 0 0 0 0.04 0.46 1.17 2.01 2.82 3.44 3.95 4.34 4.6 4.82 5 5.1 5.06 4.91 4.6 4.54 7.2 14.47 18.79 20.99 21.55 25.12 27.78 29.4 29.06 28.56 28.04 27.61 27.13 26.61 26.04 25.41 24.77 24.11 23.45 22.81 22.18 21.57 21.01 20.48 19.99 19.56 19.16 18.78 18.45 18.14 17.85 17.56 17.28 17.01 16.74 16.48 16.23
0 0 0 0 0 0 0 0 0 0 0 0 0 0 0 0 0 0 0 0 0 0 0 0 0 0.03 0.33 1.02 1.92 2.89 3.57 4.07 4.41 4.63 4.81 4.94 4.97 4.89 4.73 4.47 4.48 7.47 15.51 17.29 16.96 15.62 22.2 26.86 29.48 28.53 27.81 27.24 26.86 26.45 26 25.5 24.93 24.34 23.73 23.12 22.52 21.93 21.36 20.81 20.29 19.8 19.34 18.92 18.54 18.19 17.88 17.57 17.29 17.02 16.76 16.5 16.24 15.99
0 0 0 0 0 0 0 0 0 0 0 0 0 0 0 0 0 0 0 0 0 0 0 0 0.01 0.01 0.15 0.69 1.55 2.77 3.65 4.24 4.52 4.7 4.85 4.96 4.95 4.82 4.62 4.35 4.38 7.47 15.75 16.91 15.7 13.35 19.71 24.54 27.57 27.11 26.71 26.38 26.15 25.85 25.46 25.01 24.48 23.93 23.36 22.79 22.23 21.68 21.14 20.62 20.12 19.63 19.18 18.75 18.35 17.99 17.66 17.34 17.05 16.77 16.51 16.25 15.99 15.74
0 0 0 0 0 0 0 0 0 0 0 0 0 0 0 0 0 0 0 0 0 0 0 0 0.01 0 0 0.34 1.07 2.55 3.65 4.37 4.6 4.77 4.93 5.06 5 4.82 4.55 4.22 4.23 7.23 15.29 16.77 15.62 12.96 17.76 21.92 25 25.37 25.49 25.52 25.51 25.3 24.98 24.56 24.05 23.53 22.99 22.46 21.93 21.42 20.91 20.42 19.94 19.48 19.03 18.6 18.19 17.82 17.47 17.14 16.83 16.54 16.26 16 15.74 15.49
0 0 0 0 0 0 0 0 0 0 0 0 0 0 0 0 0 0 0 0 0 0 0 0 0 0 0 0.09 0.56 2.11 3.41 4.29 4.55 4.82 5.08 5.31 5.22 4.95 4.55 4.1 3.96 6.31 12.84 16.17 16.96 15.73 17.54 19.9 22.25 23.47 24.24 24.75 25.03 24.9 24.6 24.16 23.65 23.13 22.62 22.11 21.62 21.14 20.67 20.21 19.76 19.32 18.9 18.48 18.08 17.7 17.34 16.99 16.66 16.36 16.07 15.78 15.51 15.24
0 0 0 0 0 0 0 0 0 0 0 0 0 0 0 0 0 0 0 0 0 0 0 0 0 0 0 0 0.34 1.76 3.08 4 4.33 4.67 5.21 5.88 6.01 5.5 4.68 3.98 3.8 5.9 11.75 15.61 17.05 16.36 17.1 18.53 20.28 21.82 23.23 24.33 24.93 24.73 24.32 23.77 23.24 22.73 22.24 21.76 21.31 20.86 20.42 19.99 19.57 19.16 18.76 18.36 17.97 17.6 17.23 16.88 16.54 16.23 15.91 15.61 15.31 15.02
0 0 0 0 0 0 0 0 0 0 0 0 0 0 0 0 0 0 0 0 0 0 0 0 0 0 0 0 0.28 1.48 2.7 3.6 3.97 4.39 5.3 6.62 7.15 6.34 4.94 3.93 3.73 5.84 11.62 15.07 16.27 15.54 16.48 17.59 18.83 20.26 22.31 24.09 25.07 24.69 24.09 23.38 22.82 22.32 21.85 21.41 20.99 20.57 20.17 19.77 19.38 18.99 18.61 18.24 17.87 17.51 17.15 16.8 16.46 16.12 15.79 15.47 15.16 14.84
0 0 0 0 0 0 0 0 0 0 0 0 0 0 0 0 0 0 0 0 0 0 0 0 0 0 0 0 0.25 1.33 2.4 3.19 3.47 3.7 4.81 6.72 8.1 7.64 6.28 5.19 4.53 6.77 13.82 14.93 13.99 11.87 14.71 16.99 18.25 16.87 19.67 22.99 25.16 24.5 23.65 22.87 22.33 21.86 21.44 21.04 20.66 20.28 19.91 19.54 19.18 18.81 18.46 18.11 17.76 17.41 17.07 16.74 16.41 16.08 15.75 15.43 15.09 14.74
0 0 0 0 0 0 0 0 0 0 0 0 0 0 0 0 0 0 0 0 0 0 0 0 0 0 0 0.16 0.22 1.18 2.13 2.81 3.02 3.07 4.07 6.01 8.18 8.56 7.78 6.28 5.63 8 15.26 14.74 12.72 10.18 12.97 15.1 16.18 14.73 18.07 21.94 24.4 23.78 22.98 22.27 21.8 21.39 21.01 20.66 20.32 19.98 19.65 19.31 18.98 18.64 18.31 17.97 17.64 17.32 16.99 16.68 16.36 16.05 15.73 15.41 15.07 14.7
0 0 0 0 0 0 0 0 0 0 0 0 0 0 0 0 0 0 0 0 0 0 0 0 0 0 0.13 0.22 0.85 1.06 1.89 2.47 2.63 2.51 3.04 4.34 7.25 9.04 9.46 7.18 7.05 9.59 15.81 14.51 12.61 10.81 11.28 11.71 12.39 14.05 17.67 20.95 22.66 22.46 22.04 21.57 21.21 20.88 20.58 20.28 19.99 19.69 19.39 19.08 18.78 18.46 18.15 17.84 17.53 17.22 16.91 16.61 16.32 16.02 15.73 15.43 15.1 14.71
0 0 0 0 0 0 0 0 0 0 0 0 0 0 0 0 0 0 0 0 0 0 0 0 0 0.12 0.22 0.75 0.99 0.93 1.7 2.26 2.45 2.32 2.45 3.01 5.37 7.9 9.64 8.3 8.97 11.1 14.86 14.78 14.33 13.61 10.54 9.36 10.13 14.16 17.37 19.7 20.82 21.02 20.99 20.81 20.59 20.37 20.14 19.91 19.66 19.4 19.14 18.86 18.58 18.29 18 17.71 17.41 17.12 16.83 16.55 16.27 16 15.74 15.48 15.2 14.85
0 0 0 0 0 0 0 0 0 0 0 0 0 0 0 0 0 0 0 0 0 0 0 0 0.11 0.22 0.72 0.96 0.93 1.37 1.52 2.11 2.35 2.23 2.09 2.1 3.61 6.3 8.94 9.23 10.69 12.46 14.25 15.16 15.77 15.74 10.53 8.43 9.19 14.11 16.8 18.42 19.23 19.73 20 20.06 19.98 19.86 19.71 19.54 19.34 19.12 18.89 18.65 18.39 18.13 17.85 17.57 17.29 17.02 16.74 16.47 16.22 15.97 15.74 15.52 15.32 15.07
0 0 0 0 0 0 0 0 0 0 0 0 0 0 0 0 0 0 0 0 0 0 0 0.11 0.22 0.7 0.94 0.93 1.26 1.43 1.33 2.05 2.38 2.25 2.11 2.04 2.38 4.14 6.74 9.72 11.86 13.53 14.77 15.62 16.06 15.83 11.85 10.32 10.76 13.49 15.59 17.19 18.2 18.78 19.17 19.38 19.41 19.38 19.31 19.19 19.03 18.86 18.66 18.44 18.21 17.97 17.71 17.44 17.18 16.91 16.65 16.4 16.15 15.93 15.74 15.56 15.45 15.42
