NetLogoInput/pp3_60_flow.asc
NCOLS 132 
NROWS 191 
XLLCORNER -925625.5599279 
YLLCORNER -56596.530794814 
CELLSIZE 60 
NODATA_value -9999 
[rows 70 to 104 of 191, columns 0 to 77 of 132]
18.57 21.59 21.6 34.69 47.79 61.16 74.51 68.17 61.7 40.76 20.37 16.33 12.35 11.7 11.34 11.11 12.49 22.43 34.36 39.75 42.35 43.67 43.96 39.39 28.34 12.9 9.45 13.77 20.21 20.8 31.93 41.01 42.43 41.56 41.22 41.56 42.69 41.33 36.17 22.37 29.99 39.19 41.52 38.93 31.3 19.61 14.54 10.28 7.46 8.31 8.39 11.06 18.83 9.75 3.31 1.06 0.28 0 0 0 0 0 0 0 0.01 0.06 0.68 3.04 6.34 9.17 11.36 13.14 14.47 14.36 13.8 12.95 12.47 12.09
12.53 18.57 21.58 21.6 34.67 47.79 61.18 74.51 68.31 61.7 40.2 20.37 16.28 12.35 11.62 11.57 14.91 25.17 36.26 39.62 40.8 41.03 40.56 36.39 28.76 18.65 13.23 16.61 23.36 26.58 33.36 38.89 40.89 40.57 40.32 40.33 41.22 39.73 34.89 22.89 32.75 43.03 44.25 38.45 26.99 11.56 9.74 10.44 12.4 13.93 13.79 13.98 15.62 7.18 1.77 0.37 0.1 0 0 0 0 0 0 0 0.26 0.95 4.34 7.54 10.43 12.46 13.59 14.29 14.67 14.41 13.92 13.27 12.81 12.42
11.24 12.53 18.56 21.56 21.6 34.62 47.79 61.23 74.51 68.72 61.7 38.52 20.37 16.12 13.81 13.45 18.66 27.39 35.98 38.87 39.73 39.51 38.31 34.35 29.02 22.72 17.74 19.76 24.89 28.71 33.37 37.41 40.1 39.9 39.21 38.37 38.97 37.88 34.73 27.56 36.5 44.85 44.98 36.78 23.52 7.28 8.29 12.21 16.55 16.56 15.6 13.83 11.09 4.51 0.67 0 0 0 0 0 0.09 0.32 0.77 0.59 1.65 4.16 8.52 11.49 13.43 14.59 14.96 14.99 14.81 14.46 14.03 13.54 13.09 12.71
9.94 11.24 12.53 18.54 21.52 21.6 34.47 47.79 61.4 74.51 69.95 61.7 33.5 23.67 18.23 16.99 23.95 29.01 33.18 37.41 39.23 39.29 37.41 33.42 29.1 24.83 23.12 23.26 24.55 26.59 31.7 36.67 40.18 39.59 37.87 35.54 35.81 35.76 35.85 37.04 41.4 44.33 43.38 33.69 21.02 7.39 10.72 15.85 19.79 15.74 13.24 10.11 5.04 1.71 0.07 0 0 0 0 0 0.28 1 2.42 1.88 4.35 10.06 13.31 14.8 15.19 15.35 15.32 15.16 14.87 14.52 14.14 13.73 13.33 12.95
8.17 9.94 11.26 12.53 18.51 21.43 21.6 34.02 47.79 61.9 74.51 73.66 61.63 42.76 30.41 24.52 23.37 25.07 29.6 38.62 41.98 42.18 39.38 34.64 30.18 26.31 24.75 22.74 21.42 23.09 29.55 37.98 47.77 38.47 32.52 31.34 36.33 35.67 35.12 45.21 47.76 46.33 41.37 30.68 18.8 7.37 11 16.43 19.98 13.08 8.6 5.05 1.96 0.61 0 0 0 0 0.1 0.6 2.78 5.22 7.24 8.79 11.42 15.08 16.12 16.3 15.99 15.77 15.55 15.31 15 14.65 14.28 13.9 13.52 13.16
6.37 8.18 9.94 11.32 12.53 18.47 21.26 21.6 32.66 47.79 63.4 74.8 81.28 58.69 42.32 32.2 21.44 20.12 26.26 41.38 46.31 46.16 41.62 34.98 30.15 27.11 24.75 20.98 18.14 20.63 29.83 41.02 52.81 36.04 26.91 27.37 36.71 37.5 38.13 53.67 53.75 47.5 37.2 27.23 16.93 7.36 11.27 16.57 19.38 10.28 4.6 1.17 0.08 0 0 0 0 0.15 0.73 2.63 6.46 10.09 12.31 15.33 17.59 18.85 18.08 17.28 16.54 16.11 15.78 15.46 15.14 14.79 14.43 14.07 13.71 13.36
5.38 6.37 8.22 9.94 11.47 12.53 18.49 20.92 21.6 28.6 39.82 55.9 78.07 64.45 51.44 39.06 18.14 14.47 23.66 46.83 53.21 51.68 43.6 32.82 27.39 26.55 22.22 17.63 15.31 20.84 35.6 47.3 50.17 30.93 21.83 24.34 35.73 42.98 49.9 63.15 58.52 46.17 28.4 22.82 15.74 7.39 12.1 16.63 17.91 7.66 2.64 0.24 0.02 0 0 0 0 0.63 2.48 7.65 12.08 15.4 17.05 19.48 20.57 20.11 18.7 17.64 16.85 16.38 16 15.65 15.31 14.96 14.6 14.23 13.88 13.53
4.34 5.41 6.37 8.35 9.94 11.95 12.53 18.9 20.23 25.33 38.43 52.93 66.99 58.61 51.82 45.17 21.71 16.04 25.05 52.95 59.64 54.73 39 26.94 22.83 24.9 19.04 15.07 14.64 22.63 43.24 54.4 44.7 31.84 27.37 31.62 42.81 54.7 64.92 68.11 58.63 43.18 22.99 18.39 13.45 8.05 14.22 16.63 14.72 4.66 1.13 0 0 0 0 0.04 0.67 3.29 7.45 13.22 16.83 19.17 20.26 21.3 21.27 20.09 18.6 17.6 16.95 16.57 16.21 15.85 15.49 15.12 14.75 14.39 14.04 13.7
2.94 4.34 5.52 6.37 8.73 9.94 13.39 12.53 21.23 28.38 43.85 54.34 54.48 48.54 48.2 50.11 28.2 21.03 28.46 59.05 65.06 55.9 31.39 20.3 18.28 22.76 16.31 13.03 14.09 24.02 50.18 61.61 41.94 36.91 37.71 43.6 53.7 67.47 77.87 69.99 55.74 38.55 19.1 14.27 11.1 9.27 16.31 16.01 10.72 1.9 0 0 0 0 0.07 0.34 2.25 7.12 13.38 18.46 20.85 22.08 22.59 21.98 20.88 19.38 18.08 17.35 16.99 16.74 16.42 16.06 15.68 15.29 14.91 14.54 14.19 13.86
1.48 3.01 4.34 5.83 6.37 9.87 9.94 17.69 26.1 34.7 43.65 49.06 48.94 38.03 39.93 50.48 37.12 30.44 34.91 63.76 66.23 51.94 20.42 16.57 17.21 20.11 17.09 12.17 10.11 20.45 50.05 67.9 58.37 52.33 53.29 60.75 69.36 74.22 74.23 64.36 45.93 28.56 16.86 11.72 10.34 12.35 15.82 12.42 5.76 1.02 0 0 0 0 0.53 1.87 7.25 13 18.3 21.03 22.68 23.45 23.16 21 19.03 17.49 16.71 16.72 17.08 16.97 16.67 16.29 15.86 15.44 15.05 14.67 14.33 14
1.73 1.48 3.2 4.34 6.79 6.37 13.29 20.95 28.57 35.09 38.44 41.07 43.66 37.24 39.35 47.35 39.84 36.3 41.3 66.71 66.15 49.41 16.25 14.96 16.19 18.27 19.88 15.45 12.69 25.25 55.16 74.57 69.51 64.02 63.53 67.56 69.22 70.9 68.62 52.71 33.62 18.9 13.23 10.41 11 14.36 12.99 8.1 2.33 0.41 0 0 0 0.52 2.51 6.17 12.66 17.58 21.01 22.14 22.55 21.72 18.94 16.38 14.72 14.13 15.67 16.79 17.47 17.38 17.01 16.53 16.02 15.57 15.16 14.79 14.46 14.13
2.12 1.99 1.48 3.78 4.34 9.66 15.48 22.86 29.39 31.33 29.7 31.17 38.55 43.23 44.21 41.9 38.19 39.54 47.52 68.47 65.24 47.93 16.87 14.85 15.22 17.04 24.1 21.73 20.03 36.03 63.91 81.41 76.83 72.96 69.91 67.04 58.07 60.56 61.62 36.9 19.66 9.6 8.68 9.97 12.6 15.57 8.52 3.31 0 0 0 0 0.01 1.44 5.6 12.38 18.31 21.21 22.16 22.22 21.05 17.83 11.4 9.26 8.76 9.84 14.88 17.37 18.1 17.92 17.4 16.78 16.15 15.67 15.25 14.9 14.58 14.26
2.46 2.55 2.51 1.48 5.54 11.49 15.64 24.99 32.77 28.96 20.72 20.24 33.09 46.08 50.73 47.12 34.88 32.71 42.25 72.85 69.47 50.26 18.09 16.09 16.49 18.79 30.71 35.32 39.64 54.95 70.59 79.21 76.01 71.96 66.99 60.95 52.14 54.28 54.06 25.86 14.54 9.9 9.31 10.17 11.39 12.19 4.79 1.19 0 0 0 0.31 1.19 5.59 11.38 18.05 21.13 22.32 22.22 21.36 18.57 14.08 7.42 7.19 9.47 13.76 17.66 19.35 19.53 18.93 17.9 16.87 16.1 15.65 15.29 14.98 14.69 14.39
4.16 2.46 3.78 3.54 8.94 15.89 18.29 27.56 34.39 24.89 13.08 11.35 25.81 48.17 56.24 50.27 32.59 28.67 39.3 74.32 71.17 51.39 18.88 17.71 20.41 26 38.46 46.36 53.64 66.44 74.13 77.16 74.47 69.27 63.51 57.37 51.48 50.64 45.92 18.7 11.51 10.04 9.55 9.55 9.3 8.34 2.19 0 0 0 0.07 0.94 3.2 10.6 17.3 22.57 23.39 23.33 22.58 21.16 17.78 13.42 8.28 9.53 13.01 18.05 20.37 21.14 20.82 19.84 18.1 16.57 15.93 15.59 15.31 15.06 14.8 14.53
4.28 5.74 2.46 7.64 15.18 23.58 24.12 30.67 33.75 18.64 7.16 5.07 16.19 49.28 60.44 50.75 31.63 28.22 39.36 72.03 69.64 51 19.1 19.8 27.72 40.25 47.7 54.09 60.44 68.37 73.64 75.3 72.01 64.42 59.29 56.99 57.57 50.4 37.05 16.54 11.17 9.98 9.29 7.9 6.1 3.88 1.02 0 0 0 0.24 1.97 6.28 16.71 23.42 25.62 24.95 24.23 23.32 21.81 19.15 16.72 15.37 17.55 20.19 22.83 23.02 22.69 21.91 20.62 17.92 15.78 15.61 15.46 15.31 15.14 14.92 14.67
6.47 4.28 10.49 18.88 25.99 31.35 31.76 30.14 24.41 9.41 2.87 4.36 15.4 47.54 56.38 44.56 34.79 32.82 41.94 73.72 65.45 45.31 20.7 23.43 34.73 51.34 55.89 59.01 62.37 68.88 73.43 72.57 63.47 58.13 57.37 60.13 56.4 43.6 26.9 13.23 9.26 7.82 6.46 4.95 3.26 1.48 0.39 0 0 0 1.62 6.1 14.97 23.7 28.03 27.81 26.43 25.34 24.38 23.32 21.71 20.34 19.69 21.76 23.38 24.18 23.91 22.52 20.08 16.03 15 15.02 15.29 15.37 15.37 15.27 15.08 14.85
9.19 8.67 19.63 29.17 34.25 35.32 33.96 25.46 13.7 2.04 0 4.19 14.79 44.07 52.48 42.76 38.17 37.73 46.22 76 61.29 39.79 23.55 28.6 42.14 60.68 62.34 61.59 61.47 67.33 72.04 69.4 55.02 52.06 56.36 64.93 52.32 34.42 16.74 9.42 6.76 5.19 3.41 2.2 1.05 0 0 0 0.16 0.89 5.31 12.97 24.69 30.27 31.8 29.72 27.85 26.41 25.22 24.03 22.64 21.88 22.41 24.14 24.82 24.25 23.36 20.87 17.14 12.19 12.69 14.38 15.08 15.36 15.48 15.45 15.28 15.05
11.65 14.63 29.04 34.32 34.39 29.87 21.96 11.92 3.06 0.46 0 3.15 11.13 37.48 52.24 54.45 40.42 41.43 53.67 78.17 58.25 36.78 28.95 37 50.7 66.9 64.84 59.5 55.5 61.25 67.58 65.5 49.21 47.09 56.69 72.45 43.91 21.93 7.07 4.84 3.46 2.22 0.83 0.49 0.23 0 0 0 0.7 3.98 14.24 25.4 34.72 35.46 34.07 31.28 29.15 27.33 25.4 22.39 19.02 18.16 22.25 23.49 23.54 22.51 19.93 16.2 12.6 12.3 12.97 14 15.17 15.55 15.71 15.7 15.55 15.31
14.63 28.91 34.28 35.08 28.83 17.55 11.03 4.68 0 0 0.32 3.46 10.85 31.11 44.4 50.09 46.17 48.32 55.78 70.58 57.89 43.06 34.77 45.39 60.11 75.04 64.52 52.23 43.92 51.47 63.68 67.04 53.78 49.37 57.8 73.05 36.63 14.66 3.26 2.08 1.38 0.75 0.05 0 0 0 0 1.62 5.81 16.17 27.97 37.23 41.17 38.66 35.56 32.47 30.25 28.16 25.91 22.77 20.12 19.66 23.1 23.3 22.48 20.78 16.95 12.6 9.21 11.07 13.15 14.86 15.71 15.97 16.06 16.05 15.9 15.65
29.3 35.98 37.68 34.15 21.83 4.4 2.03 0.68 0.03 0.08 0.99 4.7 12.43 25.72 34.67 40.29 51.2 54.3 54.94 59.58 57.61 51.13 39.87 51.99 68.35 83.96 65.33 46.02 33.04 41.8 60.32 70.26 61.94 55.03 59.47 69.93 30.85 10.52 2.03 0.35 0 0 0 0 0 0.07 1.04 6.17 15.56 32.15 42.77 47.82 45.7 40.7 36.51 33.44 31.25 29.01 26.69 24.19 23.21 23.25 24.37 23.37 21.68 19.36 14.89 10.57 7.69 10.36 13.78 16.27 16.46 16.49 16.47 16.44 16.32 16.06
36.83 37.68 35.27 33.63 20.31 3.53 2.37 1.1 0.23 0.65 3.06 8.29 17.19 25.87 32.35 37.04 42.84 46.51 49.2 52.02 51.1 47.07 39.43 47.32 67.07 92.87 80.39 59.56 40.75 42.21 59.01 70.33 66.3 63.58 62.71 60.95 31.66 12.83 2.11 0.36 0 0 0 0 0 0.6 8.63 25.07 42.9 48.91 52.11 52.01 47.3 40.55 36.06 34.04 32.13 30.18 28.34 27.03 26.85 26.63 25.7 23.96 22 19.87 17.41 15.77 15.08 16.32 17.49 18.04 17.38 17.06 16.89 16.87 16.94 16.72
37.68 35.8 34.62 35.62 22.9 7.24 5.17 3.19 1.93 2.65 5.62 10.89 18.95 24.92 29.92 34.11 37.89 42.39 46.73 49.46 47.84 44.24 39.05 40.49 57.57 86.03 90.6 76.94 57.99 51.75 62.07 71.16 71.51 71.21 66.21 55.34 28.66 11.29 1.38 0.23 0 0 0 1.99 6.92 15 28.24 43.44 56.38 57.1 54.99 50.21 41.99 38.13 35.83 34.73 33.07 31.37 29.82 28.94 28.72 28.11 26.41 24.47 22.6 20.89 19.97 19.95 20.41 20.62 20.15 19.27 18.04 17.44 17.13 17.05 17.24 17.14
36.05 35.12 35.62 29.07 28.7 14.53 9.89 6.58 4.81 5.75 8.56 12.72 18.38 23.1 27.42 31.42 35.58 41.13 46.81 50.8 47.12 42.37 38.72 31.98 41.69 66.92 97.05 97.31 82.65 68.38 68.53 72.6 77.38 78.13 69.91 52.35 22.68 6.75 0.02 0 0 0 0 5.54 19.22 40.19 57.21 61.41 59.07 58.63 52.84 43.74 31.31 33.94 35.78 35.49 34.05 32.57 31.17 30.13 29.22 28.13 26.64 24.9 23.42 22.3 22.58 23.36 24.14 23.65 21.98 20.1 18.49 17.68 17.21 17.04 17.28 17.36
35.37 35.62 31.13 28.7 20.94 17.94 11.97 12.28 14.08 11.83 11.55 13.92 19.72 24.53 27.88 30.39 36.31 43.58 50.8 55.87 47.55 43.4 50.76 50.22 51.83 57.16 76.18 82.87 82.47 79.18 80.03 82.3 85.25 84.07 72.04 49.1 16.02 2.5 0 0 0 0.4 1.51 16.94 40.26 67.64 61.73 53.34 46.52 50.38 43.34 35.39 31.23 35.65 37.81 36.9 35.21 33.55 31.97 30.64 29.4 28.11 26.67 25.2 23.99 23.09 23.11 23.31 23.43 22.8 21.41 19.83 18.33 17.26 16.51 16.03 14.91 13.5
35.62 31.81 28.7 23.13 20.27 22.61 17.08 19.44 22.88 18.88 15.15 15.39 21.62 27.81 30.92 32.11 39.85 48.36 56.4 61.87 52.13 48.73 60.99 63.8 60.91 54.97 65.32 74.99 83.26 88.06 91.02 93.19 94.78 89.96 73.35 45.44 11.66 0 0 0 0 2.35 8.79 37.8 66.11 88.15 60.28 44.7 38.97 44.48 36.7 30.93 35.4 39.3 40.32 38.43 36.34 34.41 32.64 31.09 29.63 28.21 26.81 25.54 24.49 23.71 23.43 23.14 22.74 21.99 20.83 19.52 18.16 16.9 15.65 14.37 12.29 10.81
32.04 28.7 23.97 21.44 22.61 23.38 26.54 28.64 30.89 27.25 19.6 17.24 24.28 33.68 37.57 37.72 47.35 56.39 64.21 69.14 62.59 60.15 68.44 70.27 68 63.39 69.23 77.1 85.89 94.31 101.18 105.62 106.65 95.8 73.5 41.23 10.58 0 0 0 0 6.48 24.24 71.98 98.66 98.74 50.77 35.72 38.82 42.1 34.28 32.03 45.42 45.6 43.46 40.11 37.4 35.12 33.15 31.47 29.94 28.49 27.11 25.92 24.92 24.1 23.5 22.85 22.15 21.29 20.28 19.18 17.98 16.64 14.6 11.8 9.38 9.84
28.7 24.33 22.03 22.61 25.06 26.92 27.31 28.22 31.54 33.62 26.92 23.64 28.44 40.89 48.06 50.32 52.08 56.88 63.41 70.72 68.53 64.23 60.03 64.15 66.51 67.32 71.93 79.62 89.71 102.56 115.76 125.63 129.81 108.6 73.83 29.73 7.63 0 0 0 5.68 24.02 61.83 104.58 115.73 94.99 67.11 57.52 57.13 53.62 48.92 48.26 55.57 51.41 46.31 41.31 37.95 35.47 33.57 32.02 30.55 29.11 27.69 26.43 25.33 24.4 23.62 22.83 22.02 21.14 20.21 19.22 18.19 17.09 15.63 13.79 12.09 11.2
24.49 22.32 22.61 25.52 27.12 27.31 27.61 26.86 29.55 36.87 34.71 32.66 33.86 46.07 54.81 59.14 54.72 54.96 58.64 65.98 67.65 63.48 52.04 57.95 64.06 69.49 73.93 81.99 93.75 111.66 133.34 151.67 162.89 128.22 76.91 16.84 4.32 0 0 0 14.04 46.3 103.97 131.52 123.61 85.66 80.72 77.13 73.45 66.69 65.13 64.75 63.92 55.89 48.28 41.86 38.1 35.68 34.1 32.83 31.42 29.92 28.32 26.93 25.7 24.63 23.73 22.86 22.01 21.14 20.27 19.4 18.54 17.74 17.02 16.36 15.38 13.19
22.46 22.61 25.67 27.21 27.31 27.6 27.45 28.04 24.17 32.47 42.27 46.57 41.97 44.8 48.99 53.53 52.98 50.38 47.46 46.59 50.09 53.14 53.88 58.37 63.54 69.15 74.6 83.68 97.74 122.01 156.92 190.52 217.65 163.19 87.58 4.01 1.03 0 0 0 26.79 74.58 146.88 143.44 114.07 68.46 72.56 73.84 74.14 76.51 76.49 73.72 67.15 56.94 47.96 40.81 37.4 35.68 34.93 34.26 32.86 31.06 28.94 27.32 25.93 24.76 23.82 22.93 22.1 21.28 20.49 19.74 19.04 18.57 18.27 18.11 17.25 15.68
22.61 25.71 27.26 27.31 27.67 27.74 28.04 24.47 22.66 28.65 38.67 43.12 37.74 34.14 35.69 41.52 46.23 44.89 41.51 40.78 44.38 49 53.68 58.49 63.8 69.82 78.25 91.27 108.55 132.14 175.95 234.52 309.5 268.68 157.16 0 0 0 1.91 10.4 54.98 113.32 179.4 152.15 109.89 63.37 67.59 71.67 75.52 78.81 75.07 66.9 54.2 46.54 41.27 38.05 35.47 34.87 35.39 35.86 34.11 31.69 29.19 27.4 25.93 24.74 23.82 22.96 22.17 21.41 20.7 20.04 19.46 19.11 18.9 18.79 18.2 17.37
25.73 27.29 27.31 27.73 27.89 28.04 24.59 22.84 23.02 24.97 30 32.08 28.62 21 21.01 28.09 37.65 39.28 38.3 41 43.99 47.71 52.5 58.32 64.38 71.19 83.56 101.18 121.31 141.03 190.19 273.91 403.32 396.1 260.59 32.94 33.49 27.98 23.2 31.97 94.7 159.67 204.33 156.69 106.62 63.98 64.65 69.59 75.34 75.48 66.69 53.28 35.93 32.42 32.39 34.5 32.84 33.21 34.75 36.36 34.55 31.79 29.14 27.26 25.77 24.64 23.76 22.97 22.22 21.54 20.9 20.32 19.82 19.49 19.21 18.97 18.69 18.56
27.3 27.31 27.76 27.96 28.04 24.65 22.93 23.02 22.73 20.19 21.41 23.47 25.12 21.92 22.37 26.39 32.66 35.97 37.94 40.13 43.01 46.56 50.89 56.94 64.67 74.56 91.28 108.24 125.05 141.02 182.98 258.57 379.76 443.64 419.81 325.77 331.22 276.68 190.52 104.31 170.12 228.74 206.63 139.82 91.38 66.05 66.29 64.19 60.3 54.6 49.2 42.6 33.65 29.91 29.15 30.77 29.23 27.76 26.79 27.64 29.13 29.65 27.97 26.47 25.26 24.36 23.61 22.91 22.24 21.62 21.04 20.5 20.02 19.66 19.34 19.07 18.84 18.7
27.31 27.78 28 28.04 24.67 22.98 23.02 21.98 20.19 18.19 16.47 18.32 22.07 22.7 24.2 26.73 30.62 34.06 36.98 38.97 41.62 44.79 48.54 54.04 62.55 74.08 89.29 101.66 114.17 131.73 161.38 205.63 269.38 364.35 438.7 487.61 490.06 434.43 346.37 252.01 268.26 266.94 185.41 115.9 74.12 59.62 56.62 50.18 42.5 37.22 36.65 36.5 34.79 31.01 29 28.82 26.66 23.32 19.98 19.33 22.39 25.34 26.07 25.39 24.66 24.04 23.44 22.84 22.25 21.67 21.14 20.63 20.18 19.79 19.45 19.14 18.91 18.72
27.78 28.02 28.04 24.68 23 23.02 21.73 20.19 17.16 15.58 14.69 16.15 19.41 23.36 26.47 28.81 31.12 33.35 35.51 37.55 39.85 42.49 45.57 49.85 58.36 70.29 78.94 83.37 90.7 114.45 127.39 120.34 84.3 175.92 336.83 536.74 529.39 513.92 492.37 464.56 385.95 278.58 143.93 85.92 55.14 45.87 37.2 28.76 22.34 22.85 28.34 34.36 38.89 35.23 31.51 28.39 24.98 19.73 14.15 11.37 14.5 19.18 23.54 24.04 23.99 23.7 23.25 22.76 22.24 21.72 21.21 20.73 20.28 19.89 19.52 19.19 18.91 18.63
28.03 28.04 24.69 23.01 23.02 21.65 20.19 16.8 15.14 14.69 15.46 15.91 19.2 24.03 28.01 30.99 32.12 33.14 34.25 35.79 37.55 39.48 41.62 44.59 49.57 56.32 62.62 69.05 76.56 87.33 79.89 61.14 30.9 65.67 129.5 209.45 206.45 269.15 363.69 448.68 350.49 220.78 118.46 80.96 54.18 34.58 28.5 23.89 20.78 20.15 24.11 29.49 35.18 34.15 32.25 29.98 27.4 22.36 16.34 12.02 14.49 18.63 22.18 23.21 23.59 23.5 23.13 22.7 22.23 21.74 21.25 20.78 20.34 19.93 19.55 19.19 18.86 18.54
