NetLogoInput/pp3_corridors_90.asc
NCOLS 88 
NROWS 127 
XLLCORNER -925625.5599279 
YLLCORNER -56566.5307948138 
CELLSIZE 90 
NODATA_value -9999 
[rows 28 to 55 of 127, columns 0 to 62 of 88]
-9999 -9999 -9999 -9999 -9999 -9999 -9999 -9999 -9999 -9999 -9999 -9999 -9999 -9999 -9999 -9999 -9999 -9999 -9999 -9999 -9999 -9999 -9999 -9999 -9999 481.986511766385 553.667844123758 621.04022700181 697.966672120502 764.35270590174 803.116890038797 850.566797389443 907.516843151065 964.225249247913 1020.87125192429 1112.71433753593 1204.23631369837 1266.12672598686 1323.2379534894 1423.96646371224 1558.51571517922 1693.42771491238 1822.53111556964 1905.21647111069 1961.98823467816 2019.07099294234 2076.0106292785 2132.62794349675 2189.45784773817 2246.29717208821 2327.04614227165 2448.3467170019 2583.37925133787 2718.62258531336 2853.84606289196 2954.0060534992 3016.98459651471 3073.63356435415 3130.59731125621 3231.17336603669 3366.01824777194 3501.37259128881 3636.44701229488
-9999 -9999 -9999 -9999 -9999 -9999 -9999 -9999 -9999 -9999 -9999 -9999 -9999 -9999 -9999 -9999 -9999 -9999 -9999 -9999 -9999 -9999 -9999 -9999 420.675497815131 484.639845869747 552.770954851974 604.612183329757 692.049779981344 793.146586825735 891.961908769686 969.456245412227 1029.27639689013 1086.2385793099 1142.90830540812 1235.57197573771 1326.40244575411 1387.7965339854 1444.86336729428 1546.4816162738 1681.09289315194 1816.48415879406 1945.29853801757 2027.32002522049 2083.91294520926 2140.72190286391 2197.79754071398 2254.69588107304 2311.32761857915 2368.17702847439 2449.53647880191 2571.06178351157 2706.27872723444 2841.51369235492 2976.44310708033 3075.81303028466 3138.95690636805 3195.67158460998 3252.33846277624 3353.84863154361 3488.04904717422 3602.62034007191 3746.06243548218
-9999 -9999 -9999 -9999 -9999 -9999 -9999 -9999 -9999 -9999 -9999 -9999 -9999 -9999 -9999 -9999 -9999 -9999 -9999 -9999 -9999 -9999 -9999 367.051133165179 406.002516454005 478.711935362583 549.345007954346 591.376388138536 669.06241365417 774.844618690318 880.464747237793 981.796638589207 1082.7716679762 1184.78843681222 1262.26681766915 1357.85084171564 1448.21622458008 1509.73396786557 1566.51619995349 1669.02222124528 1804.14607849185 1939.33510880373 2067.75959637232 2149.08799915616 2206.00351473217 2262.61226980582 2319.45483978946 2376.5211093669 2433.38104596836 2490.02967189914 2571.7493682963 2693.93598601336 2829.18108720325 2964.1385714605 3099.05833135772 3197.70678810712 3260.60850713615 3317.66911493107 3374.35835466343 3456.98222717747 3573.47565968928 3621.93283434644 3880.9455420644
-9999 -9999 -9999 -9999 -9999 -9999 -9999 -9999 -9999 -9999 -9999 -9999 -9999 -9999 -9999 -9999 -9999 -9999 -9999 -9999 -9999 -9999 314.79535349319 344.741687441744 381.079378696978 465.733843648596 542.635453891554 586.6414918619 654.034711114962 751.079223962037 856.6395141328 962.865865623734 1067.2961795554 1175.26716661988 1295.049618513 1422.55315054105 1543.73916801505 1626.89603120797 1686.69771707729 1791.21068620109 1926.66341889701 2061.97400019181 2190.64551252662 2270.99480378184 2327.81297840415 2384.68697776285 2441.31422026314 2498.18725947526 2555.2419389534 2612.06630282447 2694.29196366545 2816.84826113474 2942.72631190148 3065.9317910556 3197.37301510313 3294.03257104436 3355.2651883278 3411.09086417679 3466.90197168271 3468.95682067753 -9999 -9999 3896.41678937937
-9999 -9999 -9999 -9999 -9999 -9999 -9999 -9999 -9999 -9999 -9999 -9999 -9999 -9999 -9999 -9999 -9999 -9999 -9999 -9999 -9999 238.470176044926 292.43438346074 317.60042275374 358.551847209167 441.989830703091 529.9652053532 579.963309821138 649.427550498691 734.438189618218 833.396097708429 938.242106749159 1044.97859606183 1149.12196811947 1261.93154971634 1391.30382663385 1500.46532447766 1630.61004181288 1764.04888601432 1916.64536080201 2053.12886583859 2207.02592847678 2321.29698367012 2388.94140965306 2449.2709331291 2506.53473716092 2563.37073441164 2620.01829881562 2676.91922548916 2733.95984542401 2810.16367758437 2922.63786599306 2990.48010378251 3082.11637815413 3212.91696348907 3309.22528749446 3370.15623505056 3425.74694587817 3481.39545402799 -9999 -9999 -9999 -9999
-9999 -9999 -9999 -9999 -9999 -9999 -9999 -9999 -9999 -9999 -9999 -9999 -9999 -9999 -9999 -9999 -9999 -9999 -9999 -9999 137.682917884333 217.034253274396 265.120986995658 294.800091540641 332.041071283339 419.745792998171 507.252747662854 568.183308401548 644.03622393426 729.420505721465 814.987454018388 915.064962608767 1019.7083002646 1126.83196107679 1230.74336126799 1345.41102622782 1468.22940171278 1603.47518067231 1742.43550406299 2304.9612769856 2271.11885525187 2548.23984977539 2491.106854845 2466.951342052 2564.52540843921 2628.00457866523 2685.25301982783 2742.05485245386 2798.72454642969 2850.21181069815 2873.29319506768 2944.48577887914 -9999 -9999 -9999 -9999 -9999 -9999 -9999 -9999 -9999 -9999 -9999
-9999 -9999 -9999 -9999 -9999 -9999 -9999 -9999 -9999 -9999 -9999 -9999 -9999 -9999 -9999 -9999 -9999 -9999 -9999 -9999 115.407015436948 190.541225467111 242.364797471105 267.966917055124 308.981010349734 394.427487717837 484.474624553582 546.447450762052 633.690336206468 724.473259343237 809.060854508895 895.355076615002 997.14615180237 1101.64022126958 1209.02975802124 1312.40284540212 1428.94872690285 1560.6811716257 1717.27107083255 2388.06768220224 2287.1759050562 2299.80678739856 2378.32037957439 2494.87718751615 2649.34098171193 2743.92177261276 2825.48272033278 2905.03321257996 2925.21995136583 2918.47520809276 -9999 -9999 -9999 -9999 -9999 -9999 -9999 -9999 -9999 -9999 -9999 -9999 -9999
-9999 -9999 -9999 -9999 -9999 -9999 -9999 -9999 -9999 -9999 -9999 -9999 -9999 -9999 -9999 -9999 -9999 -9999 -9999 71.9572379140331 88.2691343938877 168.511326830073 215.577916334161 244.69815529744 282.856187342655 371.590855190535 459.338408456902 522.915817498504 613.384592836863 714.494775205731 804.238793591483 888.404891521614 976.082122202561 1079.15360977458 1183.41051530549 1290.41522572311 1394.69210176019 1534.56666031098 1689.7621579694 2005.61965350289 2059.10991468466 2132.73640144649 2311.71723352164 2500.71050601593 2684.33743812028 2830.72952045087 3048.08211828521 3193.03277488363 2965.36586843944 -9999 -9999 -9999 -9999 -9999 -9999 -9999 -9999 -9999 2060.94384765625 2008.25279006408 1992.56872396587 2024.43200002849 2007.34155273438
-9999 -9999 -9999 -9999 -9999 -9999 -9999 -9999 -9999 -9999 -9999 -9999 -9999 -9999 -9999 -9999 -9999 -9999 349.285439707621 71.1958405002774 72.9301644387955 143.091234832727 192.295730263528 218.448408898302 259.38457223754 346.947598400132 435.871351757144 497.852475008897 589.904289400413 695.261643984889 794.913276087242 884.334624428811 967.787266277678 1056.99510518114 1160.78731434222 1265.32079170036 1391.64784402579 1520.04145401447 1648.58646801307 1782.32237431402 1942.80245748905 2150.41805255132 2325.31601827422 2502.89944102646 2691.89239125742 2858.74987284516 3141.50227706009 -9999 -9999 -9999 -9999 -9999 -9999 3497.43896484375 3283.97807260777 2608.69574174328 2122.04485905543 2051.56365926256 2039.83164909367 1992.08312482379 1978.20954120142 1990.23190569729 1975.69520129006
-9999 -9999 -9999 -9999 -9999 -9999 -9999 -9999 -9999 -9999 -9999 -9999 -9999 -9999 -9999 -9999 -9999 510.469096673518 234.831248686098 69.8627242646694 70.0866298932939 127.042903482646 166.717944480484 194.590736622081 233.933353251609 323.850490874732 411.108533799066 473.789571371787 565.967867259818 671.609112901955 777.063004346526 875.534966634837 964.051146935908 1047.07244038211 1138.00543238298 1259.0290063827 1389.04922497075 1505.69410666983 1611.72055655842 1756.51526382703 1951.05518706969 2425.5712789233 2431.85310264024 2533.92920182213 2704.89708959519 -9999 -9999 -9999 -9999 -9999 -9999 -9999 4128.25634765625 3618.52772247513 3163.9739056369 2537.83337872535 2097.19064149276 1999.8033183558 1961.27159110277 1933.48621564999 1927.36467390284 1926.5034327007 1923.45306360295
-9999 -9999 -9999 -9999 -9999 -9999 -9999 -9999 -9999 -9999 -9999 -9999 -9999 -9999 -9999 -9999 356.887163065741 132.070868580716 80.1569942794751 66.422567304401 70.0282580682879 124.0958020868 148.206025098686 169.545750090634 209.771146034566 299.506160214275 387.074308007784 449.150682705091 542.294554452019 647.648977025072 753.232392247714 858.777890471365 955.817284939601 1044.13351114902 1140.87849296066 1259.3983592163 1375.45927607797 1482.23490902287 1608.0303335195 1760.48390061068 1951.40240140091 2376.58888769087 2479.14825717772 2785.82933658588 -9999 -9999 -9999 -9999 -9999 -9999 5408.248046875 5342.05307978363 4462.40265682697 3291.18369485373 2705.11991241038 2291.62209504542 2003.78227331969 1898.72508992774 1864.99496696035 1857.27700047198 1856.38607235 1855.52569821444 1854.66540781929
-9999 -9999 -9999 -9999 -9999 -9999 -9999 -9999 -9999 -9999 -9999 -9999 -9999 -9999 -9999 640.164967036661 248.592102908009 23.4959131062635 25.1805776926042 54.5060045299848 68.6059575202346 124.703101663091 143.366045679267 149.537835509276 185.411912305562 275.669488109863 362.986231318826 537.143912967577 726.295568842088 676.951229437456 729.433694223199 835.24429308121 940.668339223969 1241.51398848633 1309.28918638141 1278.1778931326 1354.33835387232 1475.19441314419 1626.15705302001 1787.08508015192 1951.22884687138 2181.5250457746 2675.347844303 3081.2392578125 -9999 -9999 -9999 -9999 -9999 4964.60788194876 5034.91393727903 5326.72535052112 4383.23152604635 3032.80326840701 2356.94465723206 1970.04169400788 1837.86275023736 1797.3016936429 1787.46425865147 1786.27638847911 1785.41623996805 1784.55621957479 1783.69627222419
-9999 -9999 -9999 -9999 -9999 -9999 -9999 -9999 -9999 -9999 -9999 -9999 -9999 -9999 -9999 322.144979983843 102.674815597119 12.0427540674952 4.26904269055832 28.0427517954883 58.5554902786369 124.341906899924 143 143.505605518719 164.243970296893 252.255461169443 338.761132347559 641.610208379872 943.584600922215 720.710956231071 708.173482145756 811.309869342741 917.409270427372 1466.0291854251 1483.08971975625 1303.58924057842 1352.79687601066 1493.49672716232 1651.88021426766 1829.04958798207 2013.27817678005 2472.81724947333 2911.93725585938 -9999 -9999 -9999 -9999 -9999 5665.57333443299 4735.70547075629 4059.73023419342 2576.99742250378 1622.81381519705 1618 1649.85827416447 1680.32544162127 1705.2540488415 1716.02205284007 1716.08386171 1715.21751858901 1714.35123167957 1713.48502831574 1712.61894158514
-9999 -9999 -9999 -9999 -9999 -9999 -9999 -9999 -9999 -9999 -9999 -9999 -9999 -9999 607.503752955091 224.332810478222 85.6509145033389 28.4223988723566 4.94922554066726 4.39642442477914 33.2988353297175 116.235333268681 141.974201271836 143 156.980367368209 230.356428804148 315.261844714103 533.370392201377 767.007627654039 667.419814100125 694.213759864551 789.575027527742 1044.59595733318 1417.95265042216 1372.83794329523 1295.85568608109 1392.01121467112 1525.05462594885 1681.51902985786 2073.46149255624 2398.14316097941 2795.97143554688 -9999 -9999 -9999 -9999 -9999 5582.17656609688 5367.73555292429 4392.28993274774 2645.73291578223 1730.14005553527 1616.73974762243 1612.03687417625 1631.8459832968 1645.41830936755 1646.46891171411 1645.60667793534 1644.74457145546 1643.88247791315 1643.02051388084 1642.15860305466 1641.29677241725
-9999 -9999 -9999 -9999 -9999 -9999 -9999 -9999 -9999 -9999 -9999 -9999 -9999 825.803487935539 387.723570457391 215.124508647695 107.115355323277 55.0815674685274 177.618880068287 52.3769900022172 13.9426720121645 249.326469321368 175.893848993836 142.193360726317 156.544281780373 222.18348475107 292.208685145482 364.375316237906 468.442818061407 570.592661562484 681.733401037776 888.881637239155 1421.61917828368 1383.55323449738 1197.62395643791 1293.37791011585 1440.28731782496 1577.60437182303 1712.13229729458 2261.41601613289 2939.36865234375 -9999 -9999 -9999 -9999 -9999 6164.47198266183 4989.56596188904 4165.71101765643 2799.20008702221 1544.80887016427 1591.27943087966 1581.34679019628 1578.0034241266 1577.1446245749 1576.28586246028 1575.42720335353 1574.56856943411 1573.71005077233 1572.85158397624 1571.99320967336 1571.13492664251 1570.27673043624
-9999 -9999 -9999 -9999 -9999 -9999 -9999 -9999 -9999 -9999 -9999 -9999 1140.76078635789 502.431114201223 299.969326910098 212.252046193471 262.964006295833 257.678780419778 478.312823406399 130.556045865523 17.0016573501941 433.362662727533 217.280483877515 137.836617758371 156.143098072516 222.315779033559 281.970463594708 328.220218123694 422.977952111725 529.172446892304 650.238460917586 1027.70043364791 1485.6621336856 1464.92528764865 1429.55949286229 1426.0212695834 1513.65123024866 1651.57305666541 1785.46986868181 1881.09340430004 -9999 -9999 -9999 -9999 -9999 -9999 6046.60872329958 4426.40377779585 2630.73996920966 1613.43349036711 1488.97291846875 1504.76379865544 1508.01612260416 1507.15253710682 1506.28906114467 1505.42561239602 1504.56226665524 1503.69897590454 1502.8357741418 1501.97270316605 1501.10967382363 1500.24666463553 1499.38385686285
-9999 -9999 -9999 -9999 -9999 -9999 -9999 -9999 -9999 -9999 -9999 2296.95324593825 1054.43667807754 454.286578497845 295.705925487317 211.72370397183 671.850061732792 846.411175467809 446.878283577032 193.494631370948 33.7995390068751 83.2169897274366 114.335856415748 128.36630795695 152.589628592392 222.768162977486 281.701889048499 368.404768660682 490.425503203749 589.614629037852 693.876107121108 763.246582830182 918.082568606297 1510.93304895189 2099.70753081529 1785.779912698 1784.39206508099 1823.54925529125 1879.6184125461 -9999 -9999 -9999 -9999 -9999 -9999 -9999 -9999 -9999 1383.77661291886 1455.37610524055 1441.94767187564 1437.76193795235 1436.90409027331 1436.04637359083 1435.18871029216 1434.33106883753 1433.47351422568 1432.61608825496 1431.75868134668 1430.90139582091 1430.04424461522 1429.1871056593 1428.33008732442
-9999 -9999 -9999 -9999 -9999 -9999 -9999 -9999 -9999 -9999 2990.80730019556 1887.39675068885 960.654358367525 480.969309297822 315.318372547456 214.757267305519 824.170763700241 1145.69380628549 760.002335334625 728.196052742692 141.305980056965 5.72324092548566 71.612457077509 114.287729047053 143.671158403488 220.592258550971 282.011168632109 510.618944156706 722.464043184027 795.63609945657 894.582160673479 850.201895531358 971.711136365782 1561.02611546539 2245.68871517088 2053.12270637078 2444.5491254568 2098.03097933189 -9999 -9999 -9999 -9999 -9999 -9999 -9999 -9999 1263.52134833986 1305.34515552934 1335.97233024645 1363.42502971551 1367.84272938585 1366.97795192867 1366.11321162317 1365.24858468209 1364.38405325875 1363.51960814598 1362.65518877658 1361.79089794909 1360.92660907581 1360.06246087189 1359.1984255226 1358.33440435702 1357.47053196346
-9999 -9999 -9999 -9999 -9999 -9999 -9999 -9999 -9999 3152.27616435787 2531.50875599583 1298.00104455882 649.396316651113 457.100418579345 351.464179637682 231.506187918412 730.279410533086 1154.05522270818 587.912049032802 748.874795404504 146.750318442303 5.37892009493933 63.8687824206129 86.1330311947702 131.369120825049 213.57536794198 281.246041357771 332.115461806933 412.886432519598 526.828077826405 711.555958458985 1236.48445667478 1389.30635011469 1747.70045679017 1953.69766613664 2423.7926157682 2897.79304939592 -9999 -9999 -9999 -9999 -9999 -9999 -9999 -9999 1230.81889741201 1259.88400162021 1292.89243359765 1298.37286955861 1297.51592832152 1296.65905357782 1295.80230508817 1294.94561241026 1294.08900436558 1293.23253064096 1292.37609435344 1291.51967148064 1290.66344172876 1289.80715989914 1288.95109545906 1288.09504375711 1287.2390151791 1286.38320448406
-9999 -9999 -9999 -9999 -9999 -9999 -9999 -9999 -9999 2505.99346869035 1797.06276634717 912.626962327655 467.47679121077 405.120017017199 367.861047972384 269.606356398454 313.480227423081 816.20233546675 384.991659327309 215.377807477206 33.3878457376263 5.45904701410903 63.9965119941479 75.8803324220777 103.079795592299 204.380459852974 276.863952753193 315.109217274752 386.145862320502 798.891717865626 1456.90195919427 1892.89434422028 2055.20379227546 2285.87727595954 2212.66475618651 2736.64238290102 -9999 -9999 -9999 -9999 -9999 -9999 -9999 -9999 1168.32753246852 1222.73963628737 1229.40568266266 1228.53952745707 1227.67342843318 1226.80745760075 1225.94156030351 1225.0757345267 1224.20996643662 1223.3442800928 1222.47872447036 1221.61321428861 1220.74780119188 1219.88241120171 1219.01714599074 1218.15200614109 1217.28687299048 1216.42177214984 1215.55689494045
-9999 -9999 -9999 -9999 -9999 -9999 -9999 -9999 1357.24872243981 1513.02004398572 1001.50957574952 501.426302858606 351.604364491076 338.375685315226 332.446696173409 292.166568837401 239.137616675348 307.138457897954 213.183969939482 94.8121063556404 11.5856784092284 5.53917122035375 64.784020927033 75 90.9311134566751 156.597063737655 221.394086593545 306.982226113135 387.009210385122 840.643535989724 2055.58841482402 2486.76258865516 2254.72076819448 2226.25798861642 2236.72304947481 -9999 -9999 -9999 -9999 -9999 -9999 1121.0231507548 1044.97967008048 1092.69109323643 1151.98146969762 1158.97725855034 1158.12127853945 1157.26535078609 1156.40950053374 1155.55371041509 1154.69805461651 1153.84246075455 1152.98694540093 1152.13148269565 1151.27610909698 1150.42086511827 1149.56565856498 1148.71044995563 1147.85547119452 1147.00051830852 1146.1455751311 1145.29076200227 1144.43606550666
-9999 -9999 -9999 -9999 -9999 -9999 -9999 343.431147504538 511.699529136657 538.354700634748 409.173001109588 284.737513853024 268.195622011122 267.164144455513 266.22827099726 259.353570841793 248.093301192865 229.245274289634 189.067171232716 127.299954896748 16.5049852514327 5.61929297090163 65.5715057238513 75 90.0614169657045 142.730723912214 189.599486074817 295.780195964923 386.751423416954 848.083278642341 1735.35850292897 2167.48567523054 2651.96303550248 3064.38967658837 2472.14947004033 -9999 -9999 -9999 -9999 -9999 -9999 1121.0231507548 1044.97967008048 1081.12478456585 1089.13049746219 1088.3661438415 1087.49913312153 1086.6322936956 1085.76545528376 1084.89867700562 1084.03203304756 1083.16545102611 1082.29894751301 1081.43257725131 1080.56625114753 1079.69992673982 1078.83380614185 1077.96762752773 1077.10166060713 1076.23571956165 1075.36990448218 1074.50410319386 1073.63841853877
-9999 -9999 -9999 -9999 -9999 -9999 952.252480731103 676.950922682205 353.603655971158 314.818087047604 582.865780555515 864.677366116591 569.873098257536 327.347736152172 303.236196703304 303.665889942368 303.837955458975 301.331905482855 820.194148591031 809.791067429051 587.866395211057 129.656685499769 684.497208950017 665.860613532288 290.356550549199 547.016366821154 228.6370568472 265.444279487213 394.863336098805 897.294327378488 2114.11234657802 2494.57753236318 2334.24655489693 2842.64525557872 3092.2061408393 -9999 -9999 -9999 -9999 -9999 1055.89051455969 1027.93460207334 1016.82248767776 1018.17575885827 1017.80211455212 1016.93490755212 1016.06781218997 1015.20081285616 1014.33388899517 1013.46702526788 1012.60026472729 1011.73357103204 1010.86694518052 1010.00043030237 1009.13395898619 1008.26757871617 1007.40128868459 1006.53505822698 1005.66895777938 1004.80287104878 1003.93691438033 1003.07102221016 1002.20520018059
-9999 -9999 -9999 -9999 -9999 1743.88332615098 1267.06031225802 698.062242949346 412.347108278074 384.142268721875 825.804095079188 1271.36808448538 809.911263171923 419.512827941356 373.021632482805 765.145696534478 512.007291437678 866.357603218573 1450.99691341523 1047.10952556405 277.589813122816 541.226530493909 869.53446325933 901.251780049211 593.788196218409 246.411035571238 178.017476726863 505.624897771045 782.233338570724 941.483871508829 1812.91330780102 2233.2624942511 2290.1841012248 2826.6212354219 -9999 -9999 -9999 -9999 -9999 984.285217285156 959.330217917618 949.690650571129 948.177535874084 947.320540826046 946.46365058879 945.606795985709 944.750054823176 943.893383403184 943.036804653363 942.180298574123 941.323862521431 940.467521256683 939.611247151974 938.755044771788 937.898907006231 937.042882823129 936.186895507709 935.331012797651 934.475211966903 933.619472447479 932.763863767603 931.908273334582 931.052802087884
-9999 -9999 -9999 -9999 1245.17624133406 1346.59339524657 1019.4765094425 654.462038276388 710.050726327363 750.121839859456 701.110736784866 1094.26454916851 844.447140272684 515.727113258843 848.712178639127 1314.4322694586 1151.26830701133 1489.87391368203 2199.17162758556 1147.8595758656 125.743155462449 180.031127013469 282.073572040874 315.12200004323 221.57062103932 116.663393720124 167.160048288453 323.831836842319 756.94485099294 1402.8649413768 2027.62674964837 2323.99721932879 2329.26868053561 2315.77320496316 -9999 -9999 -9999 -9999 912.21728515625 891.455147167392 880.156178775059 878.376392776597 877.510873476328 876.645386184841 875.780003704135 874.914656857604 874.049423451621 873.184277425047 872.319213863681 871.454212620984 870.589307137668 869.72447362947 868.85970728131 867.995008093188 867.130414388433 866.265911183707 865.401469565249 864.537101632921 863.672802342584 862.808621467013 861.944522836731 861.080483119235 860.216519629088
-9999 -9999 -9999 -9999 1217.83464813579 1082.07433055218 904.152507177065 732.888898075164 754.708512501313 749.727182227651 596.703721971132 731.596457548845 666.023184716201 564.827215184999 1164.60664719024 1923.03133203596 1726.48781190306 1582.96305241898 2426.06963869347 1160.08937830694 92.8422280430843 21.7011251209473 45.2656440674961 87.5735608425596 88.6198836228592 95.4714274484884 359.733125080932 896.955710153515 1296.28132897724 1918.02728490002 2384.9097841976 2426.92310136021 2342.61479052151 -9999 -9999 -9999 -9999 839.394226074219 823.330653198371 810.091911968546 812.763994910403 864.078463708771 882.81128142824 865.535972019207 810.496305310683 803.710118031203 802.852336045785 801.994626083096 801.136985951499 800.279411552868 799.421937626654 798.564555539022 797.707240611428 796.849992843871 795.992821452983 795.135759626801 794.278736393634 793.421813768426 792.564965898655 791.70819751551 790.851548341505 789.994922639563 789.138410569981
-9999 -9999 -9999 1879.82291114452 1606.17652890556 1141.74171594675 1109.44929922943 1097.0617871412 790.432666066765 723.850240534932 644.499825593554 901.442330710787 820.704990469786 662.355393680401 1288.62757008693 1809.54244548734 1809.73637533533 1060.48687213304 887.123783220453 398.661024223919 29.910647774412 0.147042224721717 3.97888557515254 120.651671611308 456.794380495964 281.160544814027 899.544724756926 1771.50060287736 2668.66113041302 2785.81469193705 2588.66051753487 2454.54224983063 -9999 -9999 -9999 -9999 766.649597167969 755.421209326179 741.014326054362 738.144227354461 796.799403672375 1407.1350337533 1510.14129238557 1245.50772558945 773.389224908065 732.94676601806 732.082695525622 731.218692193222 730.354776254662 729.490932740818 728.627164017822 727.76349342317 726.899889988556 726.036385420876 725.172930331724 724.309576818718 723.446293208668 722.58308728215 721.719994085349 720.856927420889 719.993991154816 719.131108796902 718.2683082203
-9999 -9999 2067.45099366704 2083.90121477385 1962.30321719462 1277.23970312472 1326.46644794161 1350.22747500585 847.257606570142 793.833230210965 975.927659675254 1369.74914182325 1041.14896384191 762.875463547917 1278.56133836734 1545.38297358926 1080.57797585228 622.0285227803 340.092765174267 170.626800697815 38.9479523421977 1.98144851263182 0.256380336581242 63.0623518448208 272.428517927027 343.541962913962 1403.56810623567 2804.55311439021 3649.33639291002 3279.63210525987 2772.13845952393 2676.70107684704 -9999 -9999 -9999 753.218505859375 696.183727039341 671.566436718602 667.902693744333 666.967681030629 710.362555310827 1443.5899229307 1440.71551197936 891.859113606922 677.688242958475 661.813045572091 660.954222763789 660.095467115524 659.236786683828 658.378175508416 657.519654469555 656.661231559038 655.80287580856 654.944599842912 654.086383997022 653.228278168152 652.370219017236 651.51225647688 650.65438497728 649.796564460913 648.938833734727 648.081213682222 647.22365458469
