NetLogoInput/pp3_90_flow.asc
NCOLS 88 
NROWS 127 
XLLCORNER -925625.5599279 
YLLCORNER -56566.530794814 
CELLSIZE 90 
NODATA_value -9999 
[rows 36 to 71 of 127, columns 0 to 80 of 88]
11.52 11.51 11.68 11.86 15.33 18.79 21.24 23.68 25.33 26.95 22.54 20.48 19.86 25.99 31.74 28.15 22.25 28.04 31.49 42.79 38.54 34.47 31.75 29.55 27.54 25.51 23.39 21.39 19.71 18.41 17.43 16.5 15.35 13.98 12.58 11.39 10.47 9.65 8.71 9.27 10.32 10.27 9.09 9.27 8.87 7.29 2.17 0.29 0 0 0 0 0 0.01 0 0.01 0.05 0.83 1.89 2.53 3.1 2.85 2.79 0.56 0.13 0.12 0.13 0.13 0.17 0.95 4.19 4.62 7.33 7.32 7.1 6.65 6.65 6.61 6.52 6.52 6.61
11.54 11.52 11.51 11.68 11.86 15.33 18.79 21.25 23.68 25.36 26.95 22.86 21.1 19.86 26.38 31.74 30.46 22.25 30.39 37.85 36.21 33.7 31.7 29.92 28.14 26.22 24.22 22.2 20.35 19.19 18.56 17.82 16.53 14.73 12.86 11.51 10.71 10.08 9.49 9.33 9.25 6.04 8.25 8.8 6.18 2.11 0.05 0.01 0 0 0 0 0.09 0.25 0.17 0.41 1.34 2.56 3.51 4.2 4.57 4.48 5.09 5.82 5.21 5.08 5.2 5.46 6.1 7.44 6 7.33 7.3 7.09 6.65 6.65 6.61 6.52 6.52 6.61 6.8
11.54 11.54 11.52 11.51 11.68 11.86 15.33 18.79 21.28 23.68 25.45 26.95 23.54 22.34 19.86 27.54 31.74 37.41 32.53 33.69 33.57 32.59 31.52 30.33 28.93 27.56 26.45 23.68 20.42 19.3 20.07 19.59 18.27 15.66 12.4 11.01 10.99 10.59 10 9.36 8.28 6.85 7.97 4.43 1.9 0.19 0 0 0 0 0.01 0.17 0.54 0.47 0.55 0.96 2.12 3.6 4.57 5.02 5.25 5.39 6.15 7.2 7.43 7.45 7.6 7.86 8.25 8.29 7.33 7.27 7.08 6.65 6.65 6.61 6.52 6.52 6.61 6.8 6.84
14.99 11.54 11.54 11.52 11.51 11.69 11.86 15.35 18.79 21.38 23.68 25.71 26.95 25.01 24.81 19.86 31.04 37.83 33.54 31.67 31.51 31.6 31.48 30.95 29.99 29.38 29.72 25.44 14.91 21.12 22.76 21.67 19.8 14.28 9.23 11.05 11.66 11.2 10.54 9.7 8.43 7.31 4.33 1.13 0.21 0.01 0 0 0 0.06 0.34 0.45 0.2 0.15 0.18 0.46 3.38 5.89 5.79 5.84 5.95 6.1 6.54 7.13 7.48 7.65 7.79 7.93 7.99 7.78 7.22 7.07 6.65 6.66 6.61 6.52 6.53 6.62 6.8 6.84 6.88
21.88 14.99 11.54 11.54 11.52 11.51 11.69 11.86 15.4 18.79 21.66 23.68 26.5 26.95 28.43 29.76 34.09 35.26 32.2 29.96 29.84 30.85 31.84 32.05 31.43 31.04 31.51 25.54 10.14 25.54 26.26 23.64 19.71 11.32 7.64 12.57 12.54 11.86 11.43 10.2 7.51 4.14 1.24 0.15 0 0 0 0.01 0.14 0.32 0.43 0.19 0.02 0.12 1.7 5.01 7.44 7.68 6.89 6.68 6.64 6.71 6.91 7.2 7.44 7.61 7.72 7.76 7.69 7.47 7.09 6.65 6.66 6.62 6.52 6.54 6.62 6.8 6.84 6.88 6.88
48.61 21.88 14.99 11.54 11.54 11.52 11.51 11.7 11.86 15.55 18.79 22.52 23.68 28.87 26.95 37.15 36.09 32.81 29.02 27.39 27.98 30.14 33.06 34.35 33.25 32.41 31.27 25.09 16.47 28.57 28.75 24.93 17.1 8.72 10.35 13.83 12.75 12.01 11.59 7.79 4.22 1.41 0.19 0.01 0 0 0.01 0.12 0.28 0.34 0.51 1.71 3.27 4.85 6.88 8.63 9.32 8.61 7.79 7.42 7.26 7.23 7.29 7.41 7.53 7.63 7.67 7.64 7.53 7.31 7.02 6.68 6.65 6.52 6.57 6.64 6.8 6.84 6.88 6.89 6.97
75.34 48.61 21.88 14.99 11.55 11.54 11.52 11.51 11.74 11.86 16 18.79 25.07 23.68 35.98 40.87 37.36 30.14 22.39 24.62 28.09 25.16 36.02 37.76 35.43 33.95 31.74 27.38 25.29 28.99 29.05 23.53 11.51 9.76 14.59 13.12 12.1 11.37 9.87 5.47 1.79 0.3 0.01 0 0 0 0.02 0.18 0.44 0.2 1.37 5.16 6.84 8.59 9.78 9.92 9.66 9.03 8.4 8 7.78 7.67 7.63 7.64 7.67 7.68 7.66 7.58 7.45 7.24 6.99 6.74 6.52 6.62 6.67 6.8 6.85 6.88 6.89 6.97 7.14
61.18 75.34 48.61 21.88 14.99 11.55 11.54 11.52 11.51 11.85 11.86 17.36 18.79 32.74 42.19 44.69 35.04 22.86 16.33 24.49 24.21 23.61 39.12 40.58 37.64 35.87 34.23 31.35 29.31 28.1 26.83 20.3 12.13 13.09 12.31 11.27 12.7 10.61 7.38 3.33 0.62 0.03 0 0 0 0 0.01 0.11 0.61 2.44 5.65 8.37 8.94 9.87 10.33 10.14 9.75 9.28 8.82 8.46 8.2 8.04 7.93 7.87 7.82 7.77 7.69 7.58 7.43 7.25 7.06 6.88 6.72 6.74 6.8 6.86 6.88 6.9 6.98 7.14 7.15
47.01 61.18 75.34 48.61 21.88 15 11.56 11.54 11.51 11.51 12.17 11.86 21.42 40.12 46.78 46.44 27.96 13.24 14.84 22.71 20.39 31.32 40.87 41.68 39.34 37.59 36.94 34 25.5 29.29 21.07 20.74 16.16 12.76 7.59 11.45 12.77 7.95 4.36 1.29 0.13 0 0 0 0 0 0 0.07 1.47 7.07 9.41 10.22 10.09 10.31 10.4 10.22 9.9 9.53 9.15 8.82 8.56 8.35 8.2 8.08 7.97 7.87 7.75 7.62 7.48 7.35 7.21 7.07 6.93 6.8 6.89 6.88 6.93 6.99 7.14 7.16 7.23
33.01 47.01 61.2 75.34 48.62 21.88 15 11.57 11.54 11.5 11.51 13.14 25.46 44.08 48.19 44.81 23.11 9.24 13.6 16.79 26.99 38.42 41.72 41.8 40.89 38.44 36.45 33.26 25.07 32.78 21.13 20.73 14.14 10.01 8.05 12.63 9.41 4.12 1.66 0.22 0 0 0 0 0 0 0.47 3.81 7.19 11.35 11.33 11.17 10.87 10.73 10.61 10.39 10.1 9.77 9.43 9.12 8.86 8.63 8.44 8.28 8.13 7.98 7.83 7.71 7.61 7.51 7.38 7.26 7.13 7 6.88 6.98 7.02 7.14 7.17 7.24 7.4
19.03 33 47.01 61.25 75.34 48.66 21.88 15.03 11.6 11.54 11.44 16.68 32.03 43.35 45.74 41.99 23.16 9.65 14.34 17.34 33.94 41.33 41.64 41.61 42.37 39.05 27.05 35.67 34.46 34.51 20.59 15.28 9.36 8.45 11.42 12.76 4.79 1.37 0.29 0 0 0 0 0 0.37 2.98 5.7 9.86 12.84 13.51 12.39 11.85 11.46 11.16 10.91 10.63 10.33 10.01 9.69 9.39 9.12 8.87 8.65 8.46 8.28 8.1 7.96 7.87 7.78 7.68 7.57 7.45 7.32 7.2 7.08 7.09 7.14 7.19 7.26 7.4 7.41
13.22 19.03 32.94 47.01 61.41 75.34 48.76 21.88 15.08 11.66 12.17 21.06 36.75 40.94 41.62 38.25 25.63 13.51 17.88 24.5 35.29 40.81 40.67 40.56 41.83 38.08 20.88 41.69 42.66 31.93 12.91 10.25 11.5 12.56 14.05 10.21 1.73 0.25 0 0 0 0 0 0.5 4.1 8.79 12.18 13.85 14.63 14.07 13.07 12.42 11.94 11.56 11.23 10.91 10.58 10.26 9.94 9.63 9.35 9.09 8.85 8.63 8.42 8.24 8.13 8.05 7.97 7.87 7.76 7.64 7.52 7.4 7.27 7.14 7.24 7.28 7.4 7.42 7.5
7.35 13.28 19.03 32.78 47.01 61.87 75.34 49.07 21.88 15.24 15.75 25.58 36.09 39.45 39.11 35.14 27.55 20.13 21.74 27.34 34.23 39.4 39.7 37.84 38.31 36.19 29.39 44.76 42.87 27.14 7.7 11.7 17.11 15.37 12.07 5.3 0.38 0 0 0 0.18 1.01 0.83 4.78 10.74 13.61 14.99 15.08 14.74 14.18 13.48 12.86 12.35 11.92 11.54 11.18 10.83 10.5 10.17 9.86 9.56 9.29 9.03 8.79 8.57 8.42 8.33 8.26 8.16 8.06 7.95 7.84 7.72 7.59 7.47 7.34 7.35 7.4 7.45 7.51 7.65
7.8 7.35 13.47 19.03 32.3 47.01 63.27 75.34 49.99 28.44 22.81 25.44 32.45 40.72 40.72 35.42 28.84 24.84 22.64 23.58 31.89 43.62 36.85 32.46 37 33.66 44.9 46.71 39.61 22.66 8.28 14.79 18.47 10.67 5.43 1.24 0 0 0 0.34 2.58 5.46 7.1 12.89 15.89 15.86 15.64 15.35 14.88 14.34 13.76 13.2 12.69 12.24 11.83 11.44 11.08 10.73 10.39 10.06 9.76 9.47 9.2 8.94 8.74 8.63 8.55 8.46 8.37 8.26 8.15 8.04 7.92 7.79 7.66 7.53 7.4 7.5 7.54 7.65 7.68
8.28 8.25 7.35 14.01 19.03 30.87 47.01 67.47 76.22 47.19 30.59 17.81 29.89 47.38 46.18 36.39 28.85 24.83 19.01 19.87 34.37 49.76 30.02 25.75 38.92 37.74 58.88 50.21 32.61 19.22 8.4 15.17 16.67 5.22 0.72 0 0 0 0.38 3.2 8.95 12.97 17.11 19.03 18 16.75 16.07 15.59 15.1 14.57 14.02 13.49 12.99 12.53 12.1 11.7 11.31 10.95 10.59 10.26 9.94 9.64 9.35 9.11 8.96 8.87 8.78 8.68 8.58 8.47 8.36 8.24 8.12 7.99 7.87 7.73 7.59 7.61 7.65 7.7 7.76
8.75 8.75 9.15 7.35 15.65 19.03 26.55 47.71 68.87 54.27 37.83 14.1 31.1 57.55 50.82 31.72 24.63 21.27 14.74 20.18 46.65 47.87 27.13 27.39 43.18 59.17 68.04 49.08 22.1 15.94 9.26 16.24 13.11 2.03 0 0 0 0.34 3.15 10.32 16.57 19.28 21.43 20.5 18.31 17.07 16.42 15.89 15.36 14.81 14.26 13.74 13.25 12.79 12.35 11.93 11.53 11.15 10.79 10.44 10.11 9.79 9.52 9.33 9.21 9.11 9 8.9 8.79 8.68 8.56 8.45 8.32 8.2 8.07 7.94 7.8 7.65 7.75 7.79 7.89
6.16 8.75 9.73 10.94 7.35 20.57 32.41 53 51.5 44.41 45.26 23.61 37.61 65.49 48.34 21.49 19.29 17.9 12.14 20.62 57.93 50.33 39.62 46.07 60.04 78.53 66.1 40.43 16.66 11.27 11.58 16.38 7.53 0 0 0 0.28 2.81 10.19 17.98 21.69 22.65 21.46 19.27 17.44 17.06 16.74 16.22 15.62 15.04 14.49 13.97 13.49 13.02 12.58 12.15 11.74 11.34 10.96 10.6 10.26 9.96 9.72 9.58 9.46 9.35 9.24 9.12 9.01 8.89 8.77 8.65 8.53 8.41 8.28 8.15 8 7.85 7.86 7.89 7.91
3.07 6.66 8.75 11.88 14.53 26.46 37.66 43.2 42.92 34.93 46.62 36.21 46.36 67.86 41.37 14.89 17.02 18.77 12.02 19.66 61.69 68.95 60.27 66.33 73.12 73.45 52.92 22.98 13.26 9.66 14.06 11.18 2.31 0 0 0.22 2.4 9.58 17.85 21.77 23.08 21.3 17.49 15.4 16.03 17.29 17.22 16.59 15.87 15.23 14.68 14.18 13.71 13.25 12.8 12.36 11.93 11.52 11.13 10.75 10.42 10.15 9.98 9.84 9.71 9.59 9.47 9.35 9.22 9.1 8.98 8.86 8.74 8.62 8.5 8.36 8.22 8.07 7.89 7.96 7.87
4 3.07 8.17 8.75 16.87 30.11 30.52 26.25 38.93 46.41 41.74 36.95 52.04 68.63 40.68 15.32 15.85 23.69 23.85 36.8 72.33 77.68 71.73 66.8 54.35 65.27 28.3 9.89 9.03 11.49 12.94 3.66 0 0 0.14 1.89 8.76 17.71 21.72 22.05 19.93 12.03 8.43 10.23 16.77 18.47 18.09 16.97 16.01 15.35 14.84 14.37 13.92 13.46 13 12.55 12.11 11.68 11.28 10.91 10.61 10.41 10.25 10.1 9.96 9.83 9.7 9.57 9.44 9.32 9.19 9.07 8.95 8.83 8.71 8.59 8.45 8.29 8.11 7.87 7.99
3.15 5.77 3.07 12.68 17.55 36.58 24.09 9.09 33.01 56.09 45.82 28.2 48.19 74.6 43.32 17.23 19.29 32.73 45.81 62.46 75.98 75.72 69.31 59.26 48.08 54.51 13.22 10.17 9.66 10.14 7.71 0 0 0.02 1.11 7.31 17.36 22.7 22.97 21.34 16.39 8.03 7.95 15.57 20.42 20.72 19.41 16.96 15.88 15.38 14.97 14.56 14.13 13.67 13.21 12.74 12.28 11.83 11.43 11.11 10.87 10.69 10.52 10.36 10.21 10.07 9.93 9.79 9.66 9.53 9.4 9.28 9.16 9.05 8.94 8.83 8.7 8.55 8.36 8.11 8.14
6.75 3.15 11.1 24.24 25.89 36.4 13.19 1.55 22.86 62.8 45.48 27.76 47.77 71.68 42.49 19.85 33.18 48.25 57.02 66.88 74.64 71.63 61.07 57.51 58.35 39.24 11.92 9.9 8.54 5.93 2.48 0 0 0.3 3.92 15.6 25.18 25.56 24.28 22.45 18.97 16.98 19.7 23.14 23.42 22.18 19.67 15.6 15.51 15.35 15.12 14.78 14.36 13.9 13.41 12.91 12.43 11.99 11.64 11.38 11.16 10.97 10.79 10.62 10.46 10.3 10.15 10.01 9.87 9.74 9.61 9.48 9.37 9.26 9.17 9.07 8.96 8.83 8.66 8.43 8.16
2.36 14.75 30.54 36.28 37.03 19.84 0 1.63 22.7 56.02 39.28 36.83 52.13 67.93 35.95 25.16 45.22 61.06 61.94 67.38 74.13 59.95 52.66 62.43 52.26 21.62 8.74 6.4 3.67 1.59 0 0 0.04 2.14 12.94 27.39 30.75 27.98 25.92 24.62 23.31 22.54 24.82 24.8 24.1 19.64 10.76 14.32 15.15 15.43 15.34 15.06 14.64 14.14 13.61 13.09 12.62 12.23 11.94 11.68 11.45 11.24 11.04 10.86 10.69 10.53 10.37 10.22 10.08 9.94 9.81 9.68 9.57 9.47 9.39 9.33 9.26 9.15 8.99 8.81 8.71
19.83 27.57 36.58 30.34 16.57 0.48 0 1.06 16.12 50.25 53.28 39.88 61.33 65.32 34.6 36.73 57.23 66.22 56.91 58.3 68.2 51.95 45.59 73.43 33.68 5.31 3.44 1.81 0.09 0.04 0 0 1.82 13.01 30.68 37.06 33.88 30.02 27.11 22.85 17.12 20.97 23.52 22.44 18.32 11.55 12.54 13.58 15.36 15.76 15.73 15.45 14.98 14.4 13.81 13.3 12.9 12.57 12.27 11.99 11.72 11.49 11.28 11.1 10.92 10.75 10.59 10.44 10.29 10.14 10 9.87 9.75 9.65 9.6 9.59 9.59 9.52 9.36 9.16 9.02
31.11 34.65 33.6 9.07 2.4 0 0.06 2.22 15.15 34.9 44.35 54.53 57.28 59.85 47.74 48.3 71.86 68 40.67 40.64 65.9 62.72 51.53 71.93 21.53 2.82 0.24 0.12 0 0 0 2.03 15.28 37.18 45.68 41.64 35.63 31.58 28.19 24.34 22.15 23.63 23.04 20.15 13.7 6.73 10.44 15.78 16.3 16.38 16.3 16.01 15.42 14.7 14.08 13.63 13.29 12.95 12.6 12.26 11.97 11.72 11.51 11.32 11.15 10.98 10.8 10.64 10.48 10.34 10.2 10.05 9.91 9.8 9.75 9.84 9.99 9.99 9.76 9.46 9.2
34.65 33.29 31.63 5.93 2.23 0.15 1.13 6.89 20.3 30.65 37.36 43.69 48.35 49.81 44.37 44.28 74.87 86.89 56.35 42.4 63.79 68.13 65.32 61.44 25.16 2.88 0 0 0 0 3.18 23.67 50.57 54.25 51.72 42.34 35.51 32.81 30 27.99 27.84 26.4 23.62 20.51 17.55 16.78 18.02 18.7 17.47 17 17.01 16.99 16.22 15.12 14.38 14.05 13.73 13.34 12.91 12.51 12.17 11.92 11.72 11.55 11.38 11.19 11.01 10.83 10.67 10.53 10.39 10.24 10.07 9.89 9.78 9.97 10.51 10.66 10.16 9.67 9.37
33.19 31.63 18.6 15.31 7.71 3.87 5.38 10.7 19.81 27.03 33.11 39.98 47.71 48.48 41.83 35.29 52.23 89.51 88.02 67.29 68.49 74.99 76.47 57.98 16.95 0.66 0 0 0.92 11.67 37.91 56.44 58.36 54.92 42.51 34.49 35.69 34.18 31.88 30.08 28.92 26.97 24.34 22.21 21.92 23.22 22.79 20.27 18.13 17.23 17.1 17.33 16.54 14.84 14.66 14.55 14.27 13.78 13.19 12.67 12.3 12.06 11.9 11.78 11.62 11.42 11.2 11 10.85 10.72 10.59 10.44 10.24 9.94 9.59 9.55 10.35 10.81 10.24 9.74 9.52
31.63 22.54 18.42 21.53 10.91 17.19 12.78 12.76 21.3 27.6 31.73 42.11 53.15 50.87 46.2 54.7 54.11 66.84 80.23 81.98 83.29 86.6 85.07 55.02 5.87 0.05 0 0.16 5.51 37.48 71.58 54.1 44.57 43.62 32.78 34.75 38.07 35.94 33.37 31.11 29.12 27.03 24.92 23.47 23.22 23.37 22.4 20.13 17.98 16.46 15.41 13.02 11.98 14.57 15 15.19 15.05 14.29 13.33 12.7 12.33 12.13 12.07 12.04 11.91 11.65 11.36 11.13 10.99 10.91 10.82 10.68 10.5 10.1 9.38 8.41 7.15 8.27 9.73 9.7 9.66
23.92 19.97 21.53 20.33 23.34 29.82 23.96 15.07 25.72 36.06 38.6 52.18 63.52 62.51 59.61 68.21 64.68 66.51 78.82 90.87 100.01 103.39 91.85 50.09 2.99 0 0 1.72 29.68 88.14 85.36 37.94 39.82 37.64 34.55 43.95 41.92 37.77 34.44 31.79 29.49 27.38 25.53 24.19 23.35 22.49 21.25 19.57 17.7 15.47 11.86 9.73 11.86 13.2 13.19 13.66 14.24 13.86 13.02 12.57 12.26 12.04 12.17 12.49 12.34 11.86 11.48 11.17 11.07 11.12 11.11 10.95 10.8 10.81 9.8 7.31 7.05 8.48 9.26 9.7 9.82
20.75 21.53 22.96 24.44 25.55 30.4 35.14 24.43 32.61 50.02 53.64 55.25 64.8 70.57 62.96 60.65 66.26 71.43 82.61 101.23 123.4 134.86 105.72 36.42 1.87 0 0.42 18.25 82.53 125.82 88.13 64.68 61.25 54.24 54.32 54.36 45.62 38.95 35.05 32.55 30.36 28.21 26.25 24.7 23.45 22.22 20.91 19.5 18.01 16.36 14.14 11.99 9.58 7.17 6.91 7.08 8.33 10.96 12.39 12.42 12.19 11.65 11.67 12.52 12.28 12.12 11.6 10.94 10.96 11.46 11.59 11.24 10.78 11.08 11.6 10.39 9.26 9.23 9.52 9.85 10.03
21.53 23.76 24.99 25.55 25.23 23.5 35.47 43.88 41.01 49.14 54.55 52.04 50.55 53.61 55.15 56.97 65.07 73.13 85.92 113.75 159.46 198.17 141.01 21.6 0.51 0 1.34 50.35 140.59 128.3 73.22 74.9 73.99 73.78 70.19 59.18 46.23 38.45 35.43 34.11 32.1 29.28 26.84 25.01 23.56 22.28 21.04 19.84 18.76 18.03 17.45 15.62 12.33 9.87 8.93 8.64 9.12 10.75 12.11 12.47 12.3 11.68 9.72 8.41 10.82 12.07 11.42 10.26 9.78 10.76 11.21 10.97 10.49 8.71 9.62 11.37 10.47 9.92 9.97 10.12 10.27
24.03 25.27 25.55 23.68 22.49 21.47 29.36 41.53 34.06 29.94 39.34 44.37 40.68 43.26 49.86 57.21 65.41 77.15 98.05 128.99 192.97 314.03 292.86 32.68 0 0 19.23 108.64 183.18 121.94 64.29 69.94 76.59 75.12 59.84 44.11 38.46 35.42 34.8 36.07 33.74 29.86 26.94 25.01 23.58 22.37 21.26 20.26 19.45 19.01 18.71 17.88 16.87 15.78 14.56 13.77 13.04 12.54 12.64 12.81 12.69 12.37 11.06 9.32 8.48 8.54 10.85 10.2 7.68 5.93 7.81 8.31 8.8 9.63 9.45 10.57 10.63 10.4 10.35 10.41 10.52
25.41 25.55 23.17 21.98 21.47 21.91 21.18 25.53 25.05 20.9 28.59 36.58 38.61 42.5 47.95 55.77 66.71 85.45 110.94 136.8 197.35 354.84 442.16 275.25 257.85 164.41 77.82 212.82 193.5 103.21 65.62 65.72 63 55.28 42.51 31.31 30.45 30.53 28.95 29.56 30.62 28.74 26.28 24.66 23.45 22.4 21.44 20.57 19.87 19.38 18.98 18.69 18.51 17.96 16.98 15.99 14.91 13.95 13.5 13.35 13.24 13.22 13.23 12.49 10.28 9.18 10.67 11.22 9.81 7.47 8.09 8.89 9.41 10.94 10.71 10.52 10.7 10.67 10.65 10.69 10.76
25.55 22.98 21.72 21.47 19.35 18.41 15.63 16.87 21.83 24.18 28.12 33.14 37.12 40.5 45.11 51.68 64.36 83.31 99.28 122.63 159.63 213.41 341.58 484.26 499.89 402.1 289.69 293.55 156.91 72.85 55.08 46.9 36.5 34.01 35.93 33.08 29.43 26.86 21.27 17.64 21.49 25.03 24.91 24.09 23.25 22.39 21.55 20.77 20.1 19.54 19.09 18.74 18.4 17.87 17.13 16.29 15.44 14.71 14.22 13.93 13.77 13.76 13.8 13.57 13.2 12.35 11.56 12.32 12.86 12.11 11.15 11.31 11.17 11 11.07 10.93 10.9 10.9 10.9 10.93 10.98
22.9 21.59 21.47 18.37 17.02 15.63 15.88 15.14 20.35 26.88 30.8 32.87 34.98 37.64 40.84 45.08 53.87 65.05 73.92 90.66 90.32 51.14 106.04 274.93 289.65 384.16 460.45 263.72 110.42 58.66 35.67 26.19 20.92 23.7 32.09 35.04 31.46 27.46 20.03 12.76 15.55 21.56 23.58 23.59 23.06 22.36 21.61 20.88 20.22 19.63 19.11 18.64 18.16 17.61 16.99 16.35 15.73 15.2 14.77 14.44 14.2 14.04 13.92 13.83 13.68 13.14 12.62 12.8 13.14 12.89 12.3 11.95 11.65 11.39 11.27 11.19 11.14 11.12 11.12 11.14 11.19
21.53 21.47 17.95 16.33 15.63 15.55 15.14 16.07 18.1 24.69 30.2 31.99 32.64 34.26 35.87 37.64 41.64 48.39 55.9 54.44 28.98 4.39 0 0 3.63 169.75 328.36 176.2 103.43 72.36 32.83 21.76 21.64 22.64 28.33 33.03 32.87 31.58 27.32 20.4 19.42 21.73 23.23 23.42 23 22.35 21.64 20.94 20.28 19.66 19.08 18.53 17.98 17.42 16.87 16.39 15.97 15.6 15.24 14.87 14.55 14.27 14.04 13.84 13.59 13.27 13.01 12.93 12.89 12.7 12.4 12.09 11.84 11.64 11.5 11.41 11.36 11.33 11.33 11.34 11.38
21.47 17.76 15.98 15.63 15.44 15.14 14.08 14.4 10.7 13.32 21.45 27.94 29.6 30.79 31.13 30.8 33.44 39.47 38.82 24.52 4.95 0 0 0.48 14.66 64.06 118.51 130.2 122.42 100.13 55.98 28.37 26.87 29.87 31.36 33.39 34.46 35.75 36.23 32.29 26.69 24.34 23.96 23.62 23.06 22.38 21.67 20.97 20.29 19.64 19.02 18.41 17.81 17.22 16.71 16.36 16.18 16.02 15.71 15.27 14.83 14.45 14.13 13.86 13.59 13.34 13.13 12.98 12.84 12.66 12.43 12.2 11.99 11.82 11.69 11.6 11.55 11.52 11.51 11.53 11.56
