NetLogoInput/pp3_pinchpoints_30.asc
NCOLS 263 
NROWS 382 
XLLCORNER -925595.5599279 
YLLCORNER -56566.5307948138 
CELLSIZE 30 
NODATA_value -9999 
[rows 84 to 111 of 382, columns 128 to 191 of 263]
0.010716 0.010838 0.010954 0.011068 0.011182 0.011218 0.011228 0.011238 0.011195 0.011146 0.011097 0.011058 0.011019 0.010985 0.010976 0.010967 0.010966 0.010982 0.010999 0.011023 0.011056 0.011089 0.011125 0.011165 0.011204 0.011238 0.01127 0.011302 0.011311 0.011316 0.01132 0.011279 0.011238 0.011189 0.011102 0.011014 0.01092 0.010811 0.010703 0.010602 0.010512 0.010422 0.010365 0.010334 0.010302 0.010323 0.010365 0.010407 0.010505 0.010613 0.010721 0.010962 0.011205 0.011411 0.011373 0.011335 0.011237 0.010978 0.010719 0.010391 0.009962 0.009533 0.009168 0.008854
0.010682 0.010771 0.010856 0.010938 0.01102 0.011061 0.011087 0.011114 0.0111 0.011081 0.011062 0.011041 0.011019 0.011002 0.011002 0.011002 0.01101 0.011033 0.011057 0.011088 0.011128 0.011169 0.011214 0.011263 0.011312 0.011355 0.011396 0.011436 0.011445 0.011448 0.011451 0.011397 0.011342 0.01128 0.011174 0.011069 0.010958 0.010835 0.010712 0.010599 0.010498 0.010398 0.010335 0.0103 0.010265 0.010296 0.010353 0.010411 0.010529 0.010658 0.010787 0.011071 0.011357 0.011612 0.011652 0.011693 0.01163 0.011288 0.010946 0.010548 0.010071 0.009593 0.009187 0.00884
0.010622 0.010698 0.010772 0.010846 0.010919 0.010962 0.010995 0.011027 0.011028 0.011024 0.01102 0.011013 0.011006 0.011002 0.011012 0.011022 0.011039 0.011071 0.011103 0.011144 0.011193 0.011243 0.0113 0.011362 0.011424 0.011481 0.011537 0.011592 0.011607 0.011616 0.011623 0.011554 0.011484 0.011405 0.011273 0.011141 0.011004 0.010857 0.01071 0.010575 0.010456 0.010336 0.010257 0.010209 0.01016 0.010205 0.01029 0.010374 0.010517 0.01067 0.010824 0.011051 0.011279 0.011514 0.011799 0.012084 0.012136 0.011557 0.010979 0.010461 0.010029 0.009598 0.009199 0.008826
0.010562 0.010624 0.010688 0.010753 0.010818 0.010863 0.010902 0.010941 0.010956 0.010967 0.010979 0.010986 0.010992 0.011001 0.011022 0.011042 0.011068 0.011109 0.01115 0.011199 0.011258 0.011317 0.011386 0.01146 0.011535 0.011607 0.011678 0.011749 0.01177 0.011783 0.011795 0.011711 0.011626 0.011531 0.011372 0.011213 0.011051 0.01088 0.010709 0.010552 0.010413 0.010275 0.010179 0.010117 0.010055 0.010115 0.010226 0.010336 0.010504 0.010683 0.010861 0.011031 0.011201 0.011417 0.011946 0.012475 0.012641 0.011827 0.011012 0.010373 0.009988 0.009603 0.009211 0.008812
0.010499 0.010548 0.010603 0.010661 0.010719 0.010767 0.010812 0.010858 0.010886 0.010913 0.010939 0.010959 0.010978 0.011 0.01103 0.011059 0.011095 0.011145 0.011194 0.011253 0.011321 0.01139 0.01147 0.011557 0.011644 0.011733 0.011822 0.011912 0.011943 0.011966 0.011988 0.011884 0.011781 0.011664 0.011475 0.011286 0.011095 0.010899 0.010703 0.010524 0.010365 0.010206 0.010092 0.010012 0.009933 0.009999 0.010125 0.010251 0.010439 0.010636 0.010834 0.010914 0.010992 0.011144 0.011785 0.012426 0.012646 0.011723 0.010801 0.010133 0.009833 0.009532 0.009168 0.008753
0.010417 0.01046 0.010514 0.010574 0.010635 0.01069 0.010743 0.010796 0.010833 0.010869 0.010905 0.010932 0.01096 0.010989 0.011025 0.011061 0.011105 0.011164 0.011223 0.011292 0.011373 0.011454 0.011544 0.011639 0.011734 0.011856 0.011986 0.012117 0.012193 0.01226 0.012324 0.012173 0.012022 0.011857 0.01161 0.011364 0.011123 0.010897 0.01067 0.010461 0.010275 0.010089 0.009938 0.009816 0.009693 0.009704 0.00977 0.009836 0.009998 0.010177 0.010356 0.010116 0.009871 0.009636 0.009467 0.009299 0.009141 0.009012 0.008882 0.008827 0.008878 0.008929 0.008747 0.008375
0.010336 0.010373 0.010425 0.010488 0.010551 0.010612 0.010673 0.010734 0.010781 0.010826 0.010871 0.010906 0.010942 0.010978 0.011021 0.011064 0.011114 0.011183 0.011251 0.011331 0.011425 0.011518 0.011617 0.011721 0.011825 0.011979 0.012151 0.012323 0.012442 0.012553 0.012661 0.012462 0.012264 0.012049 0.011746 0.011442 0.011152 0.010895 0.010638 0.010399 0.010185 0.009971 0.009785 0.009619 0.009453 0.009409 0.009415 0.009421 0.009558 0.009718 0.009878 0.009317 0.008749 0.008128 0.00715 0.006171 0.005636 0.0063 0.006964 0.007521 0.007924 0.008327 0.008326 0.007996
0.010254 0.010285 0.010337 0.010402 0.010467 0.010535 0.010603 0.010672 0.010728 0.010783 0.010837 0.01088 0.010924 0.010968 0.011017 0.011066 0.011124 0.011202 0.01128 0.01137 0.011476 0.011582 0.011691 0.011803 0.011915 0.012102 0.012315 0.012529 0.012691 0.012846 0.012997 0.012751 0.012505 0.012242 0.011881 0.01152 0.01118 0.010892 0.010605 0.010337 0.010095 0.009854 0.009631 0.009422 0.009212 0.009114 0.00906 0.009006 0.009118 0.009259 0.0094 0.008519 0.007628 0.00662 0.004832 0.003044 0.002132 0.003589 0.005046 0.006215 0.00697 0.007724 0.007905 0.007618
0.010125 0.010158 0.010221 0.010303 0.010386 0.010467 0.010548 0.010629 0.010693 0.010755 0.010817 0.010863 0.010908 0.010954 0.011 0.011047 0.011104 0.011185 0.011266 0.011373 0.011512 0.011651 0.011779 0.0119 0.01202 0.012148 0.012278 0.012407 0.012538 0.01267 0.012795 0.012344 0.011893 0.011453 0.011073 0.010694 0.010342 0.010058 0.009774 0.009508 0.009266 0.009025 0.00879 0.008561 0.008332 0.008143 0.007969 0.007796 0.007505 0.007193 0.006881 0.006204 0.005523 0.004758 0.003433 0.002109 0.001431 0.002505 0.003579 0.004435 0.004978 0.00552 0.005877 0.006082
0.009995 0.01003 0.010105 0.010205 0.010305 0.010399 0.010492 0.010585 0.010658 0.010729 0.010798 0.010845 0.010893 0.010939 0.010984 0.011028 0.011084 0.011167 0.01125 0.011374 0.011547 0.01172 0.011868 0.011997 0.012126 0.012192 0.012235 0.012277 0.012375 0.012481 0.012579 0.011919 0.011259 0.010638 0.010242 0.009845 0.009482 0.009202 0.008922 0.008659 0.008418 0.008177 0.007932 0.007684 0.007435 0.007154 0.00686 0.006566 0.005862 0.005086 0.00431 0.00385 0.003393 0.002887 0.002058 0.00123 0.000803 0.001463 0.002123 0.002642 0.002959 0.003276 0.003808 0.004517
0.009864 0.009902 0.009988 0.010106 0.010223 0.010332 0.010437 0.010542 0.010623 0.010702 0.010779 0.010828 0.010877 0.010925 0.010967 0.011009 0.011064 0.01115 0.011235 0.011375 0.011582 0.01179 0.011956 0.012094 0.012231 0.012236 0.012192 0.012147 0.012212 0.012292 0.012364 0.011494 0.010625 0.009824 0.00941 0.008996 0.008623 0.008347 0.008071 0.00781 0.00757 0.00733 0.007074 0.006806 0.006539 0.006166 0.005751 0.005335 0.004219 0.002979 0.001739 0.001496 0.001262 0.001016 0.000683 0.00035 0.000174 0.000421 0.000667 0.00085 0.000941 0.001031 0.001739 0.002952
0.009627 0.009743 0.009874 0.010016 0.010157 0.010282 0.010401 0.01052 0.010612 0.010701 0.010789 0.010836 0.010882 0.010925 0.010946 0.010968 0.011005 0.011075 0.011145 0.011278 0.011489 0.0117 0.011836 0.01192 0.012005 0.011755 0.011381 0.011007 0.0106 0.010189 0.009774 0.009029 0.008284 0.0076 0.007264 0.006929 0.006626 0.006404 0.006181 0.005971 0.005777 0.005584 0.005377 0.005159 0.004942 0.004634 0.004288 0.003943 0.003015 0.001985 0.000954 0.000801 0.000657 0.000508 0.000327 0.000145 4.7e-05 0.000176 0.000305 0.000396 0.000434 0.000471 0.001032 0.00202
0.009367 0.009577 0.009761 0.009927 0.010094 0.010235 0.010369 0.010502 0.010606 0.010707 0.010805 0.010849 0.010892 0.010927 0.010925 0.010922 0.010936 0.010988 0.011039 0.011161 0.011368 0.011576 0.011672 0.01169 0.011708 0.011162 0.010407 0.009652 0.008682 0.007679 0.00668 0.00613 0.00558 0.005077 0.00484 0.004602 0.004388 0.00423 0.004071 0.003922 0.003784 0.003647 0.003501 0.003349 0.003198 0.002987 0.002752 0.002516 0.001905 0.001227 0.000549 0.000459 0.000376 0.00029 0.000186 8.3e-05 2.7e-05 1e-04 0.000174 0.000226 0.000247 0.000269 0.000613 0.001222
0.009107 0.009412 0.009647 0.009839 0.01003 0.010189 0.010337 0.010485 0.0106 0.010712 0.010822 0.010861 0.010901 0.01093 0.010903 0.010876 0.010868 0.010901 0.010934 0.011044 0.011248 0.011452 0.011507 0.011459 0.011411 0.010569 0.009433 0.008297 0.006763 0.005169 0.003587 0.003232 0.002877 0.002554 0.002415 0.002276 0.00215 0.002056 0.001961 0.001873 0.001791 0.001709 0.001625 0.001539 0.001453 0.00134 0.001215 0.00109 0.000794 0.000469 0.000143 0.000117 9.4e-05 7.1e-05 4.6e-05 2e-05 7e-06 2.5e-05 4.3e-05 5.5e-05 6.1e-05 6.6e-05 0.000194 0.000424
0.008989 0.009334 0.00959 0.009791 0.009991 0.01016 0.010319 0.010477 0.010616 0.010752 0.010886 0.010936 0.010986 0.011013 0.010924 0.010835 0.010759 0.010711 0.010664 0.010665 0.010728 0.01079 0.010528 0.01004 0.009552 0.008635 0.007559 0.006483 0.005032 0.003525 0.002031 0.001801 0.001571 0.001363 0.001279 0.001195 0.001118 0.00106 0.001002 0.000948 0.000898 0.000848 0.000798 0.000747 0.000696 0.000632 0.000562 0.000492 0.00034 0.000175 9e-06 4e-06 2e-06 0 0 0 0 0 0 0 0 0 4.6e-05 0.000129
0.008939 0.009298 0.009561 0.009762 0.009963 0.010139 0.010307 0.010475 0.010642 0.01081 0.010974 0.011041 0.011108 0.011134 0.010965 0.010797 0.010631 0.010473 0.010315 0.010162 0.010015 0.009869 0.009156 0.008049 0.006942 0.006056 0.005251 0.004447 0.003391 0.002299 0.001216 0.001077 0.000938 0.000812 0.000762 0.000712 0.000666 0.000632 0.000597 0.000565 0.000535 0.000506 0.000476 0.000445 0.000415 0.000377 0.000335 0.000293 0.000203 0.000104 5e-06 3e-06 1e-06 0 0 0 0 0 0 0 0 0 2.7e-05 7.7e-05
0.008889 0.009262 0.009531 0.009733 0.009935 0.010118 0.010295 0.010473 0.010669 0.010867 0.011062 0.011145 0.011229 0.011256 0.011007 0.010758 0.010503 0.010234 0.009965 0.009658 0.009303 0.008948 0.007784 0.006058 0.004332 0.003477 0.002944 0.002411 0.001751 0.001072 4e-04 0.000352 0.000305 0.000261 0.000245 0.000229 0.000215 0.000203 0.000192 0.000182 0.000172 0.000163 0.000153 0.000143 0.000134 0.000121 0.000108 9.4e-05 6.5e-05 3.3e-05 2e-06 1e-06 0 0 0 0 0 0 0 0 0 0 9e-06 2.5e-05
0.008974 0.009293 0.009533 0.009721 0.00991 0.010095 0.010279 0.010463 0.010678 0.010897 0.011111 0.011173 0.011235 0.01122 0.010824 0.010429 0.010029 0.009617 0.009206 0.008704 0.008091 0.007479 0.006174 0.004389 0.002604 0.001876 0.00154 0.001203 0.00081 0.000408 1.1e-05 7e-06 3e-06 0 0 0 0 0 0 0 0 0 0 0 0 0 0 0 0 0 0 0 0 0 0 0 0 0 0 0 0 0 0 0
0.00918 0.009384 0.009563 0.009725 0.009887 0.010069 0.010258 0.010447 0.010672 0.010901 0.011124 0.011131 0.011137 0.011041 0.01044 0.009839 0.009243 0.008659 0.008075 0.007342 0.006428 0.005513 0.004349 0.003012 0.001675 0.001162 0.000953 0.000745 0.000501 0.000253 7e-06 4e-06 2e-06 0 0 0 0 0 0 0 0 0 0 0 0 0 0 0 0 0 0 0 0 0 0 0 0 0 0 0 0 0 0 0
0.009386 0.009475 0.009593 0.009729 0.009864 0.010044 0.010237 0.010431 0.010666 0.010906 0.011138 0.011088 0.011039 0.010862 0.010055 0.009248 0.008457 0.0077 0.006944 0.00598 0.004764 0.003547 0.002524 0.001635 0.000745 0.000447 0.000367 0.000286 0.000193 9.7e-05 3e-06 2e-06 1e-06 0 0 0 0 0 0 0 0 0 0 0 0 0 0 0 0 0 0 0 0 0 0 0 0 0 0 0 0 0 0 0
0.009537 0.009533 0.0096 0.009711 0.009823 0.009993 0.010182 0.010371 0.010545 0.010717 0.010876 0.010585 0.010295 0.009901 0.009002 0.008103 0.007236 0.006442 0.005647 0.004632 0.003347 0.002062 0.001219 0.000682 0.000145 0 0 0 0 0 0 0 0 0 0 0 0 0 0 0 0 0 0 0 0 0 0 0 0 0 0 1e-06 2e-06 7e-06 4.4e-05 8e-05 9.7e-05 6e-05 2.2e-05 0 0 0 0 0
0.009596 0.009537 0.009569 0.00966 0.00975 0.009899 0.010068 0.010237 0.010232 0.010206 0.010155 0.009314 0.008472 0.007637 0.006835 0.006032 0.00529 0.004682 0.004074 0.003306 0.002342 0.001377 0.000779 0.000436 9.3e-05 0 0 0 0 0 0 0 0 0 0 0 0 0 0 0 0 0 0 0 0 0 0 0 0 0 0 3e-06 7e-06 2.7e-05 0.000161 0.000295 0.000356 0.000218 8.1e-05 0 0 0 0 0
0.009656 0.009541 0.009538 0.009608 0.009677 0.009806 0.009955 0.010103 0.009919 0.009694 0.009434 0.008042 0.00665 0.005374 0.004668 0.003962 0.003344 0.002923 0.002501 0.00198 0.001336 0.000693 0.00034 0.00019 4e-05 0 0 0 0 0 0 0 0 0 0 0 0 0 0 0 0 0 0 0 0 0 0 0 0 0 0 6e-06 1.1e-05 4.6e-05 0.000278 0.00051 0.000615 0.000377 0.00014 0 0 0 0 0
0.009659 0.009525 0.009496 0.009534 0.009572 0.009645 0.00973 0.009815 0.009397 0.008918 0.0084 0.006663 0.004925 0.003382 0.002788 0.002194 0.001704 0.001448 0.001191 0.000885 0.000518 0.000151 0 0 0 0 0 0 0 0 0 0 0 0 0 0 0 0 0 0 2e-06 3e-06 2.3e-05 5.6e-05 9e-05 0.000114 0.000132 0.000151 0.000165 0.000178 0.000191 0.000212 0.000233 0.000286 0.000557 0.000828 0.000948 0.000658 0.000368 0.000168 1e-04 3.1e-05 0 0
0.009468 0.009441 0.009414 0.009385 0.009357 0.009253 0.009124 0.008995 0.008155 0.007228 0.006288 0.004914 0.003539 0.002326 0.001898 0.001469 0.001122 0.000953 0.000784 0.000582 0.000341 9.9e-05 0 0 0 0 0 0 0 0 0 0 0 0 0 0 0 0 0 3e-06 9e-06 1.5e-05 0.000123 0.000307 0.000492 0.000618 0.00072 0.000822 0.000898 0.000969 0.001041 0.001121 0.001201 0.001285 0.001395 0.001506 0.001538 0.001357 0.001177 0.000917 0.000543 0.000168 0 0
0.009277 0.009358 0.009331 0.009236 0.009141 0.00886 0.008517 0.008174 0.006913 0.005539 0.004175 0.003164 0.002153 0.00127 0.001008 0.000745 0.000539 0.000458 0.000377 0.00028 0.000164 4.8e-05 0 0 0 0 0 0 0 0 0 0 0 0 0 0 0 0 0 5e-06 1.6e-05 2.7e-05 0.000223 0.000558 0.000894 0.001123 0.001308 0.001493 0.001631 0.001761 0.00189 0.002029 0.002169 0.002283 0.002233 0.002184 0.002128 0.002057 0.001986 0.001665 0.000985 0.000306 0 0
0.009095 0.009269 0.009229 0.009052 0.008874 0.008409 0.007848 0.007286 0.005657 0.003896 0.002168 0.001509 0.000851 0.000286 0.00018 7.3e-05 0 0 0 0 0 0 0 0 0 0 0 0 2e-06 5e-06 7e-06 6e-06 5e-06 5e-06 4e-06 4e-06 5e-06 1e-05 1.5e-05 2.9e-05 5.4e-05 8e-05 0.00036 0.000833 0.001306 0.00163 0.001892 0.002155 0.00235 0.002534 0.002718 0.002909 0.003101 0.003242 0.003047 0.002851 0.002719 0.002755 0.002791 0.00243 0.001497 0.000564 0.000141 0.000134
0.009021 0.009114 0.008876 0.008426 0.007977 0.007236 0.006398 0.00556 0.004226 0.00283 0.001463 0.001018 0.000574 0.000193 0.000121 4.9e-05 0 0 0 0 0 0 0 0 0 1e-06 2e-06 4e-06 3.2e-05 6.5e-05 9.7e-05 8.7e-05 7.6e-05 6.7e-05 6.1e-05 5.5e-05 7.2e-05 0.000144 0.000216 0.000326 0.000484 0.000643 0.000964 0.001407 0.001851 0.002167 0.002432 0.002696 0.002898 0.003089 0.00328 0.003435 0.00359 0.003705 0.003551 0.003396 0.003316 0.003436 0.003556 0.003404 0.002861 0.002317 0.002018 0.00192
