NetLogoInput/pp3_corridors_60.asc
NCOLS 132 
NROWS 191 
XLLCORNER -925625.5599279 
YLLCORNER -56596.5307948138 
CELLSIZE 60 
NODATA_value -9999 
[rows 78 to 103 of 191, columns 0 to 58 of 132]
-9999 -9999 -9999 -9999 -9999 -9999 -9999 1432.09795983464 1381.84706571752 1156.60157959401 819.227080042903 622.116581232478 601.243985085675 818.848274485007 629.909221960825 663.406808034181 929.800296044834 1204.65963388341 968.303264195691 562.974864088476 478.539893111502 689.772466857322 985.462041524289 1300.33068340423 1094.70450132478 1145.9088291151 1478.98982299666 1953.36926688735 1655.13194147033 961.913342135257 277.063164028593 199.952603756423 282.0985274799 382.126844592611 427.625203260345 412.762138198775 336.8643498455 181.943160700453 136.091630300743 155.403686657075 205.760681658705 430.106526235783 700.949107409973 979.108872501495 1432.90707141747 1874.483668412 2261.9839060209 2313.36821551104 2323.92595105228 2316.01868917464 2315.35781240757 -9999 -9999 -9999 -9999 -9999 -9999 912.217256421083 910.601132506555
-9999 -9999 -9999 -9999 -9999 -9999 1215.55213701859 1240.86869372467 1155.68467892334 996.12516637161 780.305306384812 655.809168448995 692.365159391636 962.378870608334 721.192315977563 625.043662994699 712.562311181936 994.364553693392 860.7431419842 581.052257151469 532.847196933691 907.507330497041 1342.63043779484 1704.0424129566 1507.56237910463 1475.16185477902 1662.65288794376 2224.48610611375 1828.20780979706 975.778883367512 245.184514018107 82.2499448364584 79.3543057008488 111.947593164086 145.079049314292 152.147761233275 133.01794986409 93.946354614093 108.803256223324 190.991746562768 403.714392434694 570.037223515724 846.684361984661 1324.22560651514 1771.92260307526 2130.09052288103 2381.44058564308 2378.39958561278 2349.68307728688 2317.77066508349 -9999 -9999 -9999 -9999 -9999 -9999 841.796015608943 867.450771019617 863.126253586382
-9999 -9999 -9999 -9999 -9999 1377.58595620004 1245.75946087282 1128.66460418101 1019.29750695522 915.80337820944 818.509753927113 727.858144682824 720.420525301173 850.692423322647 692.823192100361 590.14657132337 569.902449948739 700.019977537512 661.628940313816 566.404976788171 573.158522878994 1059.26173459737 1633.49829779413 2157.02754479766 1895.31744510485 1679.28472334443 1618.68606838147 2280.89289612436 1875.58935996255 972.144866701227 237.868982013846 43.4360730314478 6.82560484213154 13.3299992782813 45.4554860683959 67.4196639294425 77.4674823920369 75.9035292614105 106.203782508993 265.733148216247 795.814041302384 1072.80147888349 1326.9588461341 1644.531067412 2126.66375986817 2419.32190899725 2510.65724322548 2420.23983377719 2356.34785522151 -9999 -9999 -9999 -9999 -9999 -9999 -9999 837.10131736328 812.609123032366 801.052301283128
-9999 -9999 -9999 -9999 1794.69385837071 1749.01191197848 1605.49065089281 1277.69960392259 1090.94639189181 1031.79700787128 1154.70210933308 954.314248763961 780.546355256043 787.954816999503 703.209449494734 639.796497873439 630.208282312748 920.709987376742 844.715059333851 640.822038395354 644.386371070777 1125.11933983359 1620.25165546904 1941.9627860906 1846.85722976977 1536.86023356173 1100.27080776938 1194.98495836469 914.733799221742 468.967452053424 113.939241476463 19.3399290172988 0.719305905915658 2.63599581818922 18.2010883572268 183.14326273225 436.656440316275 192.709632586811 321.277823901822 676.721530136177 1152.35654051519 1787.79537628825 2328.02058761869 2647.00517457455 2611.60892851922 2569.77812367708 2532.70579089965 2426.44069151069 -9999 -9999 -9999 -9999 -9999 -9999 766.649579399003 768.649496825849 770.851786009827 757.279615358644 751.407622491547
-9999 -9999 -9999 -9999 2068.0570429656 2036.06441853361 1935.51138949816 1430.24478391553 1180.24647916336 1156.7460389074 1447.71661182253 1142.66266848351 833.525402509455 768.644114727992 736.814028404647 751.919993857946 835.994402151033 1200.16825319794 1043.67286615479 715.343072280628 714.717462011153 1161.07126944837 1562.7119218685 1704.32705639318 1597.8115618603 1238.31993586469 684.207695411174 421.591730890863 248.200419640002 129.12470070186 37.895890991764 9.13150540781389 0.514552814650233 0.0259208724966409 3.20020545540529 220.100268554144 567.679256512856 235.0234927389 477.799116955185 1026.17763381478 1613.06812225792 2509.44156375905 3204.08222243795 3441.60157710652 2995.94711842476 2704.63796087542 2604.09811343828 2645.18377637188 -9999 -9999 -9999 -9999 -9999 -9999 744.772893001206 728.496894323225 707.340136148075 704.445681237141 703.093258819795
-9999 -9999 -9999 -9999 2066.83781690619 2121.28997213871 2166.61320318876 1553.517672174 1273.21420917187 1271.17036997238 1621.65843116814 1240.73788266253 869.149719071518 821.517874498323 807.295018128361 965.959404994802 1278.2788615904 1516.07230397764 1219.30149419915 777.899839521858 779.201386398851 1154.43506946435 1466.23279797226 1516.85952567223 1044.02361744073 703.559216664012 518.756886662785 371.600256884756 253.735718101275 154.063356707033 64.7270176646211 22.1350382489874 1.96353842277925 0.0989142953842616 0.576844450654815 86.6641934832766 227.757827239489 123.658214908521 498.285896876901 1218.00868520772 2267.80361983735 3214.20903838037 3782.07958378532 3765.60625510095 3179.81537480566 2830.11089311248 2731.08166196958 2677.14686936101 -9999 -9999 -9999 -9999 -9999 753.218518007094 695.82655304284 663.424123674292 657.199836073506 656.210302198079 655.498750513758
-9999 -9999 2091.72383810476 1972.15079641962 1948.24179126114 1983.75601314804 2024.27467166889 1574.80840003241 1339.58031605795 1322.54902358001 1664.27056876172 1262.30340221683 879.733962900849 843.290899448583 1017.59306107028 1159.75546887402 1274.46512207284 1542.74740571605 1246.20257090553 794.636703807458 803.475350198124 1150.72671528759 1430.72065089783 1457.84288671742 898.977255090042 566.862343151915 476.977218360517 373.282100738336 276.693300059613 184.677666916289 95.6984120236203 48.4631893827163 19.0063813879091 2.16317100494732 0.427909659173526 41.6550626190134 113.775482832502 103.284913406633 527.646232829923 1300.92776543233 2490.3334080436 3583.77191476147 4195.03456478658 4047.68327871082 3296.24300393042 2863.90623649262 2765.88441631288 -9999 -9999 -9999 -9999 -9999 1215.45134286743 714.242243365337 638.049279087725 611.266018885382 609.495325331271 608.920850600552 608.346409346907
-9999 2149.3261878174 2097.60292770049 1977.92474649831 1866.84580492586 1820.00319947751 1811.68754276497 1569.54850507796 1389.77895388873 1276.23056540684 -9999 -9999 866.667736031485 857.261899838883 1189.26147988208 1296.03102781435 1209.2209438991 1515.93708883066 1238.91351513736 807.984563716366 873.954855322906 1165.37314253012 1398.24599878504 1439.62380024446 870.267356163268 543.951999133822 476.670963235312 398.090891041142 313.249340981532 224.990592329376 136.083865995839 138.785225415989 140.141630124478 101.993976652642 36.5272053041385 30.5361879325405 85.4111357087516 183.009671978834 629.660264737206 1395.3647800163 2622.9568565865 3831.40960589921 4494.93107563333 4265.40839269973 3374.55475316097 2930.01573685648 -9999 -9999 -9999 -9999 -9999 1140.61615523104 1106.86642785032 631.522693512625 578.181559128725 562.934533215382 562.357138157115 561.779788937407 561.202473362973
-9999 2165.45842085638 2126.26569237359 2006.07491663009 1884.74213064428 1797.9712444274 1734.78396435285 1572.79401674472 1406.38056265152 -9999 -9999 -9999 872.674940275445 879.419579877046 1058.49811007976 1231.5056604871 1393.20094104779 1597.7865889412 1261.58568385422 858.249596173708 1167.42102581686 1247.95302722825 1310.94621468928 1439.1986892243 845.920764117809 527.186712840059 501.999002377433 456.080520912791 383.473478393067 296.689551328167 208.429755498192 462.552553194118 647.640187177967 578.53165941477 210.39906560169 54.1626177285384 142.04669586962 551.257900387006 1003.54166678796 1653.40682217908 2879.27439584074 3972.69833596546 4536.96576289609 4279.54492648326 3378.8211651307 -9999 -9999 -9999 -9999 -9999 -9999 814.556310616836 661.611229709808 534.591569165565 519.85894494155 515.325446464386 514.752961060521 514.18052110927 513.608114516269
-9999 2335.34506405547 2168.15253800894 2045.55730836525 2071.04321180221 2056.27022821986 1989.66977780623 1868.77806840862 1861.62343967657 -9999 -9999 -9999 1224.95754158467 1175.26984576356 1212.90794528918 1257.99331473309 1309.66179556302 1408.43407647768 1140.7377883876 852.672136092424 1131.42311712347 1119.32182605088 1108.94635600959 1221.88578217302 752.138372936168 525.395945581232 569.04474835628 734.139941054838 739.218972495004 660.100256850238 574.789512999026 776.426455377118 1663.74637504059 3575.75302546305 1320.87565193935 1229.77837286244 3034.10605890547 1516.79763906783 1225.27421730251 1768.47442986662 2996.42772284871 4034.93748782145 4552.51387080823 4284.77385447304 -9999 -9999 -9999 -9999 -9999 -9999 -9999 449.717512295327 468.306845624798 469.167936576841 468.665470345342 468.091695374172 467.517949127648 466.944248432988 466.370581170798
-9999 -9999 2218.16740756223 2093.88414528415 2350.38923195531 2468.16781763445 2425.84573474828 2313.70953691696 2275.24145568242 -9999 -9999 -9999 3004.83222886089 1708.51557301272 1544.14596775215 1351.97556692192 1093.83157698115 1085.59110770063 954.159287869464 826.642628928352 925.638852017082 883.842802958983 850.875670373276 891.002633801756 623.025876677872 537.833968309911 684.947870945851 1293.26072859591 1469.10067260751 1375.61918676465 1127.12007272268 1072.12646223641 2849.38169534905 7597.95215468316 2811.61930449028 2900.03278665831 7150.53543417002 2751.4992532113 1378.26209271908 1797.89727615989 3029.93474136011 -9999 -9999 -9999 -9999 -9999 -9999 -9999 -9999 362.924689108617 413.606476980313 423.169113211845 422.779629778952 422.201164289655 421.622746941113 421.044358549537 420.465999115004 419.887685595176 419.309405778209
-9999 -9999 2274.44431597225 2179.79604417801 2530.09455039937 2692.14556148277 2630.97398579214 2366.1043976314 -9999 -9999 -9999 3487 3179.10328939534 2351.31748924792 2036.99504457994 1687.15467752962 1302.29162180694 1203.54069606002 1085.07201469762 1011.98219787912 1124.72897649852 942.17222014904 785.8583590783 795.805830381643 587.008933254918 643.513102427573 1218.63906650483 4456.25982746465 5739.88102233169 5192.07136707541 1908.83449945519 1155.81013348832 1822.78399377433 3824.27743785716 1395.69641209674 1456.80182814473 3721.98729221007 2589.60543380577 1883.90821986148 1797.89727615989 3029.93474136011 -9999 -9999 -9999 -9999 -9999 -9999 -9999 -9999 355.125034129649 372.657072308432 375.662061885875 375.150795687804 374.572343510101 373.993939468154 373.415564384351 372.837218258798 372.258918046856 371.680651535766
-9999 -9999 -9999 2253.45031010883 2730.02840780066 2962.00992452686 2939.47099016494 3013.94234590938 -9999 3502.12226934489 3489.53480756442 3491.76155198674 3290.72266692008 2740.22378089182 2369.12178657067 1971.16851288862 1555.9129208692 1330.07663818032 1186.30327230366 1139.4108807196 1274.16448502704 1062.46517699005 842.303302361278 751.395563628178 705.802778133199 778.932515345248 1255.25348666583 4762.41490784603 6240.89803745423 5722.32103858398 2047.10355598206 1183.52577682226 1145.06101805475 1336.36567904022 498.445351527002 604.861219800906 1620.47497715007 2426.00069459636 2698.77071138208 -9999 -9999 -9999 -9999 -9999 -9999 -9999 -9999 -9999 300.398656300606 328.521911339133 328.554668684478 328.919356870783 328.699408898401 327.389645572361 326.632833235197 326.009863406161 325.483231522305 324.959002792908 324.434804613558
-9999 -9999 -9999 2313.83145423584 2951.86664611324 3281.56240334239 3264.8536893035 3097.05318565719 -9999 3502.12226934489 3489.53480756442 3501.65997966725 3334.49995598368 2854.20035642969 2527.21108321439 2199.77826390684 1858.43687757361 1465.910274208 1255.39408668629 1204.13102534334 1369.83171972545 1249.85506940284 1030.27309260635 761.979265873769 992.232777223755 946.556053168832 753.610593558631 1975.04950623307 2659.84406361317 2694.12135017848 1488.62073564955 1150.63669704896 845.115443936008 240.736459924765 162.835712328974 393.196663358653 955.937339142598 2260.54329370081 2700.51752323548 -9999 -9999 -9999 -9999 -9999 -9999 -9999 -9999 276 278.638879844452 281.557539411064 281.038054562917 283.004320763316 283.523015535607 280.690029713905 279.561606065868 278.845737865377 278.426804341799 278.015183742185 277.603587132156
-9999 -9999 -9999 -9999 2783.29635938149 3123.10624795528 3311.66389242929 3307.72292210612 3223.2494988776 3184.49604656799 3441.8951034914 3458.89193746268 3269.65394008691 2833.48460426406 2550.61001748575 2261.71952711325 1963.33688197357 1715.17620942821 1420.46127250625 1252.56683316296 1589.21618898643 1584.55249574964 1404.12414119202 1070.33577134755 1349.33299891979 1226.38013046208 771.696250965224 1108.90117100396 1333.58001788611 1406.99830896864 1171.25895333458 1003.2812339984 681.387117044329 75.7131893489989 121.630483142379 382.615793000793 892.88098406257 2244.84344462564 -9999 -9999 -9999 -9999 -9999 -9999 328.68934927218 310.946851978661 306.064668474424 589.729351626274 495.298133272545 276.843550912464 278.194889075965 538.254456156925 615.416588555788 290.837149901917 254.489608552201 244.057828921787 243.551659595505 243.048825174153 242.546020055914
-9999 -9999 -9999 -9999 -9999 2855.95828939907 3112.67951578543 3155.64220426512 2982.89764518328 2877.40725415476 3378.89045366167 3375.38980338164 3128.65855682278 2684.01644994142 2513.72330379556 2261.16633915481 1935.09345902938 1811.54675647772 1497.5664131248 1288.14517099412 1758.12875447596 1771.75502348977 1592.77044098017 1279.81454597063 1594.16160401551 1465.09671366395 918.900682384824 692.828858055414 594.84503833262 629.703751359923 886.222141208661 846.194937137884 572.511477539698 30.5065108461293 114.250336786613 170.978883532391 -9999 -9999 -9999 -9999 -9999 -9999 -9999 -9999 545.863795567334 357.599985271549 490.944527742315 897.431605791503 681.202191134382 300.026369663412 408.654983871926 691.665740640444 722.158767400965 269.75902848556 219.950255243108 205.906771656166 205.330094811337 204.753463747782 204.176866285962
-9999 -9999 -9999 -9999 -9999 2469.93621817729 2509.90193879489 2694.94851487439 2645.99160046193 2659.27319357827 3294.84098184098 3220.43136621608 2856.24387502062 2301.92908400163 2383.15455066436 2169.25184076322 1678.70824518186 1573.51969048975 1375.75483615171 1301.09653020913 1798.30069573437 1628.31241654742 1366.04197631395 1225.29578304553 1596.12638678288 1596.52564472112 1217.55563727265 781.365236642631 568.684308518187 516.59467699924 615.485641934351 693.71358717862 545.968101111714 30.4641316251009 112.879195914271 169.220219445915 -9999 -9999 -9999 -9999 -9999 -9999 -9999 1026.88276005054 493.402596167903 498.924963240224 991.941456950326 1128.26287423313 753.974640664578 370.831069730552 800.119725231727 574.348884418005 291.790355498593 173.222925512719 161.518982146369 158.298073598655 157.726305521061 157.154582834155 156.582893462024
-9999 -9999 -9999 -9999 -9999 -9999 2441.47419617582 2554.74891005786 2514.12027306654 2565.77274410201 3199.95055703747 3095.25026552715 2682.18623504424 2059.79041962352 2119.14565012324 1945.51870868841 1543.25040149772 1443.77958799941 1313.61484991109 1272.90441353907 1584.36591029534 1603.06568740079 1486.554725519 1264.57170260187 1456.9167830913 1520.08800913773 1409.31606640976 981.457864141391 668.711624047843 481.389171843423 513.267415883172 575.032918189733 456.935553920951 27.2737928088334 112.890391012696 168 -9999 -9999 -9999 -9999 -9999 -9999 548.307013073991 585.040417742036 279.236184123002 441.687546588154 1001.44350836228 1052.19353415432 660.337064813746 311.194445494105 830.058876373115 483.79481208446 132.667169316841 113.224788617016 111.712463971417 111.138182657794 110.563930097371 109.989723125445 109.415549615792
-9999 -9999 -9999 -9999 -9999 -9999 2539.27476497071 2538.24328825604 2494.95956758854 2559.03049224754 3059.76965788131 2932.57997248426 2522.24142647257 1898.39545633139 1855.4512837735 1718.66471663237 1475.14717379218 1380.67017798257 1326.54966252615 1320.72890959466 1406.43017839226 1626.58007975745 1671.2809681919 1366.17150903026 1311.27274499569 1380.15160921649 1509.21013581288 1206.87082316205 834.428377765883 513.142619981263 480.677582028073 483.736446933605 363.580485496479 23.8656853822183 113.349883177359 168 -9999 -9999 -9999 -9999 -9999 397.789254040779 379.246388077976 114.215443327912 105.900512299873 352.937418479406 781.760597173472 807.347673740398 479.209307085812 201.82795042972 672.166410617949 369.218621234621 65.8268864425616 65.3146647664464 64.8024857148896 64.2903323036987 63.778204533209 63.266117420045 62.7540601519159
-9999 -9999 -9999 -9999 -9999 -9999 -9999 2611.66779725252 2686.18093167232 2763.22631921055 2729.4267328051 2555.29622331268 2281.33794506054 1897.95085522263 1790.18234223852 1672.20414353976 1535.12663721084 1461.00874458954 1593.14016025833 1775.32653136507 1767.4953275477 1697.57037138429 1635.69098249985 1613.00885116656 1344.75005936668 1258.03038751221 1348.7256531856 1382.85704028608 1112.88161281624 734.692399071589 516.263862180636 467.196316959457 342.799788128341 24.1135133804092 113.809362129831 -9999 -9999 -9999 -9999 -9999 -9999 224.656397773862 140.551866901345 56.9521612978368 357.150431988486 413.870308827304 244.386679479946 247.284398510161 145.484666125733 58.6533053893454 192.957267720948 105.782563235268 18.6353504905271 18.4903424098004 18.3453463959301 18.2003576407534 18.0553761443654 17.9104061579174 17.7654446204894
-9999 -9999 -9999 -9999 -9999 -9999 -9999 2767.41558910349 2835.58096521573 2809.27527890814 2517.04107729063 2340.19134661849 2223.87358613024 2161.14482958383 2025.31182472978 1838.43628594771 1636.20347426093 1733.74291045564 1989.17122982347 2230.37606201749 2150.5002654132 1882.84975972569 1676.30914314824 1649.96509468221 1434.62150473593 1293.5026783184 1251.47431024963 1410.10906349497 1290.27301872729 1014.30511587955 695.755963968521 529.424625061107 332.099278694413 21.2595390680301 4.17545011783532 -9999 -9999 -9999 -9999 -9999 -9999 29.4033269729192 33.9920110580656 37.5813224522009 485.640300929258 582.916086894795 354.952434776821 328.318362092601 171.478491325469 1.30267854371699 2.2929610571272 2.29481086966795 3.03166376964616 5.36286718946222 1.83368282290107 0 0 0 0
-9999 -9999 -9999 -9999 -9999 -9999 -9999 -9999 2951.49318241661 2754.27937774157 2396.28721995443 2241.77212560012 2289.86779586055 2594.33489874526 2454.90047948554 2146.85895996802 1774.83300885696 2134.38212166549 2468.25387639058 2682.85846172674 2543.30570120948 2143.31037483502 1772.61071549549 1558.85695493258 1558.82929785296 1430.6108588101 1206.09361477038 1341.97913706746 1394.82266436958 1320.08467295189 964.366260537291 646.03993265879 333.892506524786 16.82001311196 0 -9999 -9999 -9999 -9999 14.5943392989794 23.085639401344 12.7801796251923 14.4768302930504 43.5234391252367 529.712633264193 808.777246984271 862.438971183187 801.552387195196 418.608867886439 0.961980501594351 1.10247945908619 12.8504058596287 23.7877439502019 28.8374466290207 9.73692307443756 0.0163830328086844 0.0466075138806056 0.102296776183805 0.480050459982416
-9999 -9999 -9999 -9999 -9999 -9999 -9999 -9999 2867.84488293312 2768.83788251592 2747.54151696834 2492.82190610138 2476.60887679691 2961.47754273467 2833.7130918708 2564.48144782453 2259.16515376411 2610.72766183482 2901.61752245325 3043.15779373933 2790.6208372523 2423.02634442277 2060.59002180731 1754.43875033036 1603.62161056478 1528.83198591154 1502.30798304424 1327.95423971208 1277.44409348656 1248.24146242508 1078.61081882729 858.762139768881 526.21900857994 26.5085632385108 0 -9999 -9999 -9999 -9999 11.9751683329325 9.25516718156057 5.76993447855003 21.2285614745279 68.3044991206362 435.0898355521 592.168682820441 535.226053976392 431.859308126126 227.361187415747 32.9082626861131 37.7145727855418 334.653613078078 551.70453558917 522.94744663423 174.591481995187 0.56044498445639 1.59439022660814 3.49945677383254 16.4219821644081
-9999 -9999 -9999 -9999 -9999 -9999 -9999 -9999 -9999 2983.33512629568 3116.65354443819 2823.14226568266 2771.78706123889 3309.17272473854 3362.64351647194 3217.23634129387 2959.13373954168 3196.50071864481 3345.14575741648 3361.41921944739 3088.95824968267 2748.88530868191 2394.93472828783 2045.7113151011 1775.90914809954 1649.39817079836 1637.82351546062 1475.46486954499 1386.79997703459 1336.75880286898 1289.06379236397 1145.81789027415 768.031729428577 38.6900080323635 0 0 0 0 0 0.191537263384701 1.01140812670722 20.8110206097625 107.645070920693 297.692112753626 497.147495891083 524.062414590003 407.323357713618 447.619439155265 399.021146554973 317.97659760985 277.927361970434 461.955107089639 596.88962374004 563.276137217568 188.811675987346 6.94245734417344 18.510405737965 36.955924924236 140.64492160873
-9999 -9999 -9999 -9999 -9999 -9999 -9999 -9999 -9999 -9999 3507.14590416194 3248.37005613095 3196.79256653327 3633.58425377367 4071.30387429841 4151.50567289752 3917.27504011245 3913.2868775546 3800.84364005439 3629.3503746731 3448.38255242122 3129.98939827752 2784.79083713478 2451.5505347932 2100.84151775468 1796.71718191146 1580.94088664802 1816.37539700841 1767.6157743214 1617.26928984565 1614.70317711169 1521.87016020381 1069.09228148419 53.8560939256191 0 0 0 0 0 0.61239427937005 3.23373394794652 62.2532662009805 289.440969838196 772.046807107637 746.792277622022 633.751887837165 518.046659076507 924.866975908233 1005.1756195115 906.097641370409 761.902959386541 356.38763364905 64.1197340439066 60.3109758760401 22.6834892615465 20.3140095961068 53.8261795053039 106.40117659971 394.50829481235
-9999 -9999 -9999 -9999 -9999 -9999 -9999 -9999 -9999 -9999 4174.93983421651 4052.71202369333 4092.55121346669 4466.34604541967 4976.98262902633 5120.36519742175 4908.96970821833 4680.54892624733 4414.02681374548 4140.36798026262 3908.86495461802 3663.64890824792 3375.75325727433 3021.98179445207 2565.9987315104 2201.81353455131 1979.49729516394 2277.19057231774 2329.11883705365 2231.51626727655 2057.47181702993 1728.3408312846 1105.18569651924 55.6743189599681 0 0 0 0 1.19943458030405 10.9701549852664 46.8493877581066 220.676624190313 473.514694857512 801.814940024146 1112.77427188083 1171.48750328544 1044.46727447955 1371.47915569231 1280.18353976297 948.629193856769 525.345054998988 208.356457512118 20.1093163394768 1.41610537553699 1.38362236558269 10.6392438896041 33.0704661973083 109.359492242151 476.158330684133
