NetLogoInput/pp3_corridors_30.asc
NCOLS 263 
NROWS 382 
XLLCORNER -925595.5599279 
YLLCORNER -56566.5307948139 
CELLSIZE 30 
NODATA_value -9999 
[rows 264 to 285 of 382, columns 100 to 149 of 263]
919.013000488281 900.784851074219 882.556762695312 864.312927246094 846.02392578125 827.73486328125 809.4931640625 791.322204589844 773.151306152344 754.950378417969 736.724304199219 718.498229980469 700.194580078125 681.855651855469 663.516723632812 645.215881347656 626.9228515625 608.629821777344 590.450317382812 572.273864746094 554.401428222656 538.818298339844 523.235168457031 509.701019287109 501.981201171875 494.261383056641 487.379425048828 481.734008789062 476.088592529297 466.427124023438 453.442932128906 440.458770751953 424.147430419922 406.345275878906 388.543090820312 370.327697753906 352.029998779297 333.732299804688 315.543609619141 297.357482910156 279.167419433594 260.948791503906 242.730194091797 224.483520507812 206.158599853516 187.833679199219 169.518753051758 151.218414306641 132.918075561523 114.677543640137
935.421508789062 917.267700195312 899.113891601562 880.916809082031 862.594848632812 844.272888183594 825.995361328125 807.784301757812 789.5732421875 771.392395019531 753.236938476562 735.081420898438 716.802124023438 698.466552734375 680.130920410156 661.803955078125 643.478759765625 625.153625488281 606.934265136719 588.7177734375 570.622985839844 553.444702148438 536.266357421875 520.69580078125 509.687561035156 498.679321289062 490.572723388672 486.748443603516 482.924133300781 475.612487792969 465.415496826172 455.218536376953 440.009613037109 422.554931640625 405.100250244141 386.918121337891 368.591094970703 350.264068603516 332.035766601562 313.809783935547 295.591522216797 277.429626464844 259.267700195312 241.066055297852 222.753616333008 204.441177368164 186.122375488281 167.794311523438 149.466247558594 131.19140625
951.8994140625 933.763610839844 915.627868652344 897.44677734375 879.134765625 860.822814941406 842.536376953125 824.2880859375 806.039794921875 787.856323242188 769.72705078125 751.597778320312 733.347290039062 715.041564941406 696.73583984375 678.399597167969 660.05712890625 641.714660644531 623.458740234375 605.205078125 586.965393066406 568.830871582031 550.696350097656 533.737670898438 520.115905761719 506.494110107422 496.734436035156 492.674591064453 488.614715576172 482.49853515625 474.680999755859 466.863464355469 453.308685302734 437.183135986328 421.0576171875 403.209320068359 385.017883300781 366.826446533203 348.566223144531 330.304382324219 312.056762695312 293.912841796875 275.768890380859 257.588348388672 239.305725097656 221.023086547852 202.717483520508 184.378433227539 166.03938293457 147.740295410156
968.476989746094 950.278381347656 932.079833984375 913.870483398438 895.630187988281 877.389892578125 859.133117675781 840.851806640625 822.570495605469 804.351501464844 786.184875488281 768.018188476562 749.802734375 731.565063476562 713.327392578125 695.006103515625 676.667724609375 658.329406738281 640.041381835938 621.754699707031 603.4814453125 585.309387207031 567.137268066406 549.72265625 534.457580566406 519.192504882812 507.163787841797 499.911529541016 492.659240722656 486.078948974609 480.054565429688 474.030212402344 462.922790527344 449.537719726562 436.152679443359 419.070343017578 401.251617431641 383.432861328125 365.151672363281 346.859741210938 328.581115722656 310.399505615234 292.217926025391 274.024108886719 255.796157836914 237.568222045898 219.300354003906 200.974395751953 182.6484375 164.339569091797
985.054565429688 966.793151855469 948.53173828125 930.294250488281 912.125610351562 893.956970214844 875.729919433594 857.41552734375 839.101135253906 820.846740722656 802.642639160156 784.438537597656 766.258178710938 748.088562011719 729.919006347656 711.612609863281 693.2783203125 674.944091796875 656.623962402344 638.304260253906 619.997497558594 601.787841796875 583.578247070312 565.707702636719 548.799255371094 531.890869140625 517.593139648438 507.148468017578 496.703765869141 489.659362792969 485.428161621094 481.196960449219 472.536865234375 461.892303466797 451.247741699219 434.931396484375 417.485321044922 400.039276123047 381.737152099609 363.415100097656 345.105438232422 326.886199951172 308.666931152344 290.459838867188 272.286590576172 254.113342285156 235.883239746094 217.570373535156 199.257507324219 180.938842773438
1043.38598632812 1009.84832763672 976.310729980469 946.737915039062 928.61328125 910.488647460938 892.285400390625 873.964538574219 855.643676757812 837.366577148438 819.126159667969 800.8857421875 782.722351074219 764.594055175781 746.465759277344 728.18310546875 709.868896484375 691.554748535156 673.212646484375 654.869750976562 636.538208007812 618.2919921875 600.045776367188 581.829040527344 563.695739746094 545.5625 529.403198242188 516.157165527344 502.911102294922 494.882751464844 491.171356201172 487.459930419922 480.678192138672 472.520690917969 464.363189697266 449.274780273438 432.805908203125 416.337036132812 398.136260986328 379.895172119141 361.652404785156 343.397247314453 325.14208984375 306.916809082031 288.774780273438 270.632751464844 252.430679321289 234.141220092773 215.851776123047 197.53401184082
1220.41650390625 1128.353515625 1036.29040527344 963.238159179688 945.078918457031 926.919677734375 908.723388671875 890.4716796875 872.219970703125 853.956359863281 835.682739257812 817.409118652344 799.211364746094 781.048217773438 762.885070800781 744.651062011719 726.402587890625 708.154113769531 689.818359375 671.480346679688 653.149047851562 634.868957519531 616.5888671875 598.337890625 580.169494628906 562.001098632812 545.138366699219 530.20263671875 515.266906738281 504.776977539062 497.965301513672 491.153656005859 484.632568359375 478.24169921875 471.850799560547 459.303771972656 445.530548095703 431.757354736328 414.005615234375 396.161224365234 378.263580322266 359.977569580078 341.691589355469 323.434173583984 305.256561279297 287.078979492188 268.877319335938 250.640655517578 232.403991699219 214.117492675781
1397.44714355469 1246.85864257812 1096.27001953125 979.738464355469 961.544616699219 943.350769042969 925.161437988281 906.978820800781 888.796264648438 870.546081542969 852.2392578125 833.932434082031 815.700439453125 797.50244140625 779.304443359375 761.119018554688 742.936218261719 724.75341796875 706.424133300781 688.090881347656 669.759948730469 651.445922851562 633.131958007812 614.846740722656 596.643188476562 578.439697265625 560.87353515625 544.248107910156 527.622680664062 514.671142578125 504.75927734375 494.847381591797 488.586975097656 483.962707519531 479.338439941406 469.332763671875 458.255218505859 447.177642822266 429.874969482422 412.427276611328 394.874786376953 376.557922363281 358.241058349609 339.951538085938 321.738372802734 303.525177001953 285.323944091797 267.140075683594 248.95622253418 230.700958251953
1539.10583496094 1342.892578125 1146.67919921875 996.250244140625 978.021423339844 959.792663574219 941.605590820312 923.481018066406 905.3564453125 887.120666503906 868.791625976562 850.462585449219 832.199768066406 813.967102050781 795.734436035156 777.588745117188 759.460815429688 741.332824707031 723.015991210938 704.694030761719 686.369567871094 668.026000976562 649.682495117188 631.366271972656 613.127685546875 594.889038085938 576.693298339844 558.560791015625 540.428344726562 525.180297851562 512.318725585938 499.457122802734 493.140258789062 489.755889892578 486.371551513672 478.732025146484 470.244964599609 461.757904052734 445.144195556641 428.341186523438 411.357849121094 393.059143066406 374.760437011719 356.475372314453 338.228363037109 319.981353759766 301.777679443359 283.637084960938 265.496520996094 247.270477294922
1395.23059082031 1257.53125 1119.83203125 1012.85528564453 994.588562011719 976.321899414062 958.099304199219 939.942749023438 921.786193847656 903.572082519531 885.309753417969 867.047424316406 848.782592773438 830.516540527344 812.250549316406 794.072326660156 775.912048339844 757.751770019531 739.495727539062 721.237121582031 702.96923828125 684.631225585938 666.293273925781 647.972106933594 629.69873046875 611.425415039062 593.195739746094 575.030395507812 556.865112304688 540.653137207031 526.057250976562 511.461364746094 502.527923583984 496.131713867188 489.735473632812 483.047912597656 476.302307128906 469.556701660156 455.568969726562 441.412567138672 426.806610107422 408.921783447266 391.036956787109 373.051330566406 354.784545898438 336.517791748047 318.288726806641 300.114562988281 281.940399169922 263.727355957031
1251.35522460938 1172.17004394531 1092.98474121094 1029.46032714844 1011.15570068359 992.851135253906 974.593017578125 956.404479980469 938.215942382812 920.023559570312 901.827941894531 883.632263183594 865.365356445312 847.066040039062 828.766662597656 810.555908203125 792.36328125 774.170654296875 755.975463867188 737.7802734375 719.568969726562 701.236511230469 682.904052734375 664.577941894531 646.269836425781 627.961791992188 609.698120117188 591.5 573.301879882812 556.125915527344 539.795776367188 523.465637207031 511.915618896484 502.507507324219 493.099426269531 487.363800048828 482.359649658203 477.355499267578 465.993774414062 454.483947753906 442.25537109375 424.784423828125 407.3134765625 389.627288818359 371.340759277344 353.054229736328 334.799774169922 316.592041015625 298.38427734375 280.184204101562
1107.47985839844 1086.80871582031 1066.13745117188 1046.06530761719 1027.72290039062 1009.38037109375 991.086791992188 972.866271972656 954.645751953125 936.475036621094 918.346069335938 900.217163085938 881.948181152344 863.615478515625 845.282775878906 827.039489746094 808.814514160156 790.589538574219 772.455261230469 754.323364257812 736.168640136719 717.841735839844 699.514831542969 681.183776855469 662.840942382812 644.498168945312 626.200561523438 607.969604492188 589.738647460938 571.598754882812 553.534301757812 535.469848632812 521.303283691406 508.883331298828 496.463348388672 491.6796875 488.4169921875 485.154296875 476.418548583984 467.555297851562 457.704132080078 440.647064208984 423.589996337891 406.203247070312 387.896942138672 369.590637207031 351.310821533203 333.069488525391 314.828155517578 296.641082763672
1117.52819824219 1099.25024414062 1080.97241210938 1062.677734375 1044.33447265625 1025.99133300781 1007.68188476562 989.422790527344 971.163757324219 952.961547851562 934.806945800781 916.652404785156 898.4169921875 880.144775390625 861.872497558594 843.611755371094 825.353271484375 807.094848632812 788.934143066406 770.776062011719 752.605041503906 734.337097167969 716.069091796875 697.782836914062 679.444580078125 661.106384277344 642.797180175781 624.530822753906 606.264465332031 588.054748535156 569.891906738281 551.729064941406 536.270874023438 522.024658203125 507.778411865234 500.405151367188 494.400848388672 488.396545410156 481.286163330078 474.150024414062 466.119995117188 451.570220947266 437.020416259766 421.602630615234 403.763793945312 385.924957275391 367.909057617188 349.635406494141 331.361724853516 313.144470214844
1133.95251464844 1115.7431640625 1097.53381347656 1079.29028320312 1060.94799804688 1042.60571289062 1024.28112792969 1005.98327636719 987.685424804688 969.449523925781 951.265502929688 933.081481933594 914.881103515625 896.673217773438 878.46533203125 860.187622070312 841.895690917969 823.603759765625 805.413024902344 787.224914550781 769.03466796875 750.827880859375 732.621032714844 714.381591796875 696.049621582031 677.717651367188 659.397766113281 641.095886230469 622.7939453125 604.551391601562 586.35791015625 568.164489746094 551.469604492188 535.446228027344 519.4228515625 509.313293457031 500.381652832031 491.450042724609 485.923583984375 480.476440429688 474.244567871094 462.288757324219 450.332946777344 436.953277587891 419.602081298828 402.250915527344 384.510894775391 366.204956054688 347.899017333984 329.649810791016
1150.37670898438 1132.23596191406 1114.09533691406 1095.90295410156 1077.5615234375 1059.21997070312 1040.88049316406 1022.54376220703 1004.20709228516 985.9375 967.723999023438 949.510559082031 931.345153808594 913.20166015625 895.058166503906 876.763549804688 858.438110351562 840.112670898438 821.891845703125 803.673828125 785.464294433594 767.318664550781 749.172973632812 730.980407714844 712.654602050781 694.328857421875 675.998352050781 657.660888671875 639.323486328125 621.048034667969 602.823974609375 584.599914550781 566.668334960938 548.867797851562 531.067260742188 518.221435546875 506.362487792969 494.503509521484 490.561004638672 486.802886962891 482.369140625 473.007293701172 463.645477294922 452.303924560547 435.440399169922 418.576843261719 401.112762451172 382.774536132812 364.436279296875 346.155151367188
1166.85668945312 1148.70776367188 1130.55895996094 1112.37438964844 1094.08666992188 1075.79895019531 1057.48913574219 1039.146484375 1020.8037109375 1002.51080322266 984.259582519531 966.008422851562 947.824584960938 929.67138671875 911.518188476562 893.258422851562 874.976989746094 856.695495605469 838.443786621094 820.19287109375 801.953002929688 783.796508789062 765.640014648438 747.452209472656 729.175476074219 710.898681640625 692.596923828125 674.25830078125 655.919677734375 637.624450683594 619.365173339844 601.105895996094 582.914611816406 564.753723144531 546.592834472656 531.995361328125 518.107666015625 504.220001220703 498.318267822266 492.602569580078 486.674499511719 479.197509765625 471.720550537109 462.328491210938 447.594696044922 432.860900878906 416.80908203125 398.838775634766 380.868469238281 362.734649658203
1183.349609375 1165.17468261719 1146.99963378906 1128.81274414062 1110.59118652344 1092.36962890625 1074.10009765625 1055.75903320312 1037.41784667969 1019.10406494141 1000.81323242188 982.522338867188 964.307556152344 946.127319335938 927.947143554688 909.734375 891.515014648438 873.295654296875 855.012817382812 836.728271484375 818.455444335938 800.271301269531 782.087219238281 763.894287109375 745.676574707031 727.458862304688 709.195068359375 690.86328125 672.531494140625 654.219543457031 635.924011230469 617.62841796875 599.406188964844 581.216796875 563.027465820312 546.908996582031 531.203063964844 515.497131347656 506.806274414062 498.278839111328 490.085296630859 484.327087402344 478.568908691406 471.105560302734 458.886138916016 446.666717529297 432.293304443359 414.78466796875 397.276031494141 379.331573486328
1199.84252929688 1181.64147949219 1163.4404296875 1145.25109863281 1127.095703125 1108.94030761719 1090.71105957031 1072.37158203125 1054.03198242188 1035.69738769531 1017.36682128906 999.036315917969 980.79052734375 962.583312988281 944.376098632812 926.210327148438 908.053100585938 889.895812988281 871.581848144531 853.263671875 834.957946777344 816.746154785156 798.534362792969 780.33642578125 762.177673339844 744.018981933594 725.793151855469 707.46826171875 689.143371582031 670.814636230469 652.482788085938 634.150939941406 615.897766113281 597.679931640625 579.462036132812 561.822631835938 544.298461914062 526.774230957031 515.294311523438 503.955139160156 493.49609375 489.456665039062 485.417236328125 479.882629394531 470.177551269531 460.472503662109 447.777557373047 430.730560302734 413.68359375 395.928466796875
1216.41259765625 1198.17468261719 1179.93664550781 1161.7216796875 1143.5732421875 1125.42468261719 1107.216796875 1088.919921875 1070.623046875 1052.30139160156 1033.95886230469 1015.61645507812 997.342224121094 979.099060058594 960.855895996094 942.688110351562 924.53564453125 906.383178710938 888.096740722656 869.806762695312 851.522155761719 833.278686523438 815.03515625 796.814636230469 778.6591796875 760.503784179688 742.296020507812 724.011108398438 705.726135253906 687.411499023438 669.072204589844 650.732971191406 632.453979492188 614.201965332031 595.949951171875 577.775146484375 559.615661621094 541.456237792969 527.829711914062 514.308715820312 501.780914306641 496.496856689453 491.212799072266 485.279235839844 477.533966064453 469.788696289062 459.001007080078 443.784881591797 428.568725585938 411.805114746094
1233.02233886719 1214.74194335938 1196.46154785156 1178.208984375 1160.03686523438 1141.86474609375 1123.66833496094 1105.43530273438 1087.20227050781 1068.91101074219 1050.57080078125 1032.23059082031 1013.92926025391 995.645568847656 977.361938476562 959.166748046875 940.989685058594 922.812561035156 904.583862304688 886.353759765625 868.1181640625 849.840881347656 831.563659667969 813.311462402344 795.130615234375 776.94970703125 758.749816894531 740.521911621094 722.294006347656 704.009216308594 685.677429199219 667.345642089844 649.043395996094 630.754333496094 612.46533203125 594.262268066406 576.076354980469 557.890441894531 542.447998046875 527.069458007812 512.574035644531 504.520324707031 496.466613769531 488.936157226562 482.865295410156 476.794403076172 468.031768798828 455.35107421875 442.670379638672 427.311065673828
1249.63208007812 1231.30932617188 1212.98645019531 1194.6962890625 1176.50061035156 1158.30493164062 1140.11975097656 1121.95068359375 1103.78149414062 1085.5205078125 1067.1826171875 1048.8447265625 1030.51635742188 1012.19213867188 993.867919921875 975.645446777344 957.443664550781 939.241882324219 921.070922851562 902.900756835938 884.714111328125 866.403076171875 848.092102050781 829.808349609375 811.601989746094 793.395690917969 775.20361328125 757.03271484375 738.86181640625 720.606994628906 702.282653808594 683.958374023438 665.6328125 647.306762695312 628.980651855469 610.749389648438 592.537048339844 574.324645996094 557.066284179688 539.830139160156 523.3671875 512.543823242188 501.720397949219 492.593109130859 488.196594238281 483.800079345703 477.0625 466.917266845703 456.772033691406 442.817016601562
1266.15319824219 1247.84240722656 1229.53161621094 1211.24194335938 1193.01293945312 1174.78393554688 1156.58715820312 1138.43835449219 1120.28967285156 1102.05578613281 1083.75048828125 1065.44519042969 1047.1142578125 1028.77185058594 1010.42932128906 992.176147460938 973.941223144531 955.706237792969 937.551879882812 919.399658203125 901.230285644531 882.932312011719 864.63427734375 846.352416992188 828.116271972656 809.880187988281 791.676879882812 773.52197265625 755.367126464844 737.136901855469 718.844360351562 700.551818847656 682.226440429688 663.886291503906 645.546203613281 627.285766601562 609.041137695312 590.796569824219 572.636108398438 554.477661132812 536.923461914062 523.776550292969 510.629699707031 499.645416259766 494.693115234375 489.740844726562 483.523345947266 475.464233398438 467.405151367188 455.2197265625
