NetLogoInput/pp3_resistance_60.asc
NCOLS 132 
NROWS 191 
XLLCORNER -925625.5599279 
YLLCORNER -56596.5307948139 
CELLSIZE 60 
NODATA_value -9999 
[rows 148 to 184 of 191, columns 0 to 83 of 132]
800 800 726.244036 689.366063 689.366028 448.327193 327.807838 327.807587 117.0552 11.679078 11.678793 9.938195 9.067898 9.067891 9.533946 10 7.652759 6.479228 6.478867 8.777131 9.926222 9.926387 9.975462 10 10 10 10 10 7.746749 5.474876 7.33034 8.14872 8.53374 6.499881 5.783015 4.340172 1.835785 1.775434 1.574434 1.305588 1.049805 1 1 1 1 1 1 1 1 1.000256 1.001346 1.005596 1.006399 1.000303 1 1 1 1 1 1 1 1 1 1 1 1 1 1 1 1 1 1 1 1 1 1 1 1 1 1 1 1 1 1
800 726.244028 689.366046 689.366028 448.32713 327.807712 327.807587 117.055129 11.678936 11.678793 9.938193 9.067894 9.067891 9.533946 10 7.652668 6.479048 6.478867 8.777173 9.926305 9.926387 9.975462 10 10 10 10 10 7.740542 5.474876 7.420046 8.34123 8.53374 6.108847 5.061593 4.340172 2.880244 1.225673 1.209377 1.155105 1.082513 1.013448 1 1 1 1 1 1 1 1 1.001506 1.007907 1.03288 1.037598 1.001781 1 1 1 1 1 1 1 1 1 1 1 1 1 1 1 1 1 1 1 1 1 1 1 1 1 1 1 1 1 1
726.244023 689.366037 689.366028 448.327099 327.80765 327.807587 117.055093 11.678864 11.678793 9.938192 9.067892 9.067891 9.533946 10 7.652623 6.478957 6.478867 8.777193 9.926346 9.926387 9.975462 10 10 10 10 10 7.738473 5.474876 7.466537 8.437485 8.53374 5.92091 4.700883 4.340172 3.503068 2.67251 4.119347 3.054171 1.908975 1 1 1 1 1 1 1 1 1 1 1.285105 2.496847 2.839937 2.41399 1.066967 1 1.029503 1.089156 1.179112 1.172567 1.108872 1.017489 1 1 1 1 1 1 1 1 1 1 1 1 1 1 1 1 1 1 1 1 1 1 1
689.366033 689.366028 448.327083 327.807618 327.807587 117.055076 11.678829 11.678793 9.938192 9.067892 9.067891 9.533946 10 7.652601 6.478912 6.478867 8.777203 9.926366 9.926387 9.975462 10 10 10 10 10 7.737783 5.474876 7.490191 8.485612 8.53374 5.828837 4.520528 4.340172 3.839629 3.395928 4.119347 5.484797 6.258447 3.421402 1.122472 1.019961 1 1 1 1 1.054617 1.150426 1.155721 1.155488 1.864664 4.88864 5.603736 4.457708 1.163757 1 1.124742 1.371501 1.693451 1.644543 1.389784 1.072976 1.013701 1.010815 1.000496 1 1 1 1 1 1 1 1 1 1 1 1 1 1 1 1.006006 1.031001 1.059296 1.067661 1.042774
689.366028 448.327075 327.807603 327.807587 117.055067 11.678811 11.678793 9.938192 9.067892 9.067891 9.533946 10 7.652589 6.47889 6.478867 8.777208 9.926376 9.926387 9.975462 10 10 10 10 10 7.737553 5.474876 7.502121 8.509676 8.53374 5.783275 4.43035 4.340172 4.014196 3.757638 4.119347 6.37355 7.382835 8.507222 6.131688 3.344696 1.382138 1 1 1 1 2.045625 3.879863 3.981242 3.976769 4.676718 7.84054 6.858509 4.40416 1.161221 1 2.050102 4.068711 6.15252 5.513057 3.524554 1.60392 1.262295 1.207051 1.009492 1 1 1 1 1 1 1 1 1 1 1 1 1 1 1 1.114981 1.593501 2.135214 2.295356 1.818892
448.327071 327.807595 327.807587 117.055062 11.678802 11.678793 9.938192 9.067892 9.067891 9.533946 10 7.652584 6.478879 6.478867 8.777211 9.926382 9.926387 9.975462 10 10 10 10 10 7.737476 5.474876 7.508111 8.521708 8.53374 5.760612 4.385261 4.340172 4.103052 3.938493 4.119347 6.736287 7.945029 8.507222 7.625039 8.236207 6.045833 3.95013 3.559093 3.580235 3.601376 3.622515 4.743485 6.692819 6.808285 6.814208 7.3065 9.560033 7.500318 4.374684 1.193159 1.011711 2.088363 4.179803 6.331859 5.710274 3.913588 2.826508 2.572933 2.128547 1.051738 1 1 1 1 1 1 1 1 1 1 1 1 1.019678 1.22264 1.441153 1.859189 2.883693 3.94481 4.134409 2.910071
327.807591 327.807587 117.05506 11.678798 11.678793 9.938192 9.067892 9.067891 9.533946 10 7.652581 6.478873 6.478867 8.777212 9.926385 9.926387 9.975462 10 10 10 10 10 7.737451 5.474876 7.511113 8.527724 8.53374 5.74931 4.362716 4.340172 4.147873 4.02892 4.119347 6.897246 8.226126 8.507222 8.122823 8.236207 8.34129 9.265556 8.906678 8.889288 8.954466 9.019641 9.08481 9.289603 9.596213 9.636975 9.669145 9.738909 9.945021 7.478383 4.371277 1.262425 1.036103 1.166034 1.490528 1.876912 1.932045 2.412262 4.798038 5.033602 3.835386 1.129989 1 1 1 1 1 1 1 1 1 1 1 1 1.060663 1.686364 2.360007 3.291256 4.961862 6.548866 6.635471 4.34241
327.807587 117.055059 11.678796 11.678793 9.938192 9.067892 9.067891 9.533946 10 7.652579 6.47887 6.478867 8.777213 9.926386 9.926387 9.975462 10 10 10 10 10 7.737442 5.474876 7.512615 8.530732 8.53374 5.743666 4.351444 4.340172 4.170381 4.074134 4.119347 6.972622 8.366674 8.507222 8.288751 8.236207 8.984155 9.54156 9.817564 9.735019 9.742702 9.772202 9.801699 9.831194 8.937222 7.36219 7.469882 7.428113 7.360937 7.457419 7.788146 6.826378 3.651427 1.834576 1.958744 3.785411 5.513564 6.085118 5.93657 5.342976 3.818614 2.274847 1.058445 1 1 1 1 1 1 1 1 1 1 1.336318 1.702177 2.215619 3.992727 5.726519 6.761056 5.65263 4.559862 3.497847 2.479419
117.055058 11.678795 11.678793 9.938192 9.067892 9.067891 9.533946 10 7.652579 6.478868 6.478867 8.777213 9.926386 9.926387 9.975462 10 10 10 10 10 7.737439 5.474876 7.513367 8.532236 8.53374 5.740846 4.345808 4.340172 4.18166 4.096741 4.119347 7.009035 8.436948 8.507222 8.34406 8.236207 9.179372 9.679562 9.817564 9.749034 9.889359 10 10 10 10 8.338055 5.39323 4.911994 4.62375 4.50672 4.628209 6.54781 7.041598 4.489399 2.125398 2.272721 4.693365 6.942236 7.658534 7.046912 4.642057 2.380501 1 1 1 1 1 1 1 1 1 1 1 1 2.121694 3.28367 4.506296 6.413994 8.231152 8.837529 5.757642 2.803174 1 1
11.678794 11.678793 9.938192 9.067892 9.067891 9.533946 10 7.652578 6.478867 6.478867 8.777213 9.926386 9.926387 9.975462 10 10 10 10 10 7.737438 5.474876 7.513743 8.532988 8.53374 5.739437 4.34299 4.340172 4.187306 4.108044 4.119347 7.026922 8.472085 8.507222 8.362496 8.236207 9.245427 9.748563 9.817564 9.710642 9.721776 9.554194 10 10 10 10 8.280195 5.055085 2.623873 1.760347 1.709429 1.716894 2.091335 2.188471 1.686416 1.221382 1.250363 1.726539 2.168925 2.309831 2.189516 1.716446 1.271565 1 1 1 1 1 1 1 1 1 1 1 1 3.746782 6.500152 8.864674 8.676429 8.466084 7.653057 4.969151 2.495044 1 1
11.678793 9.938192 9.067892 9.067891 9.533946 10 7.652578 6.478867 6.478867 8.777213 9.926386 9.926387 9.975462 10 10 10 10 10 7.737438 5.474876 7.513931 8.533364 8.53374 5.738732 4.341581 4.340172 4.19013 4.113696 4.119347 7.035786 8.489653 8.507222 8.368642 8.236207 9.270566 9.783064 9.817564 9.680096 9.637985 9.554194 9.812941 10 10 10 10 8.24598 4.918162 2.01939 1.030784 1.014386 1.010879 1.021655 1.022396 1.001061 1 1 1 1 1 1 1 1 1 1 1 1 1 1 1 1 1 1.222347 1.495115 1.765236 4.695492 7.392645 9.34295 7.388109 5.755225 4.312343 2.965679 1.738985 1 1
9.938192 9.067892 9.067891 9.533946 10 7.652578 6.478867 6.478867 8.777213 9.926386 9.926387 9.975462 10 10 10 10 10 7.737438 5.474876 7.514025 8.533552 8.53374 5.73838 4.340877 4.340172 4.191543 4.116522 4.119347 7.040198 8.498438 8.507222 8.37069 8.236207 9.281163 9.800314 9.817564 9.661986 9.59609 9.554194 9.728373 9.848785 9.697571 9.347214 9.038503 9.015119 7.630537 5.014073 2.767154 1.753436 1.477616 1.568426 1.542404 1.373978 1.017712 1 1 1 1 1 1 1 1 1 1 1 1 1 1 1 1 1 1.731493 2.604051 3.427742 5.759495 7.481002 8.167865 4.971914 2.549305 1 1 1 1 1
9.067892 9.067891 9.533946 10 7.652578 6.478867 6.478867 8.777213 9.926386 9.926387 9.975462 10 10 10 10 10 7.737438 5.474876 7.514072 8.533646 8.53374 5.738204 4.340524 4.340172 4.192249 4.117935 4.119347 7.042399 8.50283 8.507222 8.371373 8.236207 9.285968 9.808939 9.817564 9.652221 9.575142 9.554194 9.688329 9.773178 9.697571 7.521528 5.722885 3.700183 3.546972 4.334388 5.872809 7.184959 5.936576 4.109921 4.622195 4.303102 3.19098 1.103765 1 1 1 1 1 1 1 1 1 1 1 1 1 1 1 1 1 3.21793 5.776227 8.045005 8.346831 7.339695 5.194616 2.663408 1.438603 1 1 1 1 1
9.067891 9.533946 10 7.652578 6.478867 6.478867 8.777213 9.926386 9.926387 9.975462 10 10 10 10 10 7.737438 5.474876 7.514095 8.533693 8.53374 5.738116 4.340348 4.340172 4.192602 4.118641 4.119347 7.043499 8.505026 8.507222 8.371601 8.236207 9.288248 9.813252 9.817564 9.647162 9.564668 9.554194 9.668867 9.735374 9.697571 7.014551 5.520664 5.318443 4.600585 4.548466 5.608252 7.503886 7.857964 5.88119 3.562852 3.974384 3.705382 2.791054 1.084824 1 1 1 1 1 1 1 1 1 1 1 1 1 1 1 1 1 3.642696 6.652276 9.254319 7.912975 5.64437 2.860039 1.462964 1 1 1 1 1 1
9.533946 10 7.652578 6.478867 6.478867 8.777213 9.926386 9.926387 9.975462 10 10 10 10 10 7.737438 5.474876 7.514107 8.533717 8.53374 5.738072 4.34026 4.340172 4.192779 4.118994 4.119347 7.044048 8.506124 8.507222 8.371677 8.236207 9.289357 9.815408 9.817564 9.644588 9.559431 9.554194 9.659276 9.716472 9.697571 6.86253 5.419554 5.318443 6.396353 9.270032 9.45728 9.575242 9.415314 6.04427 3.10441 1.019541 1.003162 1 1 1 1 1 1 1 1 1 1 1 1 1 1 1 1 1 1 1 1 3.337147 5.952122 8.131212 5.492404 2.977949 1 1 1 1 1 1 1 1
10 7.652578 6.478867 6.478867 8.777213 9.926386 9.926387 9.975462 10 10 10 10 10 7.737438 5.474876 7.514113 8.533728 8.53374 5.73805 4.340216 4.340172 4.192867 4.11917 4.119347 7.044322 8.506673 8.507222 8.371702 8.236207 9.289904 9.816486 9.817564 9.64329 9.556812 9.554194 9.654516 9.707022 9.697571 6.811885 5.368998 5.318443 6.994943 9.270032 6.057617 4.230828 4.227557 4.122612 2.84891 1.764333 1.006892 1.001115 1 1 1 1 1 1 1 1 1 1 1 1 1 1 1 1 1 1 1 1 1.82432 2.746632 3.515205 2.584487 1.69763 1 1 1 1 1 1 1 1
7.652578 6.478867 6.478867 8.777213 9.926386 9.926387 9.975462 10 10 10 10 10 7.737438 5.474876 7.514116 8.533734 8.53374 5.738039 4.340194 4.340172 4.192911 4.119259 4.119347 7.04446 8.506947 8.507222 8.37171 8.236207 9.290175 9.817025 9.817564 9.642638 9.555503 9.554194 9.652144 9.702296 9.697571 6.792905 5.34372 5.318443 7.194473 9.270032 4.837889 2.751578 1.272328 1.223032 1.169714 1.076649 1.024277 1 1 1 1 1 1 1 1 1 1.051021 1.105943 1.090768 1.038121 1 1 1 1 1.014018 1.161131 1.186183 1.132311 1.021099 1 1 1 1 1 1 1 1 1 1 1 1 1
6.478867 6.478867 8.777213 9.926386 9.926387 9.975462 10 10 10 10 10 7.737438 5.474876 7.514117 8.533737 8.53374 5.738034 4.340183 4.340172 4.192933 4.119303 4.119347 7.044529 8.507085 8.507222 8.371713 8.236207 9.29031 9.817294 9.817564 9.642311 9.554848 9.554194 9.650961 9.699934 9.697571 6.785 5.331081 5.318443 7.260983 9.270032 4.348051 2.011953 1.272328 1.129809 1.023876 1.018168 1.008206 1.002599 1 1 1 1 1 1 1 1 1 1.163126 1.338726 1.290207 1.121884 1 1 1 1 1.044818 1.515177 1.595274 1.423033 1.067458 1 1 1 1 1 1 1 1 1 1 1 1 1
6.478867 8.777213 9.926386 9.926387 9.975462 10 10 10 10 10 7.737438 5.474876 7.514118 8.533738 8.53374 5.738031 4.340177 4.340172 4.192944 4.119325 4.119347 7.044563 8.507154 8.507222 8.371714 8.236207 9.290378 9.817429 9.817564 9.642148 9.554521 9.554194 9.65037 9.698753 9.697571 6.781444 5.324762 5.318443 7.283153 9.270032 4.133138 1.64214 1.272328 1.103519 1.011938 1 1 1 1 1 1 1 1 1 1 1 1 1 2.388919 3.813694 3.103663 1.853764 1.084321 1.306051 1.259948 1.287024 1.598838 3.865262 3.980273 2.874004 1.298833 1 1 1 1 1 1 1 1 1 1 1 1 1
8.777213 9.926386 9.926387 9.975462 10 10 10 10 10 7.737438 5.474876 7.514118 8.533739 8.53374 5.738029 4.340174 4.340172 4.19295 4.119336 4.119347 7.04458 8.507188 8.507222 8.371714 8.236207 9.290412 9.817497 9.817564 9.642066 9.554358 9.554194 9.650074 9.698162 9.697571 6.779765 5.321602 5.318443 7.290543 9.270032 4.033183 1.457234 1.272328 1.095454 1.005969 1 1 1 1 1 1.000651 1.003419 1.00172 1 1 1 1 1.004286 1.05007 2.984947 4.940172 3.900285 2.228994 1.469713 2.440173 2.197369 2.293031 3.028473 6.385761 6.133935 3.973599 1.474177 1 1 1 1 1 1 1 1 1 1 1 1 1
9.926386 9.926387 9.975462 10 10 10 10 10 7.737438 5.474876 7.514118 8.533739 8.53374 5.738029 4.340173 4.340172 4.192953 4.119342 4.119347 7.044589 8.507205 8.507222 8.371714 8.236207 9.290428 9.81753 9.817564 9.642025 9.554276 9.554194 9.649926 9.697866 9.697571 6.778951 5.320023 5.318443 7.293006 9.270032 3.985081 1.364781 1.272328 1.092691 1.002984 1 1 1 1 1 1 1.002785 1.014623 1.007356 1 1 1 1 1.018334 1.214173 1.801193 2.299885 1.880363 1.590892 2.514631 5.365263 4.597077 4.847463 6.289986 8.675138 7.147738 3.912993 1.464512 1 1 1 1 1 1 1 1 1 1 1 1 1
9.926387 9.975462 10 10 10 10 10 7.737438 5.474876 7.514118 8.533739 8.53374 5.738028 4.340172 4.340172 4.192954 4.119345 4.119347 7.044593 8.507214 8.507222 8.371714 8.236207 9.290436 9.817547 9.817564 9.642005 9.554235 9.554194 9.649852 9.697719 9.697571 6.77855 5.319233 5.318443 7.293827 9.270032 3.961499 1.318554 1.272328 1.091628 1.001492 1 1 1 1 3.958107 4.742404 5.127433 4.722522 2.897171 1.672045 1 1 1 1 1.183769 3.146713 4.602746 5.088579 3.271389 3.557891 4.406602 5.360118 5.336849 6.233778 7.948683 9.055332 6.980936 3.658817 1.423981 1 1 1 1 1 1 1 1 1 1 1 1 1
9.975462 10 10 10 10 10 7.737438 5.474876 7.514118 8.533739 8.53374 5.738028 4.340172 4.340172 4.192955 4.119346 4.119347 7.044595 8.507218 8.507222 8.371714 8.236207 9.290441 9.817556 9.817564 9.641994 9.554215 9.554194 9.649815 9.697645 9.697571 6.778351 5.318838 5.318443 7.294101 9.270032 3.949825 1.295441 1.272328 1.091175 1.000746 1 1 1 1 5.241087 6.916215 9.090026 9.649558 8.503211 4.719168 2.308924 1.018048 1.024871 1.016765 1.007942 1.369274 5.313711 8.171896 9.15913 5.881319 6.344602 6.415611 4.40447 5.100995 6.445373 8.076462 8.014054 5.932452 3.148864 1.342663 1.054995 1.086649 1.059702 1.019427 1 1 1 1 1 1 1 1 1
10 10 10 10 10 7.737438 5.474876 7.514118 8.533739 8.53374 5.738028 4.340172 4.340172 4.192955 4.119347 4.119347 7.044596 8.50722 8.507222 8.371714 8.236207 9.290443 9.81756 9.817564 9.641989 9.554205 9.554194 9.649797 9.697608 9.697571 6.778251 5.318641 5.318443 7.294192 9.270032 3.944018 1.283885 1.272328 1.090969 1.000373 1 1 1 1 5.833558 8.00312 9.090026 8.916886 8.011073 5.130612 2.443446 1.467341 1.134402 1.185214 1.124846 1.059146 1.359291 5.197097 7.897793 9.280778 8.262694 8.350926 7.356599 4.171435 2.893196 2.610299 3.092643 3.074188 2.458619 1.63546 1.101332 1.409541 1.645272 1.444597 1.144671 1.054699 1 1 1 1 1 1 1 1
10 10 10 10 7.737438 5.474876 7.514118 8.533739 8.53374 5.738028 4.340172 4.340172 4.192955 4.119347 4.119347 7.044596 8.507221 8.507222 8.371714 8.236207 9.290444 9.817562 9.817564 9.641987 9.554199 9.554194 9.649788 9.697589 9.697571 6.778202 5.318542 5.318443 7.294222 9.270032 3.941121 1.278106 1.272328 1.090871 1.000186 1 1 1 1 6.117539 8.546573 9.090026 8.672662 8.011073 7.274943 6.018167 4.60261 4.365801 4.399291 4.413589 2.927482 1.748496 1.224307 3.62027 5.28446 6.263023 6.219278 6.175536 5.264883 2.941507 1.610304 1 1 1 1 1 1 2.36729 3.118882 2.356189 1.648486 1.144671 1.066457 1 1 1 1 1 1 1
10 10 10 7.737438 5.474876 7.514118 8.533739 8.53374 5.738028 4.340172 4.340172 4.192955 4.119347 4.119347 7.044597 8.507222 8.507222 8.371714 8.236207 9.290444 9.817563 9.817564 9.641985 9.554196 9.554194 9.649783 9.69758 9.697571 6.778177 5.318492 5.318443 7.294232 9.270032 3.939675 1.275217 1.272328 1.090823 1.000093 1 1 1 1 6.256466 8.8183 9.090026 8.591254 8.011073 8.301245 7.979044 9.93992 9.915295 9.924459 9.902404 9.815845 5.928272 2.887705 1 1 1 1 1 1 1 1 1 1 1 1 1 1 1 3.745569 5.23007 3.568381 2.356189 1.716449 1.144671 1.070376 1 1 1 1 1 1
10 10 7.737438 5.474876 7.514118 8.533739 8.53374 5.738028 4.340172 4.340172 4.192955 4.119347 4.119347 7.044597 8.507222 8.507222 8.371714 8.236207 9.290445 9.817564 9.817564 9.641984 9.554195 9.554194 9.649781 9.697575 9.697571 6.778165 5.318468 5.318443 7.294236 9.270032 3.938952 1.273772 1.272328 1.090799 1.000046 1 1 1 1 6.325164 8.954163 9.090026 8.564118 8.011073 8.80293 8.959482 9.93992 6.274558 4.239467 6.364384 7.485894 6.116511 3.408109 1.685259 1 1 1 1 1 1 1 1 1 1 1 1 1 1 1 1.996674 3.657438 5.23007 3.718213 2.356189 1.739103 1.144671 1.071682 1 1 1 1 1
10 7.737438 5.474876 7.514118 8.533739 8.53374 5.738028 4.340172 4.340172 4.192955 4.119347 4.119347 7.044597 8.507222 8.507222 8.371714 8.236207 9.290445 9.817564 9.817564 9.641984 9.554195 9.554194 9.64978 9.697573 9.697571 6.778159 5.318456 5.318443 7.294237 9.270032 3.93859 1.27305 1.272328 1.090788 1.000023 1 1 1 1 6.359321 9.022094 9.090026 8.555072 8.011073 9.050906 9.449701 9.93992 4.959884 2.621509 1.00355 3.424648 4.713619 3.186777 1.751232 1.088685 1.127668 1.146581 1.108566 1.04813 1.007732 1 1 1 1 1 1 1 1 1 1 1.249168 1.996674 3.628061 5.23007 3.768157 2.356189 1.746654 1.144671 1.072118 1 1 1 1
7.737438 5.474876 7.514118 8.533739 8.53374 5.738028 4.340172 4.340172 4.192955 4.119347 4.119347 7.044597 8.507222 8.507222 8.371714 8.236207 9.290445 9.817564 9.817564 9.641984 9.554195 9.554194 9.649779 9.697572 9.697571 6.778156 5.318449 5.318443 7.294237 9.270032 3.93841 1.272689 1.272328 1.090782 1.000012 1 1 1 1 6.376352 9.05606 9.090026 8.552057 8.011073 9.174177 9.69481 9.93992 4.428971 1.81253 1.00355 1.699308 1.306843 1.469965 1.276741 1.238186 1.294875 1.424492 1.487378 1.360978 1.160032 1.025707 1 1 1 1 1 1 1 1 1 1 1 1.31146 1.996674 3.618268 5.23007 3.784805 2.356189 1.749171 1.144671 1.072263 1 1 1
5.474876 7.514118 8.533739 8.53374 5.738028 4.340172 4.340172 4.192955 4.119347 4.119347 7.044597 8.507222 8.507222 8.371714 8.236207 9.290445 9.817564 9.817564 9.641984 9.554195 9.554194 9.649779 9.697571 9.697571 6.778154 5.318446 5.318443 7.294237 9.270032 3.93832 1.272508 1.272328 1.090779 1.000006 1 1 1 1 6.384855 9.073043 9.090026 8.551052 8.011073 9.235634 9.817365 9.93992 4.19512 1.40804 1.00355 1.237391 1.184517 1.06219 1.104695 1.142306 3.416194 5.121149 6.086183 5.969854 4.328618 2.243538 1.199759 1 1 1 1 1 1 1 1 1 1 1 1 1.327034 1.996674 3.615004 5.23007 3.790355 2.356189 1.75001 1.144671 1.072311 1 1
7.514118 8.533739 8.53374 5.738028 4.340172 4.340172 4.192955 4.119347 4.119347 7.044597 8.507222 8.507222 8.371714 8.236207 9.290445 9.817564 9.817564 9.641984 9.554195 9.554194 9.649779 9.697571 9.697571 6.778153 5.318444 5.318443 7.294237 9.270032 3.938275 1.272418 1.272328 1.090777 1.000003 1 1 1 1 6.389104 9.081534 9.090026 8.550717 8.011073 9.266317 9.878643 9.93992 4.086096 1.205795 1.00355 1.106621 1.123353 1.06219 3.319275 2.759182 2.816134 6.14605 8.595128 9.848503 8.854465 6.001706 2.76109 1.282898 1 1 1 1 1 1 1 1 1 1 1 1 1 1.330927 1.996674 3.613916 5.23007 3.792205 2.356189 1.75029 1.144671 1.072327 1
8.533739 8.53374 5.738028 4.340172 4.340172 4.192955 4.119347 4.119347 7.044597 8.507222 8.507222 8.371714 8.236207 9.290445 9.817564 9.817564 9.641984 9.554195 9.554194 9.649779 9.697571 9.697571 6.778153 5.318444 5.318443 7.294237 9.270032 3.938252 1.272373 1.272328 1.090777 1.000002 1 1 1 1 6.391227 9.08578 9.090026 8.550605 8.011073 9.281648 9.909282 9.93992 4.03356 1.104672 1.00355 1.066283 1.092772 1.06219 4.571901 5.555107 8.351032 8.364002 9.122332 9.587339 9.398757 5.829072 3.165453 1.401057 1.064425 1 1 1 1 1 1 1 1 1 1 1 1 1 1 1.3319 1.996674 3.613553 5.23007 3.792821 2.356189 1.750383 1.144671 1.072333
8.53374 5.738028 4.340172 4.340172 4.192955 4.119347 4.119347 7.044597 8.507222 8.507222 8.371714 8.236207 9.290445 9.817564 9.817564 9.641984 9.554195 9.554194 9.649779 9.697571 9.697571 6.778153 5.318444 5.318443 7.294237 9.270032 3.93824 1.27235 1.272328 1.090776 1.000001 1 1 1 1 6.392289 9.087903 9.090026 8.550568 8.011073 9.28931 9.924601 9.93992 4.007785 1.054111 1.00355 1.052376 1.077481 1.06219 5.234548 6.953069 8.351032 8.865174 9.880488 9.849481 8.749852 6.57164 3.426724 1.734062 1 1 1 1 1 1 1 1 1 1 1 1 1 1 1 1 1 1.332143 1.996674 3.613432 5.23007 3.793027 2.356189 1.750414 1.144671
5.738028 4.340172 4.340172 4.192955 4.119347 4.119347 7.044597 8.507222 8.507222 8.371714 8.236207 9.290445 9.817564 9.817564 9.641984 9.554195 9.554194 9.649779 9.697571 9.697571 6.778153 5.318444 5.318443 7.294237 9.270032 3.938235 1.272339 1.272328 1.090776 1.000001 1 1 1 1 6.39282 9.088964 9.090026 8.550556 8.011073 9.293141 9.93226 9.93992 3.995021 1.02883 1.00355 1.046988 1.069835 1.06219 5.574955 7.65205 8.351032 9.032231 9.880488 8.031319 8.948063 6.841023 3.089202 1.533421 1.006773 1 1 1 1 1 1 1 1 1 1 1 1 1 1 1 1 1 1 1.332204 1.996674 3.613392 5.23007 3.793095 2.356189 1.750425
4.340172 4.340172 4.192955 4.119347 4.119347 7.044597 8.507222 8.507222 8.371714 8.236207 9.290445 9.817564 9.817564 9.641984 9.554195 9.554194 9.649779 9.697571 9.697571 6.778153 5.318444 5.318443 7.294237 9.270032 3.938232 1.272334 1.272328 1.090776 1.000001 1 1 1 1 6.393085 9.089495 9.090026 8.550552 8.011073 9.295056 9.93609 9.93992 3.98867 1.01619 1.00355 1.044685 1.066012 1.06219 5.74743 8.001541 8.351032 9.087917 9.880488 6.889176 6.197654 3.447245 2.885476 1.872703 1.301362 1.058832 1 1 1 1 1 1 1 1 1 1 1 1 1 1 1 1 1 1 1 1.332219 1.996674 3.613379 5.23007 3.793118 2.356189
4.340172 4.192955 4.119347 4.119347 7.044597 8.507222 8.507222 8.371714 8.236207 9.290445 9.817564 9.817564 9.641984 9.554195 9.554194 9.649779 9.697571 9.697571 6.778153 5.318444 5.318443 7.294237 9.270032 3.938231 1.272331 1.272328 1.090776 1.000001 1 1 1 1 6.393218 9.089761 9.090026 8.55055 8.011073 9.296014 9.938005 9.93992 3.985502 1.00987 1.00355 1.043632 1.064101 1.06219 5.834234 8.176286 8.351032 9.106479 9.880488 6.25984 4.82245 3.447245 2.880004 1.898012 3.352857 2.235849 1.460484 1 1 1 1 1 1 1 1 1 1 1 1 1 1 1 1 1 1 1 1 1.332223 1.996674 3.613374 5.23007 3.793126
4.192955 4.119347 4.119347 7.044597 8.507222 8.507222 8.371714 8.236207 9.290445 9.817564 9.817564 9.641984 9.554195 9.554194 9.649779 9.697571 9.697571 6.778153 5.318444 5.318443 7.294237 9.270032 3.93823 1.27233 1.272328 1.090776 1.000001 1 1 1 1 6.393284 9.089893 9.090026 8.55055 8.011073 9.296492 9.938963 9.93992 3.98392 1.00671 1.00355 1.04313 1.063146 1.06219 5.877779 8.263659 8.351032 9.112666 9.880488 5.930605 4.134848 3.447245 3.052544 2.593647 3.289281 6.994207 4.105247 2.142313 1 1 1 1 1 1 1 1 1 1 1 1 1 1 1 1 1 1 1 1 1 1.332224 1.996674 3.613373 5.23007
