NetLogoInput/pp3_resistance_30.asc
NCOLS 263 
NROWS 382 
XLLCORNER -925595.5599279 
YLLCORNER -56566.5307948138 
CELLSIZE 30 
NODATA_value -9999 
[rows 210 to 244 of 382, columns 0 to 78 of 263]
7.347064 8.408787 9.470509 9.258834 9.153066 9.152788 8.50367 8.179389 8.178274 9.269407 9.814802 9.815446 9.882984 9.914685 9.923448 9.909716 9.89764 9.953227 9.976876 10 10 10 10 10 10 10 10 10 10 10 10 10 10 10 10 10 10 10 10 10 10 10 10 10 10 10 9.9455 9.805962 9.666423 9.061832 8.051251 7.04067 7.493397 8.643516 9.793635 17.361344 26.332345 35.303347 121.931076 211.466846 307.943108 462.19954 616.455972 738.019521 761.802408 785.585295 800 800 800 800 800 800 782.075407 755.737827 729.400247 529.261065 291.974711 54.688358 32.538977
8.408787 9.470509 9.258764 9.152927 9.152788 8.503391 8.178832 8.178274 9.269563 9.815124 9.815446 9.885236 9.919066 9.923448 9.910268 9.89764 9.959826 9.988438 10 10 10 10 10 10 10 10 10 10 10 10 10 10 10 10 10 10 10 10 10 10 10 10 10 10 10 10 9.918546 9.709993 9.501441 8.609689 7.121505 5.633322 6.302085 7.998821 9.695556 23.991842 41.04319 58.094538 202.997326 352.687815 496.800922 594.481851 692.162781 768.405458 780.528782 792.652106 800 800 800 800 800 800 780.769207 752.512355 724.255502 520.023298 278.179321 36.335344 21.11374
9.470509 9.25873 9.152858 9.152788 8.503252 8.178553 8.178274 9.269642 9.815285 9.815446 9.886347 9.921257 9.923448 9.910452 9.89764 9.962921 9.994219 10 10 10 10 12.428745 10 10 10 10 10 10 10 10 10 10 10 10 10 10 10 10 10 10 10 10 10 10 10 10 9.891591 9.614025 9.336459 8.157545 6.191759 4.225973 5.110774 7.354126 9.597478 30.622339 55.754034 80.885729 284.063575 493.908783 685.658735 726.764163 767.86959 798.791396 799.255156 799.718917 800 800 800 800 800 800 779.463006 749.286882 719.110758 510.785532 264.383931 17.98233 9.688502
9.258712 9.152823 9.152788 8.503182 8.178414 8.178274 9.269682 9.815365 9.815446 9.886899 9.922353 9.923448 9.910513 9.89764 9.964418 9.99711 10 10 10 10 14.250304 14.857491 19.714982 31.137017 63.629884 96.122751 114.416558 110.241864 106.067169 86.628796 53.685699 20.742602 10 10 10 10 10 10 10 10 10 10 10 10 10 10 9.914482 9.695525 9.476569 8.565015 7.048827 5.532639 6.218376 7.95352 9.688665 33.06492 61.1733 89.28168 303.730631 525.15755 725.735742 752.746535 779.757328 800 800 800 800 800 800 795.035004 785.793292 776.55158 712.786005 623.429411 534.072817 370.841096 191.819808 12.79852 6.965085
9.152805 9.152788 8.503147 8.178344 8.178274 9.269702 9.815406 9.815446 9.887173 9.922901 9.923448 9.910534 9.89764 9.965153 9.998555 10 10 10 10 15.312881 17.286237 19.714982 44.790935 53.149587 119.481263 185.812939 223.158333 214.636017 206.113702 166.431764 99.180978 31.930192 10 10 10 10 10 10 10 10 10 10 10 10 10 10 9.939438 9.784377 9.629316 9.008092 7.979909 6.951726 7.421205 8.604448 9.787692 35.334027 66.207683 97.08134 320.854367 551.85097 759.649845 774.325676 789.001506 800 800 800 800 800 800 789.864345 770.998104 752.131863 643.401168 492.49219 341.583213 225.482435 116.821325 8.160215 4.602121
9.152788 8.50313 8.178309 8.178274 9.269712 9.815426 9.815446 9.88731 9.923174 9.923448 9.910541 9.89764 9.965518 9.999278 10 10 10 10 15.882118 18.500609 19.714982 50.955986 64.155872 75.162156 175.332642 275.503128 331.900108 319.030171 306.160234 246.234733 144.676257 43.117782 10 10 10 10 10 10 10 10 10 10 10 10 10 10 9.964394 9.873228 9.782063 9.451168 8.910991 8.370814 8.624034 9.255376 9.886719 37.603133 71.242067 104.881001 337.978102 578.544391 793.563947 795.904816 798.245685 800 800 800 800 800 800 784.693686 756.202916 727.712146 574.016332 361.55497 149.093608 80.123774 41.822841 3.521909 2.239157
8.503121 8.178292 8.178274 9.269717 9.815436 9.815446 9.887379 9.923311 9.923448 9.910543 9.89764 9.965699 9.999639 10 10 10 10 16.176224 19.107796 19.714982 53.873035 69.659014 75.162156 151.728375 204.690327 322.32397 388.094008 371.795408 355.496809 285.097409 166.831677 48.565946 10 10 10 10 10 10 10 10 10 10 10 10 10 10 9.942432 9.795039 9.647646 9.146521 8.33659 7.52666 13.311247 22.238693 31.166139 96.923392 175.107256 253.291121 439.632991 630.025095 800 800 800 800 800 800 796.680367 788.252857 779.825347 733.829996 655.474697 577.119398 433.623349 259.553199 85.483049 40.006288 22.014202 4.022116 2.79135
8.178283 8.178274 9.26972 9.815441 9.815446 9.887413 9.923379 9.923448 9.910544 9.89764 9.96579 9.99982 10 10 10 10 16.325649 19.411389 19.714982 55.290189 72.410585 75.162156 143.860286 204.690327 320.500378 359.103728 431.979869 412.46785 392.955831 314.370834 183.520313 52.669792 10 10 10 10 10 10 10 10 10 10 10 10 10 10 9.909482 9.677724 9.445967 8.666737 7.409567 6.152398 18.814592 38.110567 57.406543 169.606471 302.121116 434.63576 561.087209 687.311608 800 800 800 800 800 800 792.583193 773.754237 754.92528 672.263845 534.618792 396.97374 276.598467 164.328842 52.059216 24.538943 15.132418 5.725893 4.026347
8.178274 9.269721 9.815444 9.815446 9.88743 9.923414 9.923448 9.910544 9.89764 9.965835 9.99991 10 10 10 10 16.400954 19.563185 19.714982 55.988424 73.78637 75.162156 141.23759 204.690327 324.64195 377.493607 395.883486 475.86573 453.140291 430.414853 343.64426 200.208949 56.773637 10 10 10 10 10 10 10 10 10 10 10 10 10 10 9.876532 9.56041 9.244288 8.186953 6.482544 4.778136 24.317936 53.982441 83.646946 242.289551 429.134975 615.980399 682.541428 744.59812 800 800 800 800 800 800 788.486019 759.255616 730.025214 610.697694 413.762888 216.828082 119.573584 69.104484 18.635384 9.071597 8.250634 7.42967 5.261344
9.269721 9.815445 9.815446 9.887439 9.923431 9.923448 9.910544 9.89764 9.965858 9.999955 10 10 10 10 16.438755 19.639083 19.714982 56.334956 74.474263 75.162156 140.363358 204.690327 327.976078 386.688547 395.883486 463.169348 490.598961 466.321778 442.044595 352.520859 205.269454 58.018049 10 10 10 10 10 10 10 10 10 10 10 9.980698 9.90263 9.824561 9.518152 8.85545 8.192748 7.293404 6.187472 5.081539 28.424741 63.420071 98.415401 278.311336 489.891764 701.472191 739.777912 771.594948 800 800 800 800 800 800 786.384015 751.817283 717.25055 582.271826 360.800854 139.329883 52.755471 29.495362 6.235253 3.960779 6.171631 8.382482 6.518284
9.815445 9.815446 9.887443 9.92344 9.923448 9.910544 9.89764 9.965869 9.999978 10 10 10 10 16.457692 19.677032 19.714982 56.507576 74.81821 75.162156 140.071947 204.690327 329.958977 391.286016 395.883486 459.961534 490.464088 490.329216 465.355444 440.381673 350.900528 204.345711 57.790895 10 10 10 10 10 10 10 10 10 10 10 9.951464 9.755149 9.558835 8.992294 7.848067 6.70384 6.186916 6.217623 6.24833 31.812837 69.546411 107.279985 295.465921 516.550316 737.634712 763.965674 783.00363 800 800 800 800 800 800 785.308797 748.012423 710.716049 570.901122 342.779412 114.657702 32.360957 18.507811 4.654665 4.179796 6.564309 8.948822 7.786517
9.815446 9.887445 9.923444 9.923448 9.910544 9.89764 9.965874 9.999989 10 10 10 10 16.46717 19.696007 19.714982 56.593724 74.990183 75.162156 139.97481 204.690327 331.029385 393.584751 395.883486 459.142722 490.396652 490.329216 470.874141 464.389111 438.718751 349.280197 203.421969 57.56374 10 10 10 10 10 10 10 10 10 10 10 9.922229 9.607669 9.293109 8.466435 6.840684 5.214932 5.080427 6.247774 7.41512 35.200934 75.672752 116.14457 312.620506 543.208869 773.797232 788.153436 794.412311 800 800 800 800 800 800 784.23358 744.207563 704.181547 559.530418 324.75797 89.985522 11.966444 7.52026 3.074076 4.398813 6.956987 9.515161 9.05475
9.887446 9.923446 9.923448 9.910544 9.89764 9.965877 9.999994 10 10 10 10 16.471912 19.705494 19.714982 56.636758 75.076169 75.162156 139.942431 204.690327 331.584329 394.734118 395.883486 458.92959 490.362934 490.329216 472.133026 463.905952 463.422794 437.055858 347.659894 202.498242 57.33659 10 10 10 10 10 10 10 10 10 10 10 9.918466 9.588684 9.258903 8.421927 6.79355 5.165172 8.368684 15.790412 23.212139 71.13219 138.353196 205.574203 384.918445 588.779961 792.641477 800 800 800 800 800 798.43572 792.192857 785.949994 755.158543 686.59448 618.030418 476.568035 272.312959 68.057883 2.701876 2.538767 2.375659 4.524979 7.168542 9.812105 9.655793
9.923447 9.923448 9.910544 9.89764 9.965879 9.999997 10 10 10 10 16.474283 19.710238 19.714982 56.658264 75.119162 75.162156 139.931638 204.690327 331.866736 395.308802 395.883486 458.872092 490.346075 490.329216 472.387352 463.664373 463.422794 442.400443 435.392993 346.039618 201.574531 57.109443 10 10 10 10 10 10 10 10 10 10 10 9.939153 9.693045 9.446937 8.839477 7.668178 6.496879 15.875546 34.464278 53.05301 138.302278 255.321062 372.339845 510.149598 652.50558 794.861562 800 800 800 800 800 795.369856 776.891481 758.413105 699.205916 577.329801 455.453686 324.883361 186.824072 48.764783 4.121165 3.32261 2.524055 4.562016 7.206235 9.850453 9.616389
9.923448 9.910544 9.89764 9.965879 9.999998 10 10 10 10 16.475469 19.71261 19.714982 56.669015 75.140659 75.162156 139.92804 204.690327 332.009173 395.596144 395.883486 458.85561 490.337646 490.329216 472.420736 463.543584 463.422794 443.528732 434.561561 433.730128 344.419343 200.65082 56.882296 10 10 10 10 10 10 10 10 10 10 10 9.95984 9.797406 9.634972 9.257026 8.542806 7.828586 23.382407 53.138144 82.893881 205.472367 372.288928 539.105488 635.380752 716.231199 797.081647 800 800 800 800 800 792.303991 761.590104 730.876217 643.253289 468.065122 292.876955 173.198687 101.335185 29.471683 5.540454 4.106453 2.672452 4.599053 7.243927 9.8888 9.576984
9.910544 9.89764 9.96588 9.999999 10 10 10 10 16.476062 19.713796 19.714982 56.67439 75.151408 75.162156 139.926841 204.690327 332.0807 395.739815 395.883486 458.850436 490.333431 490.329216 472.413984 463.483189 463.422794 443.706874 434.145844 433.730128 364.616657 315.700501 184.278349 52.856198 10 10 10 10 10 10 10 10 10 10 10 9.976154 9.879706 9.783258 9.578579 9.205022 8.831464 29.063236 67.283353 105.50347 254.669355 456.710501 658.751648 725.163643 761.918476 798.673309 800 800 800 800 800 790.068909 750.435063 710.801218 603.47371 391.986798 180.499887 68.585574 42.440478 16.295381 6.818675 5.165352 3.512029 5.176081 7.549167 9.922252 9.542872
9.89764 9.96588 10 10 10 10 10 16.476358 19.714389 19.714982 56.677078 75.156782 75.162156 139.926441 204.690327 332.116541 395.811651 395.883486 458.848616 490.331324 490.329216 472.404746 463.452992 463.422794 443.699446 433.937986 433.730128 371.349095 315.700501 184.276282 140.468209 42.082995 10 10 10 10 10 10 10 10 10 10 10 9.984702 9.922826 9.86095 9.729638 9.489983 9.250328 31.50095 73.385468 115.269986 271.94533 483.328438 694.711547 751.988872 775.568868 799.148864 800 800 800 800 800 789.309331 746.644096 703.978862 592.418171 374.848891 157.27961 47.573609 30.778195 13.982782 7.846351 6.712762 5.579172 6.712156 8.329583 9.947009 9.518161
9.96588 10 10 10 10 10 16.476506 19.714686 19.714982 56.678421 75.159469 75.162156 139.926308 204.690327 332.13448 395.847568 395.883486 458.847897 490.33027 490.329216 472.398662 463.437893 463.422794 443.671606 433.834057 433.730128 373.593241 315.700501 178.799497 118.563138 96.658068 31.309792 10 10 10 10 10 10 10 10 10 10 10 9.993249 9.965945 9.938641 9.880697 9.774945 9.669192 33.938665 79.487584 125.036502 289.221305 509.946375 730.671446 778.814101 789.21926 799.624419 800 800 800 800 800 788.549753 742.853129 697.156506 581.362631 357.710983 134.059334 26.561643 19.115913 11.670183 8.874027 8.260171 7.646315 8.248232 9.109999 9.971766 9.49345
10 10 10 10 10 16.476581 19.714834 19.714982 56.679093 75.160812 75.162156 139.926264 204.690327 332.143455 395.865527 395.883486 458.847586 490.329743 490.329216 472.395254 463.430344 463.422794 443.651655 433.782092 433.730128 374.34129 315.700501 174.692167 107.610603 96.658068 45.637516 24.13033 10 10 10 10 10 10 10 10 10 10 10 10 10 10 11.084408 13.860876 16.637344 48.922959 106.969908 165.016856 329.847741 545.570416 761.29309 800 800 800 800 800 799.683888 796.736118 793.788349 776.944882 718.54098 660.137078 539.913657 324.569305 109.224954 9.621366 9.713825 9.806284 9.706639 9.516829 9.327018 9.497332 9.744615 9.991898 9.506046
10 10 10 10 16.476618 19.714908 19.714982 56.679429 75.161484 75.162156 139.926249 204.690327 332.147944 395.874506 395.883486 458.847442 490.32948 490.329216 472.393458 463.426569 463.422794 443.640172 433.75611 433.730128 374.59064 315.700501 172.296268 102.134335 96.658068 50.00964 27.291102 30.451874 10 10 10 10 10 10 10 10 10 10 10 10 10 10 16.242731 32.226332 48.209934 111.042383 214.773634 318.504885 458.197446 615.028685 771.859923 800 800 800 800 800 798.180204 781.21045 764.240697 724.596297 617.13463 509.672964 384.282295 231.304491 78.326687 7.977652 8.802861 9.628071 9.806429 9.681185 9.555941 9.66832 9.831487 9.994654 9.658802
10 10 10 16.476636 19.714945 19.714982 56.679597 75.16182 75.162156 139.926244 204.690327 332.150188 395.878996 395.883486 458.847373 490.329348 490.329216 472.392538 463.424682 463.422794 443.634053 433.743119 433.730128 374.673756 315.700501 171.01276 99.396201 96.658068 51.497768 28.871488 30.451874 15.112969 10 10 10 10 10 10 10 10 10 10 10 10 10 10 21.401054 50.591789 79.782524 173.161807 322.57736 471.992913 586.547151 684.486954 782.426756 800 800 800 800 800 796.676519 765.684782 734.693046 672.247712 515.728281 359.208849 228.650932 138.039677 47.428421 6.333937 7.891897 9.449857 9.90622 9.845542 9.784864 9.839309 9.91836 9.99741 9.811557
10 10 16.476646 19.714964 19.714982 56.679681 75.161988 75.162156 139.926242 204.690327 332.15131 395.881241 395.883486 458.847339 490.329282 490.329216 472.392072 463.423738 463.422794 443.6309 433.736623 433.730128 374.701462 315.700501 170.349616 98.027134 96.658068 52.067348 29.661681 30.451874 16.391211 10 10 10 10 10 10 10 9.991052 9.981737 9.969492 9.931976 9.89446 10.075857 10.923774 11.771691 29.647897 74.094263 118.54063 240.441322 429.95924 619.477158 708.941885 750.722605 792.503326 800 800 800 800 800 795.240721 750.860039 706.479358 622.357854 419.376105 216.394356 81.002061 49.608824 18.215587 4.875046 7.084622 9.294197 10 10 10 10 10 10 9.955972
10 16.47665 19.714973 19.714982 56.679723 75.162072 75.162156 139.926242 204.690327 332.151872 395.882364 395.883486 458.847322 490.329249 490.329216 472.391837 463.423266 463.422794 443.629299 433.733375 433.730128 374.710697 315.700501 170.012696 97.342601 96.658068 52.308517 30.056778 30.451874 16.710771 10 10 10 10 10 10 10 10 9.842481 9.678496 9.462926 8.80248 8.142035 11.335418 26.262521 41.189624 86.089353 177.756994 269.424635 388.241133 530.758443 673.275754 738.412675 766.671143 794.929611 800 800 800 800 800 794.864239 746.972834 699.081429 610.835024 401.891444 192.947865 57.915442 36.609207 15.302971 6.30021 7.89534 9.490469 10 10 10 10 10 10 9.970221
16.476652 19.714978 19.714982 56.679744 75.162114 75.162156 139.926242 204.690327 332.152152 395.882925 395.883486 458.847314 490.329232 490.329216 472.391719 463.42303 463.422794 443.628493 433.731752 433.730128 374.713775 315.700501 169.8429 97.000335 96.658068 52.418196 30.254326 30.451874 16.790661 10 10 10 10 10 10 10 10 10 9.693909 9.375254 8.95636 7.672985 6.389609 12.594979 41.601268 70.607557 142.53081 281.419725 420.30864 536.040944 631.557647 727.07435 767.883466 782.619681 797.355895 800 800 800 800 800 794.487757 743.085629 691.6835 599.312195 384.406784 169.501373 34.828824 23.609589 12.390354 7.725374 8.706058 9.686741 10 10 10 10 10 10 9.984471
19.71498 19.714982 56.679754 75.162135 75.162156 139.926242 204.690327 332.152293 395.883206 395.883486 458.84731 490.329224 490.329216 472.39166 463.422912 463.422794 443.628089 433.73094 433.730128 374.714801 315.700501 169.757668 96.829202 96.658068 52.47031 30.3531 30.451874 16.810634 10 10 10 10 10 10 10 10 10 10 9.545337 9.072012 8.449794 6.543489 4.637184 13.85454 56.940015 100.025489 198.972266 385.082456 571.192645 683.840756 732.356851 780.872946 797.354256 798.568218 799.78218 800 800 800 800 800 794.111275 739.198423 684.285571 587.789366 366.922124 146.054882 11.742206 10.609972 9.477737 9.150539 9.516776 9.883013 10 10 10 10 10 10 9.998721
19.714982 56.67976 75.162146 75.162156 139.926242 204.690327 332.152363 395.883346 395.883486 458.847308 490.32922 490.329216 472.391631 463.422853 463.422794 443.627886 433.730534 433.730128 374.715143 315.700501 169.714968 96.743635 96.658068 52.495685 30.402487 30.451874 16.815627 10 10 10 10 10 10 10 9.334156 9.140466 8.598342 8.056218 7.792499 7.540207 8.593604 20.907584 33.221564 63.483869 148.39329 233.302711 343.152756 491.919009 640.685262 726.840769 758.337418 789.834067 800 800 800 800 800 800 786.17187 771.825912 748.755506 653.053331 557.351156 443.894575 277.336603 110.77863 9.765074 9.603901 9.442728 9.486973 9.70816 9.929346 10 10 10 10 10 10 10
56.679762 75.162151 75.162156 139.926242 204.690327 332.152398 395.883416 395.883486 458.847307 490.329218 490.329216 472.391616 463.422824 463.422794 443.627785 433.730331 433.730128 374.715257 315.700501 169.693597 96.700852 96.658068 52.508202 30.42718 30.451874 16.816875 10 10 10 10 10 10 10 9.049656 8.668312 8.196157 7.05844 5.920722 5.881432 5.887228 8.801561 36.799807 64.798052 117.88389 247.353711 376.823533 495.986913 599.068596 702.150278 759.504419 776.938652 794.372886 800 800 800 800 800 800 770.979876 740.873025 698.963447 558.795176 418.626905 286.94399 180.639802 74.335614 9.869962 9.780749 9.691535 9.716026 9.838459 9.960891 10 10 10 10 10 10 10
75.162153 75.162156 139.926242 204.690327 332.152416 395.883451 395.883486 458.847306 490.329217 490.329216 472.391609 463.422809 463.422794 443.627734 433.730229 433.730128 374.715295 315.700501 169.682906 96.67946 96.658068 52.514418 30.439527 30.451874 16.817187 10 10 10 10 10 10 10 8.919512 8.432234 8.196157 12.864226 5.518537 3.785226 3.970364 4.23425 9.009518 52.692029 96.374539 172.28391 346.314133 520.344355 648.82107 706.218182 763.615295 792.168069 795.539887 798.911704 800 800 800 800 800 800 755.787883 709.920138 649.171388 464.537021 279.902654 129.993405 83.943002 37.892598 9.97485 9.957596 9.940342 9.945079 9.968758 9.992436 10 10 10 10 10 10 10
75.162156 139.926242 204.690327 332.152424 395.883468 395.883486 458.847306 490.329217 490.329216 472.391605 463.422802 463.422794 443.627708 433.730178 433.730128 374.715308 315.700501 169.67756 96.668764 96.658068 52.517515 30.445701 30.451874 16.817265 10 10 10 10 10 10 10 8.857466 8.314196 8.196157 17.461327 18.101154 30.68377 5.31071 4.467098 4.630357 10.071744 61.03297 111.994195 197.869742 390.048626 582.227511 713.108458 748.342915 783.577371 800 800 800 800 800 800 789.699009 777.145565 764.592122 683.368759 599.573887 508.012118 351.790269 195.56842 72.483561 48.507634 24.531706 10 10 10 10 10 10 10 10 10 10 10 10 10
139.926242 204.690327 332.152428 395.883477 395.883486 458.847306 490.329217 490.329216 472.391603 463.422798 463.422794 443.627696 433.730153 433.730128 374.715312 315.700501 169.674886 96.663416 96.658068 52.519061 30.448788 30.451874 16.817285 10 10 10 10 10 10 10 8.8272 8.255177 8.196157 20.183429 24.392462 30.68377 13.664094 7.990869 5.723252 5.672746 11.403407 66.992235 122.581063 214.36757 416.364849 618.362127 749.468173 769.958792 790.449411 800 800 800 800 800 800 776.149082 747.082836 718.01659 592.900183 464.186949 338.035605 233.212209 128.388812 46.337351 32.394137 18.450922 10 10 10 10 10 10 10 10 10 10 10 10 10
204.690327 332.152431 395.883482 395.883486 458.847306 490.329217 490.329216 472.391602 463.422796 463.422794 443.62769 433.73014 433.730128 374.715314 315.700501 169.673549 96.660742 96.658068 52.519833 30.450331 30.451874 16.81729 10 10 10 10 10 10 10 8.812256 8.225667 8.196157 21.650368 27.538116 30.68377 16.08746 9.330948 10.671027 6.979406 6.715135 12.73507 72.9515 133.16793 230.865399 442.681071 654.496743 785.827888 791.574669 797.32145 800 800 800 800 800 800 762.599156 717.020107 671.441059 502.431608 328.800011 168.059093 114.634148 61.209204 20.191142 16.28064 12.370138 10 10 10 10 10 10 10 10 10 10 10 10 10
332.152432 395.883484 395.883486 458.847306 490.329217 490.329216 472.391602 463.422795 463.422794 443.627686 433.730134 433.730128 374.715314 315.700501 169.672881 96.659405 96.658068 52.520219 30.451102 30.451874 16.817291 10 10 10 10 10 10 10 8.804831 8.210912 8.196157 22.41031 29.110943 30.68377 16.860811 10.000988 10.671027 17.18682 17.406199 26.960584 44.313331 128.92103 213.52873 322.463729 505.467852 688.471975 800 800 800 800 800 800 792.794026 782.153782 771.513538 705.223126 626.764045 548.304964 390.742906 230.218648 84.021526 57.099017 30.176509 10 10 10 10 10 10 10 10 10 10 10 10 10 10 10 9.87136
395.883485 395.883486 458.847306 490.329217 490.329216 472.391602 463.422794 463.422794 443.627685 433.730131 433.730128 374.715314 315.700501 169.672546 96.658736 96.658068 52.520412 30.451488 30.451874 16.817291 10 10 10 10 10 10 10 8.80113 8.203534 8.196157 22.796898 29.897357 30.68377 17.137904 10.336008 10.671027 21.774229 25.548423 33.690647 59.471796 95.211307 216.834124 338.45694 462.031762 591.549842 721.067922 800 800 800 800 800 800 780.985308 752.908469 724.83163 619.853604 498.060084 376.266565 265.500057 155.146481 54.876612 38.554455 22.232298 10 10 10 10 10 10 10 10 10 10 10 10 10 10 10 9.660552
395.883486 458.847306 490.329217 490.329216 472.391602 463.422794 463.422794 443.627684 433.73013 433.730128 374.715314 315.700501 169.672379 96.658402 96.658068 52.520509 30.451681 30.451874 16.817291 10 10 10 10 10 10 10 8.799283 8.199845 8.196157 22.991847 30.290563 30.68377 17.249055 10.503518 10.671027 23.93886 29.619535 33.690647 61.715151 91.983009 146.109284 304.747217 463.385149 601.599795 677.631833 753.66387 800 800 800 800 800 800 769.17659 723.663156 678.149723 534.484082 369.356124 204.228166 140.257208 80.074314 25.731699 20.009893 14.288087 10 10 10 10 10 10 10 10 10 10 10 10 10 10 10 9.449744
458.847306 490.329217 490.329216 472.391602 463.422794 463.422794 443.627684 433.730129 433.730128 374.715314 315.700501 169.672296 96.658235 96.658068 52.520557 30.451777 30.451874 16.817291 10 10 10 10 10 10 10 8.79836 8.198001 8.196157 23.089735 30.487167 30.68377 17.297781 10.587273 10.671027 24.988906 31.655091 33.690647 62.462936 91.983009 221.626638 245.775302 405.31812 564.860938 694.915308 735.186452 775.457596 800 800 800 800 800 800 761.338825 704.252255 647.165684 479.908398 288.560783 97.213168 62.834434 34.333773 8.888911 8.883838 8.878764 8.898734 8.993606 9.088477 9.263739 9.562697 9.861654 10 10 10 10 10 10 9.913826 9.809234 9.704641 8.918587
