NetLogoInput/pp3_30_flow.asc
NCOLS 263 
NROWS 382 
XLLCORNER -925595.5599279 
YLLCORNER -56566.530794814 
CELLSIZE 30 
NODATA_value -9999 
[rows 105 to 139 of 382, columns 0 to 78 of 263]
11.45 11.37 11.33 11.33 11.66 12 12.4 12.81 13.27 13.73 15.66 17.59 18.07 18.55 17.55 17.05 17.05 17.37 17.7 17.73 17.77 18.12 18.46 20.26 22.06 22.35 22.49 22.49 22.07 21.65 20.76 19.86 19.32 18.78 20.41 22.04 26.89 31.74 31.97 32.09 32.09 28.46 24.83 22.27 19.71 16.98 14.24 17.27 20.29 29.91 34.69 34.8 39.23 43.36 42.89 42.34 41.72 40.81 40.37 38.92 37.47 36.09 34.95 33.81 32.76 31.86 30.96 30.14 29.38 28.62 27.91 27.23 26.55 25.89 25.24 24.6 23.96 23.33 22.7
11.48 11.45 11.37 11.33 11.33 11.66 12 12.4 12.81 13.27 13.73 15.66 17.59 18.07 18.55 17.55 17.05 17.05 17.37 17.7 17.73 17.77 18.12 18.46 20.26 22.06 22.35 22.49 22.49 22.07 21.65 20.76 19.86 19.32 18.78 20.41 22.04 26.89 31.74 31.97 32.1 32.09 28.46 24.83 22.27 19.71 16.98 14.24 17.28 20.29 29.87 34.58 34.8 39.54 43.36 42.98 42.34 42 41.52 39.83 38.13 36.56 35.35 34.15 33.05 32.14 31.22 30.38 29.62 28.85 28.14 27.45 26.76 26.09 25.44 24.78 24.13 23.49 22.85
11.51 11.48 11.45 11.37 11.33 11.33 11.66 12 12.4 12.81 13.27 13.73 15.66 17.59 18.07 18.55 17.55 17.05 17.05 17.37 17.7 17.73 17.77 18.12 18.46 20.26 22.06 22.35 22.49 22.49 22.07 21.65 20.76 19.86 19.32 18.78 20.41 22.04 26.89 31.74 31.98 32.1 32.09 28.46 24.83 22.27 19.71 16.98 14.24 17.32 20.29 29.8 34.37 34.8 40.45 43.36 43.25 42.92 42.42 40.53 38.64 36.91 35.66 34.41 33.29 32.37 31.44 30.6 29.83 29.07 28.35 27.66 26.96 26.29 25.63 24.96 24.3 23.65 22.99
11.46 11.51 11.48 11.45 11.37 11.33 11.33 11.66 12 12.4 12.81 13.27 13.73 15.66 17.59 18.07 18.55 17.55 17.05 17.05 17.37 17.7 17.73 17.77 18.12 18.46 20.26 22.06 22.35 22.49 22.49 22.07 21.65 20.76 19.86 19.32 18.78 20.41 22.04 26.89 31.74 31.99 32.12 32.09 28.46 24.83 22.27 19.71 16.98 14.24 17.43 20.29 29.74 33.95 34.8 43.18 43.18 42.92 42.48 40.55 38.63 36.88 35.66 34.44 33.35 32.45 31.55 30.73 29.98 29.23 28.52 27.84 27.16 26.48 25.81 25.14 24.47 23.79 23.12
11.41 11.46 11.51 11.48 11.45 11.37 11.33 11.33 11.66 12 12.4 12.81 13.27 13.73 15.66 17.59 18.07 18.55 17.55 17.05 17.05 17.37 17.7 17.73 17.77 18.12 18.46 20.26 22.06 22.35 22.49 22.49 22.07 21.65 20.76 19.86 19.32 18.78 20.41 22.04 26.89 31.74 32.01 32.16 32.09 28.47 24.83 22.27 19.71 16.98 14.24 17.75 20.29 29.92 33.09 43 43.11 42.91 42.53 40.57 38.61 36.85 35.66 34.47 33.4 32.53 31.65 30.85 30.12 29.39 28.7 28.02 27.34 26.67 26 25.32 24.63 23.94 23.25
11.43 11.41 11.46 11.51 11.48 11.45 11.37 11.33 11.33 11.66 12 12.4 12.81 13.27 13.73 15.66 17.59 18.07 18.55 17.55 17.05 17.05 17.37 17.7 17.73 17.77 18.12 18.46 20.26 22.06 22.35 22.49 22.49 22.07 21.65 20.76 19.86 19.32 18.78 20.41 22.04 26.89 31.74 32.04 32.23 32.09 28.48 24.83 22.27 19.71 16.98 14.24 18.72 20.29 31.49 42.68 42.9 42.79 42.47 40.5 38.54 36.78 35.63 34.47 33.44 32.6 31.75 30.97 30.26 29.55 28.87 28.2 27.54 26.86 26.18 25.51 24.8 24.09 23.39
11.45 11.43 11.41 11.46 11.51 11.48 11.45 11.37 11.33 11.33 11.66 12 12.4 12.81 13.27 13.73 15.66 17.59 18.07 18.55 17.55 17.05 17.05 17.37 17.7 17.73 17.77 18.12 18.46 20.26 22.06 22.35 22.49 22.49 22.07 21.65 20.76 19.86 19.32 18.78 20.41 22.04 26.89 31.74 32.12 32.37 32.09 28.52 24.83 22.27 19.71 16.97 14.24 21.62 31.12 40.62 41.02 41.14 41.07 39.42 37.76 36.27 35.24 34.22 33.29 32.51 31.73 31.01 30.35 29.67 29.02 28.38 27.74 27.08 26.41 25.74 25.05 24.36 23.67
11.5 11.45 11.43 11.41 11.46 11.51 11.48 11.45 11.37 11.33 11.33 11.66 12 12.4 12.81 13.27 13.73 15.66 17.59 18.07 18.55 17.55 17.05 17.05 17.37 17.7 17.73 17.77 18.12 18.46 20.26 22.06 22.35 22.49 22.49 22.07 21.65 20.76 19.86 19.32 18.78 20.41 22.04 26.91 31.74 32.27 32.66 32.09 28.65 24.83 22.26 19.71 16.95 22.96 30.75 38.55 39.14 39.5 39.67 38.33 36.99 35.76 34.86 33.96 33.14 32.43 31.72 31.05 30.43 29.8 29.18 28.56 27.94 27.29 26.64 25.98 25.3 24.62 23.94
11.54 11.5 11.45 11.43 11.41 11.46 11.51 11.48 11.45 11.37 11.33 11.33 11.66 12 12.4 12.81 13.27 13.73 15.66 17.59 18.07 18.55 17.55 17.05 17.05 17.37 17.7 17.73 17.77 18.12 18.46 20.26 22.06 22.35 22.5 22.49 22.07 21.65 20.76 19.86 19.32 18.78 20.42 22.04 26.95 31.74 32.62 33.23 32.09 29.04 24.83 22.25 19.66 24.29 30.39 36.49 37.26 37.85 38.27 37.24 36.21 35.25 34.47 33.7 32.98 32.34 31.7 31.09 30.51 29.92 29.33 28.74 28.14 27.51 26.86 26.22 25.55 24.89 24.22
11.54 11.54 11.5 11.45 11.43 11.41 11.46 11.51 11.48 11.45 11.37 11.33 11.33 11.66 12 12.4 12.81 13.27 13.73 15.66 17.59 18.07 18.55 17.55 17.05 17.05 17.37 17.7 17.73 17.77 18.12 18.46 20.26 22.06 22.35 22.5 22.49 22.07 21.65 20.76 19.86 19.32 18.78 20.44 22.04 27.06 31.74 33.41 34.38 32.09 30.21 27.17 24.14 26.99 31.05 35.11 35.83 36.45 36.92 36.13 35.34 34.59 33.96 33.34 32.74 32.19 31.64 31.11 30.58 30.06 29.51 28.96 28.4 27.82 27.24 26.66 26.09 25.52 24.94
11.62 11.54 11.54 11.5 11.45 11.43 11.41 11.46 11.51 11.48 11.45 11.37 11.33 11.33 11.66 12 12.4 12.81 13.27 13.73 15.66 17.59 18.07 18.55 17.55 17.05 17.05 17.37 17.7 17.73 17.77 18.12 18.46 20.26 22.06 22.36 22.51 22.49 22.07 21.65 20.76 19.86 19.33 18.78 20.51 22.04 27.41 31.74 35.45 36.68 35.83 32.29 28.75 29.8 31.79 33.78 34.44 35.07 35.57 35.01 34.45 33.92 33.44 32.97 32.5 32.04 31.58 31.12 30.66 30.19 29.69 29.18 28.66 28.15 27.63 27.11 26.64 26.19 25.69
11.79 11.62 11.54 11.54 11.5 11.45 11.43 11.41 11.46 11.51 11.48 11.45 11.37 11.33 11.33 11.66 12 12.4 12.81 13.27 13.73 15.66 17.59 18.07 18.55 17.55 17.05 17.05 17.37 17.7 17.73 17.77 18.12 18.46 20.26 22.06 22.37 22.53 22.49 22.08 21.65 20.77 19.86 19.35 18.78 20.71 22.04 28.45 31.74 41.28 41.45 37.41 33.37 32.61 32.53 32.44 33.06 33.69 34.22 33.9 33.57 33.25 32.92 32.59 32.25 31.89 31.52 31.14 30.73 30.33 29.87 29.4 28.93 28.47 28.01 27.56 27.2 26.85 26.45
12.12 11.79 11.62 11.54 11.54 11.5 11.45 11.43 11.41 11.46 11.51 11.48 11.45 11.37 11.33 11.33 11.66 12 12.4 12.81 13.27 13.73 15.66 17.59 18.07 18.55 17.55 17.05 17.05 17.37 17.7 17.73 17.77 18.12 18.46 20.26 22.06 22.39 22.58 22.49 22.11 21.65 20.81 19.86 19.41 18.78 21.3 22.04 31.57 41.1 41.73 38.36 34.99 33.74 32.93 32.12 32.49 32.9 33.25 33.05 32.85 32.65 32.45 32.25 32.03 31.76 31.5 31.2 30.86 30.52 30.12 29.7 29.27 28.88 28.51 28.14 27.94 27.75 27.48
12.45 12.12 11.79 11.62 11.54 11.54 11.5 11.45 11.43 11.41 11.46 11.51 11.48 11.45 11.37 11.33 11.33 11.66 12 12.4 12.81 13.27 13.73 15.66 17.59 18.07 18.55 17.55 17.05 17.05 17.37 17.7 17.73 17.77 18.12 18.46 20.26 22.06 22.43 22.66 22.49 22.18 21.65 20.94 19.86 19.6 18.78 23.08 31.31 39.53 40.45 38.09 35.73 34.38 33.24 32.09 32.17 32.29 32.38 32.28 32.18 32.08 32 31.93 31.81 31.65 31.49 31.27 31 30.73 30.39 30.01 29.63 29.33 29.04 28.76 28.73 28.72 28.6
12.92 12.45 12.12 11.79 11.62 11.54 11.54 11.5 11.45 11.43 11.41 11.46 11.51 11.48 11.45 11.37 11.33 11.33 11.66 12 12.4 12.81 13.27 13.73 15.66 17.59 18.07 18.55 17.55 17.06 17.05 17.37 17.7 17.73 17.77 18.12 18.46 20.27 22.06 22.53 22.83 22.49 22.41 21.65 21.3 19.86 20.17 24.11 31.04 37.97 39.18 37.83 36.47 35.02 33.54 32.07 31.85 31.67 31.51 31.51 31.51 31.51 31.56 31.6 31.6 31.54 31.48 31.34 31.15 30.95 30.66 30.32 29.99 29.77 29.57 29.38 29.52 29.68 29.72
13.38 12.92 12.45 12.12 11.79 11.62 11.54 11.54 11.5 11.45 11.43 11.41 11.46 11.51 11.48 11.45 11.37 11.33 11.33 11.66 12 12.4 12.81 13.27 13.73 15.66 17.59 18.07 18.55 17.55 17.06 17.05 17.38 17.7 17.74 17.77 18.13 18.46 20.31 22.06 22.73 23.17 22.49 23.1 21.65 22.38 23.11 26.37 31.69 37.01 38.04 37.14 36.24 34.83 33.31 31.79 31.42 31.09 30.8 30.86 30.92 31.01 31.17 31.33 31.45 31.5 31.56 31.52 31.39 31.27 31.03 30.73 30.44 30.26 30.11 29.95 30.16 30.38 30.47
16.84 13.38 12.92 12.45 12.12 11.79 11.62 11.54 11.54 11.5 11.45 11.43 11.41 11.46 11.51 11.48 11.45 11.37 11.33 11.33 11.66 12 12.4 12.81 13.27 13.73 15.66 17.59 18.07 18.55 17.56 17.07 17.05 17.38 17.7 17.74 17.77 18.15 18.46 20.41 22.06 23.2 23.84 22.49 25.14 26.07 27 29.36 32.89 36.42 36.98 36.2 35.42 34.14 32.75 31.37 30.93 30.52 30.17 30.28 30.38 30.53 30.81 31.09 31.33 31.51 31.7 31.76 31.71 31.66 31.47 31.2 30.93 30.77 30.63 30.5 30.7 30.92 30.99
20.31 16.84 13.38 12.92 12.45 12.12 11.79 11.62 11.54 11.54 11.5 11.45 11.43 11.41 11.46 11.51 11.48 11.45 11.37 11.33 11.33 11.66 12 12.4 12.81 13.27 13.73 15.66 17.59 18.07 18.55 17.57 17.08 17.05 17.39 17.7 17.76 17.77 18.21 18.46 20.73 22.06 24.4 25.19 28.64 29.76 30.89 32.35 34.09 35.84 35.92 35.26 34.61 33.45 32.2 30.94 30.44 29.96 29.55 29.7 29.84 30.06 30.46 30.85 31.22 31.53 31.84 32 32.03 32.05 31.9 31.67 31.43 31.28 31.16 31.04 31.24 31.45 31.51
29.11 20.31 16.84 13.38 12.92 12.45 12.12 11.79 11.62 11.54 11.54 11.5 11.45 11.43 11.41 11.46 11.51 11.48 11.45 11.37 11.33 11.33 11.66 12 12.4 12.81 13.27 13.73 15.66 17.59 18.07 18.55 17.58 17.11 17.05 17.42 17.7 17.82 17.77 18.4 18.46 21.67 22.06 27.87 31.72 32.75 33.77 34.5 34.99 35.47 35.12 34.39 33.67 32.55 31.35 30.15 29.68 29.22 28.84 29.05 29.26 29.55 30.08 30.62 31.14 31.64 32.13 32.43 32.54 32.66 32.52 32.26 31.99 31.82 31.68 31.53 31.63 31.74 31.68
37.91 29.11 20.31 16.84 13.38 12.92 12.45 12.12 11.79 11.62 11.54 11.54 11.5 11.45 11.43 11.41 11.46 11.51 11.48 11.45 11.37 11.33 11.33 11.66 12 12.4 12.81 13.27 13.73 15.66 17.59 18.07 18.55 17.61 17.17 17.05 17.5 17.7 18.01 17.77 18.97 18.46 24.5 30.54 34.35 34.95 35.55 35.72 35.54 35.36 34.61 33.6 32.6 31.41 30.18 28.96 28.62 28.31 28.06 28.34 28.62 29.01 29.69 30.38 31.09 31.84 32.6 33.07 33.29 33.51 33.34 32.98 32.62 32.39 32.18 31.97 31.86 31.74 31.48
49.77 37.91 29.11 20.31 16.84 13.38 12.92 12.45 12.12 11.79 11.62 11.54 11.54 11.5 11.45 11.43 11.41 11.46 11.51 11.48 11.45 11.37 11.33 11.33 11.66 12 12.4 12.81 13.27 13.73 15.67 17.59 18.08 18.55 17.67 17.29 17.05 17.74 17.7 18.56 17.77 20.68 26.95 33.21 36.98 37.15 37.32 36.94 36.09 35.24 34.09 32.81 31.52 30.27 29.02 27.77 27.56 27.39 27.28 27.63 27.98 28.46 29.3 30.14 31.05 32.05 33.06 33.71 34.03 34.35 34.16 33.7 33.25 32.95 32.68 32.41 32.08 31.75 31.27
61.64 49.77 37.91 29.11 20.31 16.84 13.38 12.92 12.45 12.12 11.79 11.62 11.54 11.54 11.5 11.45 11.43 11.41 11.46 11.51 11.48 11.45 11.37 11.33 11.33 11.66 12 12.4 12.81 13.27 13.73 15.67 17.59 18.11 18.55 17.81 17.52 17.05 18.48 17.7 20.21 23.66 29.63 35.6 39.07 38.95 38.83 38 36.59 35.18 33.61 31.98 30.34 28.86 27.41 25.96 26.19 26.47 26.77 27.2 27.63 28.1 28.71 29.3 30.34 32.04 33.75 34.71 35.01 35.32 35.04 34.48 33.92 33.55 33.22 32.89 32.38 31.86 31.22
61.64 61.64 49.77 37.91 29.11 20.31 16.84 13.38 12.92 12.45 12.12 11.79 11.62 11.54 11.54 11.5 11.45 11.43 11.41 11.46 11.51 11.48 11.45 11.37 11.33 11.33 11.66 12 12.4 12.81 13.27 13.73 15.7 17.59 18.18 18.55 18.13 17.99 17.05 20.69 24.33 28.22 32.81 37.39 40.05 39.91 39.78 38.74 36.97 35.2 33.19 31.06 28.93 26.91 24.9 22.9 24.17 25.54 26.82 27.34 27.86 28.14 27.68 27.23 28.25 31.57 34.88 36.46 36.5 36.54 36.08 35.38 34.68 34.22 33.82 33.42 32.81 32.2 31.48
66.65 61.64 61.64 49.77 37.91 29.11 20.31 16.84 13.38 12.92 12.45 12.12 11.79 11.62 11.54 11.54 11.5 11.45 11.43 11.41 11.46 11.51 11.48 11.45 11.37 11.33 11.33 11.66 12 12.4 12.81 13.27 13.73 15.78 17.59 18.42 18.55 18.92 18.93 23.68 28.44 32.78 35.98 39.19 41.02 40.87 40.73 39.49 37.36 35.23 32.77 30.14 27.52 24.95 22.39 19.83 22.15 24.62 26.88 27.49 28.09 28.17 26.67 25.16 26.16 31.09 36.02 38.22 37.99 37.76 37.12 36.27 35.43 34.89 34.42 33.95 33.25 32.53 31.74
76.66 66.65 61.64 61.64 49.77 37.91 29.11 20.31 16.84 13.38 12.92 12.45 12.12 11.79 11.62 11.54 11.54 11.5 11.45 11.43 11.41 11.46 11.51 11.48 11.45 11.37 11.33 11.33 11.66 12 12.41 12.81 13.28 13.73 16.01 17.59 19.12 18.55 21.15 26.68 32.22 36.82 38.89 40.96 42.1 41.91 41.71 40.15 37.47 34.79 31.87 28.86 25.85 22.92 20 17.08 20.39 23.9 27.07 27.52 27.96 27.75 25.61 23.46 24.59 30.86 37.13 39.84 39.37 38.91 38.11 37.14 36.18 35.57 35.04 34.51 33.74 32.97 32.14
73.69 76.66 66.65 61.64 61.64 49.77 37.91 29.11 20.31 16.84 13.38 12.92 12.45 12.12 11.79 11.62 11.54 11.54 11.5 11.45 11.43 11.41 11.46 11.51 11.48 11.45 11.37 11.32 11.33 11.66 12 12.41 12.81 13.3 13.73 16.7 17.59 21.22 24.99 29.71 34.44 38.45 40.54 42.64 43.71 43.3 42.89 40.42 36.25 32.09 28.78 25.86 22.94 20.5 18.17 15.83 19.91 24.19 27.9 26.99 26.09 25.2 24.36 23.53 25.49 31.81 38.12 40.81 40.28 39.74 38.9 37.9 36.91 36.28 35.73 35.19 34.54 33.88 33.19
70.72 73.69 76.66 66.65 61.64 61.64 49.77 37.91 29.11 20.31 16.84 13.38 12.92 12.45 12.12 11.79 11.62 11.54 11.54 11.5 11.45 11.43 11.41 11.46 11.51 11.48 11.45 11.37 11.32 11.33 11.67 12 12.43 12.81 13.34 13.73 18.79 23.89 28.83 32.74 36.65 40.08 42.19 44.31 45.31 44.69 44.07 40.69 35.04 29.39 25.69 22.86 20.03 18.09 16.33 14.58 19.43 24.49 28.74 26.47 24.21 22.63 23.12 23.61 26.39 32.75 39.12 41.79 41.18 40.58 39.69 38.66 37.64 36.99 36.43 35.87 35.34 34.8 34.23
64.3 70.72 73.69 76.66 66.65 61.64 61.64 49.77 37.91 29.11 20.31 16.84 13.38 12.92 12.45 12.12 11.79 11.62 11.54 11.54 11.5 11.45 11.43 11.41 11.46 11.51 11.48 11.45 11.36 11.31 11.33 11.68 12 12.49 12.81 13.48 19.98 26.53 32.64 35.75 38.86 41.71 43.84 45.98 46.89 46.05 45.21 40.91 33.78 26.65 22.57 19.85 17.13 15.71 14.55 13.4 18.97 24.75 29.5 25.93 22.36 20.14 21.96 23.78 27.37 33.73 40.09 42.73 42.06 41.39 40.47 39.41 38.36 37.7 37.12 36.54 36.13 35.72 35.28
57.87 64.3 70.72 73.69 76.66 66.65 61.64 61.64 49.77 37.91 29.11 20.31 16.84 13.38 12.92 12.45 12.12 11.79 11.62 11.54 11.54 11.5 11.45 11.43 11.41 11.46 11.51 11.48 11.45 11.36 11.3 11.33 11.73 12 12.66 13.33 20.7 28.14 35 37.94 40.88 43.51 45.31 47.11 47.61 46.24 44.87 39.51 30.87 22.24 18.33 16.55 14.77 14.57 14.7 14.82 19.21 23.73 27.41 24.39 21.37 20.05 23.8 27.55 31.58 36.03 40.48 42.35 41.94 41.53 40.76 39.8 38.85 38.21 37.63 37.06 36.75 36.45 36.11
48.31 57.87 64.3 70.72 73.69 76.66 66.65 61.64 61.64 49.77 37.91 29.11 20.31 16.84 13.38 12.92 12.45 12.12 11.79 11.62 11.54 11.54 11.5 11.45 11.43 11.41 11.46 11.51 11.48 11.45 11.35 11.26 11.33 11.86 12.52 13.18 21.42 29.75 37.35 40.12 42.89 45.31 46.78 48.25 48.34 46.44 44.54 38.1 27.96 17.82 14.09 13.24 12.4 13.43 14.84 16.25 19.45 22.71 25.33 22.86 20.39 19.96 25.64 31.32 35.78 38.32 40.87 41.98 41.83 41.68 41.05 40.2 39.34 38.72 38.15 37.59 37.37 37.18 36.94
38.75 48.31 57.87 64.3 70.72 73.69 76.66 66.65 61.64 61.64 49.77 37.91 29.11 20.31 16.84 13.38 12.92 12.45 12.12 11.79 11.62 11.54 11.54 11.5 11.45 11.43 11.41 11.46 11.51 11.49 11.45 11.34 11.2 11.73 12.37 13.02 22.15 31.36 39.71 42.31 44.91 47.11 48.25 49.38 49.06 46.63 44.2 36.7 25.05 13.4 9.85 9.94 10.03 12.28 14.98 17.68 19.7 21.69 23.25 21.33 19.41 19.87 27.48 35.1 39.99 40.62 41.26 41.61 41.71 41.82 41.35 40.59 39.83 39.23 38.67 38.11 38 37.91 37.77
32.2 38.75 48.31 57.87 64.3 70.72 73.69 76.66 66.65 61.64 61.64 49.77 37.91 29.11 20.31 16.84 13.38 12.92 12.45 12.12 11.79 11.62 11.54 11.54 11.5 11.45 11.42 11.41 11.46 11.51 11.51 11.45 11.38 12.37 13.56 14.74 23.74 32.82 41.01 43.28 45.55 47.44 48.32 49.19 48.57 45.79 43.01 35.44 23.95 12.46 9.1 9.39 9.68 11.83 14.35 16.87 18.12 19.34 20.55 21.71 22.88 25.22 31.06 36.9 40.63 41.06 41.5 41.72 41.77 41.82 41.46 40.91 40.36 39.69 38.99 38.29 37.93 37.59 37.21
25.66 32.2 38.75 48.31 57.87 64.3 70.72 73.69 76.66 66.65 61.64 61.64 49.77 37.91 29.11 20.31 16.84 13.38 12.92 12.45 12.12 11.79 11.62 11.54 11.54 11.49 11.45 11.42 11.41 11.47 11.51 11.56 11.61 13.14 14.93 16.72 25.46 34.26 42.16 44.08 46 47.57 48.19 48.81 47.91 44.81 41.7 34.21 23.11 12.01 8.84 9.24 9.63 11.47 13.6 15.74 16.29 16.79 17.75 22.37 26.99 31.34 34.88 38.42 40.76 41.24 41.72 41.91 41.86 41.8 41.56 41.22 40.89 40.14 39.29 38.44 37.77 37.12 36.45
25.66 25.66 32.2 38.75 48.31 57.87 64.3 70.72 73.69 76.66 66.65 61.65 61.64 49.77 37.91 29.11 20.31 16.84 13.38 12.92 12.45 12.12 11.79 11.62 11.53 11.54 11.48 11.45 11.38 11.41 11.49 11.66 11.83 13.9 16.3 18.71 27.17 35.7 43.32 44.88 46.45 47.69 48.06 48.43 47.25 43.82 40.4 32.97 22.27 11.56 8.59 9.08 9.58 11.11 12.86 14.6 14.45 14.25 14.95 23.03 31.1 37.46 38.7 39.94 40.9 41.42 41.94 42.1 41.94 41.78 41.65 41.54 41.43 40.59 39.58 38.58 37.61 36.65 35.69
23.45 25.66 25.66 32.2 38.75 48.31 57.87 64.3 70.72 73.69 76.66 66.66 61.66 61.64 49.77 37.91 29.11 20.31 16.84 13.38 12.92 12.45 12.12 11.79 11.61 11.52 11.54 11.45 11.45 11.29 11.47 11.77 12.08 15.19 18.79 22.39 29.49 36.62 43 44.36 45.73 46.79 47.07 47.33 46.16 42.9 39.64 32.61 22.51 12.4 9.28 9.3 9.31 11.15 13.36 15.57 15.39 15.14 15.86 24.4 32.95 39.51 40.14 40.77 41.26 41.56 41.85 41.93 41.82 41.7 41.73 41.82 41.91 41.02 39.91 38.8 36.46 34.05 31.94
