NetLogoInput/pp3_resistance_60.asc
NCOLS 132 
NROWS 191 
XLLCORNER -925625.5599279 
YLLCORNER -56596.5307948139 
CELLSIZE 60 
NODATA_value -9999 
[rows 111 to 147 of 191, columns 0 to 83 of 132]
9.764124 9.904865 9.905492 9.968488 10 10 94.025606 135.490086 137.7043 368.455914 482.379101 487.500244 467.457031 450.896606 304.901966 273.171082 10 10 10 10 10 10 9.847362 9.438819 7.634112 31.715094 100.92849 384.763824 628.566772 800 800 800 781.538879 732.346619 448.431396 196.560333 5.388948 3.156393 5.902808 9.782567 9.039044 6.089126 3.148491 1.104997 1 1.006248 1.020533 1.057287 1.03729 1 1 1 1 1 1.592575 3.303054 5.443975 2.114443 1 1 1 1 1 1 1 1 1 1 1 1 1 1 1 1 1 1 1 1 1 1 1 1 1.058867 1.21232
9.905178 9.905492 9.968495 10 10 94.581775 136.597193 137.7043 369.650033 484.939673 487.500244 468.61796 450.896606 305.530448 246.4981 219.825119 10 10 10 10 10 10 9.940847 9.782523 9.1942 50.30825 159.951279 573.375549 753.659973 800 800 800 769.11438 686.815308 276.153809 47.344463 8.029242 5.242329 6.941747 9.77321 8.802438 4.534533 1.278764 1.013623 1 1 1 1 1 1 1 1 1 1 1.664268 3.565522 5.940289 2.238906 1 1 1 1 1 1 1 1 1 1 1 1 1 1 1 1 1 1 1 1 1 1 1 1 1.148814 1.536736
9.905492 9.968497 10 10 94.859205 137.150746 137.7043 370.268634 486.219958 487.500244 469.004937 450.896606 302.353446 233.16161 219.825119 62.45628 10 10 10 10 10 10 9.992514 9.972478 9.898025 58.848083 185.16127 635.953369 794.135559 800 800 800 764.563782 670.13916 235.795609 14.670216 9.56486 8.856881 9.258238 9.749335 8.67637 4.284368 1.035278 1.001724 1 1 1 1 1 1 1 1 1 1 1.084064 1.324671 1.625202 1.156786 1 1 1 1 1 1 1 1 1 1 1 1 1 1 1 1 1 1 1 1 1 1 1 1 1.280338 2.011109
9.968497 10 10 94.997757 137.427523 137.7043 370.58332 486.860101 487.500244 469.133929 450.896606 299.892134 226.493364 219.825119 75.57035 10 10 10 10 10 10 10 10 10 52.702644 205.388794 458.679535 713.450562 800 800 800 761.457275 632.426758 368.445648 123.774818 7.751587 9.902804 9.716883 9.814369 9.872075 9.324494 6.675898 3.730287 1.13343 1 1 1 1 1 1 1 1 1 1 1 1 1 1 1 1 1 1 1 1 1 1 1 1 1 1 1 1 1 1 1 1 1 1 1 1 1 1 1.136844 1.493564
10 10 95.066992 137.565912 137.7043 370.742009 487.180172 487.500244 469.176926 450.896606 298.443275 223.159242 219.825119 78.848867 10 10 10 10 10 9.960092 9.786792 9.192738 14.649393 30.424414 159.954132 397.350037 706.16748 776.206665 800 800 800 725.84845 513.615112 101.689781 29.934147 6.538805 10 10 10 9.982173 9.905867 8.935262 6.6163 2.426104 1.406657 1 1 1 1 1 1 1 1 1 1 1 1 1 1 1 1 1 1 1 1 1 1 1 1 1 1 1 1 1 1 1 1 1 1 1 1 1 1 1
10 95.101599 137.635106 137.7043 370.82169 487.340208 487.500244 469.191259 450.896606 297.664295 221.492181 219.825119 79.668496 10 10 10 10 10 10 9.817618 9.025638 6.310817 31.247702 103.339462 414.500854 645.949036 778.631348 794.581482 800 800 800 714.563293 484.607635 48.834965 14.021914 8.774687 10 10 10 9.99594 9.978562 9.704629 8.713621 6.639928 2.858419 1 1 1 1 1 1 1 1 1 1 1 1 1 1 1 1 1 1 1 1 1 1 1 1 1 1 1 1 1 1 1 1 1 1 1 1 1 1 1
95.1189 137.669703 137.7043 370.861615 487.420226 487.500244 469.196036 450.896606 297.261168 220.65865 219.825119 79.873404 10 10 10 10 10 11.774415 8.248351 6.898589 6.652094 38.931751 144.278687 358.657928 608.45575 755.405334 800 800 800 789.689087 745.236267 546.956665 297.203735 24.341583 9.629728 9.687405 10 10 10 10 10 9.96217 9.407344 8.013117 3.331339 1.297343 1.963842 3.568469 2.664116 1 1 1 1 1 1 1 1 1 1 1 1 1 1 1 1 1 1 1 1 1 1 1 1 1 1 1 1 1 1 1 1 1 1 1
137.687002 137.7043 370.881598 487.460235 487.500244 469.197629 450.896606 297.056194 220.241884 219.825119 79.924631 10 10 10 10 10 13.543139 13.548831 18.84931 3.70395 4.244234 82.377045 283.255676 657.795044 758.838135 800 800 800 794.325439 759.270874 636.599548 320.118774 71.060524 13.075956 10 10 10 10 10 10 10 9.912677 9.239887 7.634306 3.305522 1.915171 3.503283 6.406408 4.417371 1 1 1 1 1 1 1 1 1 1 1 1 1 1 1 1 1 1 1 1 1 1 1 1 1 1 1 1 1 1 1 1 1 1 1
137.7043 370.891596 487.48024 487.500244 469.19816 450.896606 296.952855 220.033502 219.825119 79.937438 10 10 10 10 10 14.64788 16.19907 18.84931 9.661094 6.430023 6.115247 98.92318 326.069733 739.88269 787.326111 800 800 800 750.712769 623.252075 320.907288 134.361099 28.800817 10.947102 10 10 10 10 10 10 10 9.241537 7.239392 3.48474 2.682205 3.844267 6.196042 3.864399 2.113652 1 1 1 1 1 1 1 1 1 1 1 1 1 1 1 1 1 1 1 1 1 1 1 1 1 1 1 1 1 1 1 1 1 1 1
370.896596 487.490242 487.500244 469.198337 450.896606 296.900972 219.92931 219.825119 79.940639 10 10 10 10 10 15.255345 17.52419 18.84931 11.646809 6.430023 49.473649 52.050072 224.435196 470.378296 782.900513 800 800 796.568909 757.851868 612.47522 395.840942 124.963104 37.015572 10 10 10 10 10 10 10 9.886942 9.402998 7.711761 5.702188 3.648951 3.174296 4.756284 7.409492 2.693665 1.057474 1 1 1 1 1 1 1 1 1 1 1 1 1 1 1 1 1 1 1 1 1 1 1 1 1 1 1 1 1 1 1 1 1 1 1
487.495243 487.500244 469.198396 450.896606 296.874978 219.877214 219.825119 79.94144 10 10 10 10 10 15.572851 18.18675 18.84931 12.308714 6.430023 70.469398 92.674664 133.299255 437.276489 696.02832 794.606323 800 800 790.388123 681.924622 398.401703 95.184555 24.989454 10.526797 10 10 10 10 10 10 10 9.683274 8.327537 5.493843 4.536284 7.270382 4.560317 4.853176 7.437368 2.62192 1.001121 1 1 1 1 1 1 1 1 1 1 1 1 1 1 1 1 1 1 1 1 1 1 1 1 1 1 1 1 1 1 1 1 1 1 1
487.500244 469.198415 450.896606 296.861967 219.851166 219.825119 79.94164 10 10 10 10 10 15.735048 18.51803 18.84931 12.529349 6.430023 80.796409 112.98696 133.299255 488.245956 627.129211 762.424255 798.05072 800 800 788.633606 660.371948 351.936005 37.580791 10.57359 5.235152 5.511446 6.319616 8.774075 10 10 10 9.410217 8.162631 5.745192 6.383607 7.351603 7.643064 3.810128 2.548651 3.566536 1.646024 1 1 1 1 1 1 1 1 1 1 1 1 1 1 1 1 1 1 1 1 1 1 1 1 1 1 1 1 1 1 1 1 1 1 1 1
469.198422 450.896606 296.855458 219.838142 219.825119 79.94169 10 10 10 10 10 15.817007 18.68367 18.84931 12.602894 6.430023 85.917198 123.143107 133.299255 517.00703 691.204041 755.27887 800 800 800 784.201904 738.916443 542.190979 258.919922 6.324213 2.74247 1.997626 2.348745 3.370223 6.436576 7.958543 7.975256 8.340311 8.446651 7.792971 5.079477 6.215086 7.137125 6.167858 2.768855 1.110474 1.16101 1.040528 1 1 1 1 1 1 1 1 1 1 1 1 1 1 1 1 1 1 1 1 1 1 1 1 1 1 1 1 1 1 1 1 1 1 1 1
450.896606 296.852204 219.831631 219.825119 79.941702 10 10 10 10 10 15.858202 18.76649 18.84931 12.627409 6.430023 88.466914 128.221181 133.299255 532.206653 723.241456 755.27887 788.819717 800 800 800 745.205078 618.636658 280.496002 92.552765 6.515054 2.031398 1.144872 1.266733 1.603918 2.503317 2.919307 2.977275 4.24345 6.951778 9.152714 7.273139 4.399928 2.354918 2.075918 1.363789 1.016043 1.023381 1.005885 1 1 1 1 1 1 1 1 1 1 1 1 1 1 1 1 1 1 1 1 1 1 1 1 1 1 1 1 1 1 1 1 1 1 1 1
296.850576 219.828375 219.825119 79.941705 10 10 10 10 10 15.878853 18.8079 18.84931 12.635581 6.430023 89.739102 130.760218 133.299255 540.011235 739.260163 755.27887 786.024647 800 800 800 800 729.146179 570.385864 188.460861 35.574932 8.065179 5.510197 5.03786 5.113675 5.254762 5.542615 5.687087 5.762653 6.561781 8.25406 9.691939 8.798983 6.297565 3.620404 1.295594 1.059159 1 1 1 1 1 1 1 1 1 1 1 1 1 1 1 1 1 1 1 1 1 1 1 1 1 1 1 1 1 1 1 1 1 1 1 1 1 1 1
219.826747 219.825119 79.941706 10 10 10 10 10 15.889192 18.828605 18.84931 12.638305 6.430023 90.374529 132.029736 133.299255 543.964719 747.269517 755.27887 785.325879 800 800 800 800 792.516174 702.734497 517.615051 138.717117 9.839762 9.519866 8.944289 8.878026 8.936222 8.994415 9.052604 9.110788 9.182078 9.385431 9.707134 9.973618 9.860685 8.320038 5.523311 1.221055 1 1 1 1 1 1 1 1 1 1 1 1 1 1 1 1 1 1 1 1 1 1 1 1 1 1 1 1 1 1 1 1 1 1 1 1 1 1 1 1
219.825119 79.941706 10 10 10 10 10 15.894365 18.838957 18.84931 12.639213 6.430023 90.692075 132.664495 133.299255 545.954259 751.274193 755.27887 785.151187 800 800 800 800 761.265732 763.180725 632.387695 408.604645 111.075104 9.961164 9.883635 9.744139 9.728079 9.742183 9.756287 9.77039 9.784491 9.801768 9.851053 9.929021 9.993606 9.966236 8.488382 5.673501 1.228395 1 1 1 1 1 1 1 1 1 1 1 1 1 1 1 1 1 1 1 1 1 1 1 1 1 1 1 1 1 1 1 1 1 1 1 1 1 1 1 1
79.941706 10 10 10 10 10 15.896952 18.844133 18.84931 12.639515 6.430023 90.850807 132.981875 133.299255 546.952229 753.276531 755.27887 785.107514 800 800 800 800 744.226284 726.273376 689.366028 550.669556 355.001221 97.482758 10 10 10 10 10 10 10 10 10 10 10 10 10 8.514263 5.975499 2.290012 3.836366 4.320152 3.463093 1.619986 1 1 1 1 1 1 1 1 1 1 1 1 1 1 1 1 1 1 1 1 1 1 1 1 1 1 1 1 1 1 1 1 1 1 1 1
10 10 10 10 10 15.898246 18.846722 18.84931 12.639616 6.430023 90.930162 133.140565 133.299255 547.452014 754.277701 755.27887 785.096596 800 800 800 800 735.353004 707.819702 689.366028 506.702827 458.96814 312.904755 86.808258 10 10 10 10 10 10 10 10 10 10 10 10 10 8.473136 6.261842 3.5295 7.151134 8.197462 6.336126 2.343159 1 1 1 1 1 1 1 1 1 1 1 1 1 1 1 1 1 1 1 1 1 1 1 1 1 1 1 1 1 1 1 1 1 1 1 1
10 10 10 10 15.898893 18.848016 18.84931 12.63965 6.430023 90.969838 133.21991 133.299255 547.702106 754.778286 755.27887 785.093866 800 800 800 800 730.827974 698.592865 689.366028 479.316076 393.387863 327.807587 146.905777 44.715515 10 10 10 10 10 10 10 10 10 10 10 10 10 8.432011 5.807023 2.061622 3.181044 3.523197 2.836174 1.462184 1 1 1 1 1 1 1 1 1 1 1 1 1 1 1 1 1 1 1 1 1 1 1 1 1 1 1 1 1 1 1 1 1 1 1 1
10 10 10 15.899216 18.848663 18.84931 12.639661 6.430023 90.989674 133.259582 133.299255 547.827202 755.028578 755.27887 785.093184 800 800 800 800 728.543362 693.979446 689.366028 464.271854 360.597725 327.807587 133.867727 49.078751 19.909288 10 10 10 10 10 10 10 10 10 10 10 10 10 8.390885 5.55108 1.320206 1.209341 1.216818 1.127105 1.031994 1 1 1 1 1 1 1 1 1 1 1 1 1 1 1 1 1 1 1 1 1 1 1 1 1 1 1 1 1 1 1 1 1 1 1 1
10 10 15.899378 18.848986 18.84931 12.639665 6.430023 90.999592 133.279418 133.299255 547.889763 755.153724 755.27887 785.093013 800 800 800 800 727.395532 691.672737 689.366028 456.412031 344.202656 327.807587 125.93322 30.378772 11.678793 10.425695 10 10 10 10 10 10 10 10 10 10 10 10 10 8.349762 5.471419 1.22272 1.008993 1.009314 1.00546 1.001374 1 1 1 1 1 1 1 1 1 1 1 1 1 1 1 1 1 1 1 1 1 1 1 1 1 1 1 1 1 1 1 1 1 1 1 1
10 15.899459 18.849148 18.84931 12.639666 6.430023 91.004551 133.289336 133.299255 547.921046 755.216297 755.27887 785.092971 800 800 800 800 726.820236 690.519383 689.366028 452.397692 336.005122 327.807587 121.612096 21.028783 11.678793 10.11927 9.3047 10 10 10 10 10 10 8.919234 7.197409 5.242515 6.368486 8.255719 10 10 8.308639 5.416564 1.215838 1 1 1 1 1 1.000255 1.001337 1.000672 1 1 1 1 1 1 1 1 1 1 1 1 1 1 1 1 1 1 1 1 1 1 1 1 1 1 1 1 1 1 1 1
15.8995 18.849229 18.84931 12.639666 6.430023 91.007031 133.294295 133.299255 547.936689 755.247584 755.27887 785.09296 800 800 800 800 726.532242 689.942705 689.366028 450.369415 331.906354 327.807587 119.363066 16.353788 11.678793 10.013062 9.186296 9.067891 10 10 10 10 10 10 8.140364 5.217579 1.880862 3.342177 5.774121 8.129183 8.605962 7.699924 5.553057 1.907923 2.622037 2.818384 2.27759 1.321583 1.349342 1.860948 2.324411 1.615094 1 1 1 1 1 1 1 1 1 1 1 1 1 1 1 1 1 1 1 1 1 1 1 1 1 1 1 1 1 1 1 1
18.849269 18.84931 12.639666 6.430023 91.008271 133.296775 133.299255 547.94451 755.263227 755.27887 785.092958 800 800 800 800 726.388159 689.654367 689.366028 449.35 329.85697 327.807587 118.216434 14.01629 11.678793 9.97171 9.127094 9.067891 9.689297 10 10 10 10 10 10 7.936657 4.794304 1.160161 1.581167 2.22379 3.207436 4.938524 6.16558 5.999701 3.732939 6.889292 7.602189 5.638673 2.167603 2.26839 4.124826 5.802875 3.230367 1 1 1 1 1 1 1 1 1 1 1 1 1 1 1 1 1 1 1 1 1 1 1 1 1 1 1 1 1 1 1 1
18.84931 12.639666 6.430023 91.008891 133.298015 133.299255 547.948421 755.271049 755.27887 785.092957 800 800 800 800 726.316096 689.510198 689.366028 448.838974 328.832279 327.807587 117.637589 12.847542 11.678793 9.953972 9.097492 9.067891 9.585729 10 8.609528 7.959244 9.665018 10 10 10 8.838077 6.560901 3.44769 1.73228 1.969248 3.353157 5.228787 4.720866 3.65073 2.603929 4.447493 5.432323 5.478292 5.497177 5.475338 5.182078 4.07375 2.244121 1 1 1 1 1 1 1 1 1 1 1 1 1 1 1 1 1 1 1 1 1 1 1 1 1 1 1 1 1 1 1.111714 1.402924
12.639666 6.430023 91.009201 133.298635 133.299255 547.950376 755.27496 755.27887 785.092957 800 800 800 800 726.280059 689.438113 689.366028 448.583131 328.319933 327.807587 117.346784 12.263168 11.678793 9.945837 9.082691 9.067891 9.551207 10 8.076863 7.219055 6.478867 9.42202 10 10 10 9.776298 8.553564 6.300407 2.890979 2.600959 3.957787 5.491165 3.268868 1.274351 1.157291 1.270921 2.431724 4.674088 8.176195 7.742699 5.080857 1.660326 1 1 1 1 1 1 1 1 1 1 1 1 1 1 1 1 1 1 1 1 1 1 1 1 1 1 1 1 1.018966 1.0979 1.163236 1.431251 2.029984
6.430023 91.009356 133.298945 133.299255 547.951354 755.276915 755.27887 785.092957 800 800 800 800 726.26204 689.402071 689.366028 448.455126 328.06376 327.807587 117.201036 11.97098 11.678793 9.941953 9.075291 9.067891 9.539699 10 7.851173 6.848961 6.478867 8.896334 9.758064 10 10 10 9.942633 9.529071 8.607805 5.872189 3.52865 1.993807 2.455034 1.719915 1.070356 1.040336 1.069476 2.283309 4.567773 6.667296 5.013585 2.080941 1.174908 1 1 1 1 1 1 1 1 1 1 1 1 1 1 1 1 1 1 1 1 1 1 1 1 1 1 1 1 1.101389 1.523342 1.872608 2.355632 3.08062
91.009434 133.2991 133.299255 547.951843 755.277893 755.27887 785.092957 800 800 800 800 726.253029 689.384049 689.366028 448.391104 327.935674 327.807587 117.128076 11.824887 11.678793 9.940057 9.071591 9.067891 9.535863 10 7.748489 6.663914 6.478867 8.785954 9.842226 9.926387 10 10 10 10 9.921451 9.642647 8.080708 5.562401 2.929447 1.52258 1.108459 1 1 1 1.73639 3.108456 4.053015 2.819707 1.027046 1.004376 1 1 1 1 1 1 1 1 1 1 1 1 1 1 1 1 1 1 1 1 1 1 1 1 1 1 1 1 1.260624 2.345268 3.121851 3.25852 2.48164
133.299177 133.299255 547.952087 755.278382 755.27887 785.092957 800 800 800 800 726.248524 689.375039 689.366028 448.359088 327.871631 327.807587 117.091574 11.75184 11.678793 9.93912 9.069741 9.067891 9.534585 10 7.699687 6.57139 6.478867 8.768879 9.884307 9.926387 9.981597 10 10 10 10 10 9.979415 9.751419 8.064795 5.391961 1.927502 1.110326 1 1 1 1.038248 1.105181 1.107116 1.057697 1 1 1 1 1 1 1 1 1 1 1 1 1 1 1 1 1 1 1 1 1 1 1 1 1 1 1 1 1 1 1.421702 3.176705 4.352784 3.92207 1.125067
133.299255 547.952209 755.278626 755.27887 785.092957 800 800 800 800 726.246271 689.370533 689.366028 448.343078 327.839609 327.807587 117.073318 11.715316 11.678793 9.938655 9.068816 9.067891 9.534159 10 7.675921 6.525129 6.478867 8.76987 9.905347 9.926387 9.976996 10 10 10 10 10 10 9.993185 9.917706 9.26222 7.858527 4.972041 2.487463 1 1 1 1.012662 1.03482 1.035461 1.019101 1 1 1 1 1 1 1 1 1 1 1 1 1 1 1 1 1 1 1 1 1 1 1 1 1 1 1 1 1 1 1.139606 1.720606 2.109951 1.967361 1.041404
547.95227 755.278748 755.27887 785.092957 800 800 800 800 726.245145 689.368281 689.366028 448.335073 327.823598 327.807587 117.064188 11.697054 11.678793 9.938423 9.068354 9.067891 9.534017 10 7.664197 6.501998 6.478867 8.772748 9.915867 9.926387 9.975846 10 10 10 10 10 10 10 10 10 9.393508 8.006555 5.075362 2.528735 1 1 1 1 1 1 1 1 1 1 1 1 1 1 1 1 1 1 1 1 1 1 1 1 1 1 1 1 1 1 1 1 1 1 1 1 1 1 1 1 1 1
755.278809 755.27887 785.092957 800 800 800 800 726.244582 689.367154 689.366028 448.33107 327.815592 327.807587 117.059623 11.687924 11.678793 9.938307 9.068122 9.067891 9.533969 10 7.658374 6.490433 6.478867 8.774782 9.921127 9.926387 9.975558 10 10 10 10 10 10 10 10 10 10 8.480241 5.882975 2.297004 1.261184 1 1 1 1 1 1 1 1 1 1 1 1 1 1 1 1 1 1 1 1 1 1 1 1 1 1 1 1 1 1 1 1 1 1 1 1 1 1 1 1 1 1
755.27887 785.092957 800 800 800 800 726.2443 689.366591 689.366028 448.329068 327.811589 327.807587 117.057341 11.683359 11.678793 9.938249 9.068006 9.067891 9.533953 10 7.655473 6.48465 6.478867 8.775948 9.923757 9.926387 9.975486 10 10 10 10 10 8.491625 5.474876 6.669177 8.297274 10 10 8.29677 5.480406 1.865824 1.070671 1 1 1 1 1 1 1 1 1 1 1 1 1 1 1 1 1 1 1 1 1 1 1 1 1 1 1 1 1 1 1 1 1 1 1 1 1 1 1 1 1 1
785.092957 800 800 800 800 726.244159 689.366309 689.366028 448.328068 327.809588 327.807587 117.056199 11.681076 11.678793 9.93822 9.067948 9.067891 9.533948 10 7.654025 6.481758 6.478867 8.776568 9.925072 9.926387 9.975468 10 10 10 10 10 7.988834 5.474876 6.532842 5.453577 7.681142 10 10 8.201813 5.282524 1.697966 1 1 1 1 1 1 1 1 1 1 1 1 1 1 1 1 1 1 1 1 1 1 1 1 1 1 1 1 1 1 1 1 1 1 1 1 1 1 1 1 1 1 1
800 800 800 800 726.244089 689.366168 689.366028 448.327568 327.808588 327.807587 117.055628 11.679934 11.678793 9.938206 9.067919 9.067891 9.533946 10 7.653301 6.480313 6.478867 8.776888 9.925729 9.926387 9.975464 10 10 10 10 10 7.821237 5.474876 6.883779 6.993658 8.53374 9.270617 10 10 8.168013 5.221521 1.688023 1 1 1 1 1 1 1 1 1 1 1 1 1 1 1 1 1 1 1 1 1 1 1 1 1 1 1 1 1 1 1 1 1 1 1 1 1 1 1 1 1 1 1
800 800 800 726.244054 689.366098 689.366028 448.327318 327.808088 327.807587 117.055343 11.679364 11.678793 9.938199 9.067905 9.067891 9.533946 10 7.65294 6.47959 6.478867 8.77705 9.926058 9.926387 9.975463 10 10 10 10 10 7.765371 5.474876 7.164023 7.763699 8.53374 7.342597 7.225858 6.018171 5.983803 4.941001 3.297816 1.374498 1 1 1 1 1 1 1 1 1 1 1 1 1 1 1 1 1 1 1 1 1 1 1 1 1 1 1 1 1 1 1 1 1 1 1 1 1 1 1 1 1 1 1
