NetLogoInput/pp3_pinchpoints_90.asc
NCOLS 88 
NROWS 127 
XLLCORNER -925625.5599279 
YLLCORNER -56566.5307948138 
CELLSIZE 90 
NODATA_value -9999 
[rows 58 to 86 of 127, columns 0 to 64 of 88]
0.019833 0.02757 0.036584 0.030344 0.016571 0.000484 0 0.001062 0.016123 0.050253 0.053279 0.039875 0.061332 0.065317 0.0346 0.036731 0.057231 0.066215 0.056909 0.058299 0.068205 0.051948 0.045587 0.073429 0.033685 0.005312 0.003445 0.001805 9e-05 3.9e-05 0 0 0.001819 0.013006 0.030682 0.037058 0.033884 0.030022 0.027113 0.022848 0.017123 0.020967 0.023521 0.022443 0.018316 0.011554 0.012537 0.013584 0.015363 0.015764 0.015728 0.015447 0.014979 0.014401 0.013812 0.0133 0.012899 0.012569 0.01227 0.011986 0.011724 0.011491 0.011285 0.011098 0.010923
0.03111 0.03465 0.033597 0.00907 0.002404 0 5.9e-05 0.00222 0.015145 0.034897 0.044352 0.05453 0.057285 0.059848 0.047739 0.048297 0.071856 0.068 0.040667 0.040641 0.065905 0.062719 0.051531 0.071933 0.021528 0.002815 0.000237 0.000121 0 0 0 0.002033 0.015281 0.037176 0.045682 0.041642 0.035627 0.031575 0.028194 0.024344 0.022153 0.023629 0.023039 0.020155 0.013699 0.00673 0.01044 0.015781 0.016301 0.016377 0.016302 0.016012 0.015422 0.014698 0.014076 0.01363 0.013286 0.012946 0.012598 0.012265 0.011969 0.01172 0.011511 0.011325 0.011149
0.03465 0.033292 0.03163 0.005932 0.002231 0.000149 0.001132 0.006886 0.020304 0.03065 0.037362 0.043695 0.048354 0.049805 0.044368 0.044284 0.074871 0.086891 0.056346 0.042401 0.06379 0.068134 0.065318 0.061442 0.025157 0.00288 0 0 0 0 0.003181 0.023669 0.050575 0.05425 0.051719 0.042345 0.035505 0.03281 0.029998 0.027994 0.027839 0.026396 0.023615 0.020508 0.017551 0.01678 0.018019 0.018697 0.017473 0.017004 0.017011 0.016994 0.016223 0.015124 0.014382 0.014051 0.013732 0.013341 0.01291 0.012505 0.012171 0.011915 0.011717 0.011547 0.011376
0.033191 0.03163 0.018601 0.015314 0.007708 0.003867 0.005379 0.010702 0.019813 0.027033 0.033111 0.039979 0.047708 0.048478 0.041829 0.035289 0.052228 0.089505 0.088019 0.067287 0.068495 0.074992 0.076474 0.057978 0.016945 0.000665 0 0 0.00092 0.011672 0.037915 0.056436 0.05836 0.054918 0.042515 0.034487 0.035688 0.034176 0.031881 0.030084 0.028925 0.026971 0.024341 0.022211 0.021919 0.023216 0.022792 0.020269 0.018128 0.017233 0.017099 0.01733 0.016536 0.014843 0.014657 0.014545 0.014267 0.013775 0.013185 0.012671 0.012303 0.01206 0.011903 0.011775 0.011619
0.03163 0.022544 0.01842 0.021527 0.010914 0.017189 0.012776 0.012758 0.021302 0.027597 0.031729 0.042114 0.053146 0.050874 0.046195 0.054703 0.054107 0.06684 0.080231 0.08198 0.083286 0.086605 0.085073 0.055024 0.005871 4.6e-05 0 0.00016 0.005515 0.037481 0.071577 0.054098 0.04457 0.043622 0.032784 0.034748 0.038072 0.035942 0.03337 0.031114 0.029125 0.027035 0.024925 0.023465 0.023222 0.023368 0.022398 0.020126 0.01798 0.016459 0.015407 0.013019 0.011976 0.014574 0.015 0.015191 0.015053 0.014294 0.013334 0.012699 0.012333 0.012129 0.012068 0.012045 0.011913
0.023919 0.019973 0.021527 0.020331 0.023335 0.02982 0.023956 0.015069 0.02572 0.036063 0.038604 0.052184 0.063523 0.062514 0.059614 0.068215 0.064677 0.066509 0.078824 0.090868 0.100013 0.103388 0.091849 0.050094 0.002986 0 0 0.001717 0.029677 0.088142 0.085356 0.037941 0.039817 0.037638 0.034546 0.043952 0.041922 0.037775 0.034445 0.031786 0.029491 0.027382 0.025529 0.024193 0.023349 0.022488 0.021254 0.019575 0.017699 0.015466 0.011859 0.009729 0.011859 0.013196 0.013188 0.013657 0.014236 0.013855 0.013025 0.012574 0.012257 0.012041 0.012173 0.012494 0.012339
0.02075 0.021527 0.022962 0.024441 0.025547 0.030404 0.035144 0.02443 0.032612 0.050018 0.05364 0.055255 0.064801 0.070572 0.062963 0.060648 0.06626 0.071434 0.082614 0.101226 0.123397 0.134861 0.105717 0.036423 0.001872 0 0.000418 0.018247 0.082535 0.125823 0.088133 0.06468 0.061247 0.054235 0.054318 0.054363 0.045616 0.038946 0.03505 0.032545 0.030361 0.028208 0.026248 0.024701 0.023445 0.022223 0.02091 0.019502 0.018009 0.016361 0.014137 0.011987 0.009578 0.007173 0.006914 0.007082 0.008326 0.010963 0.012392 0.012423 0.012186 0.011653 0.011667 0.012517 0.012275
0.021527 0.023758 0.024994 0.025547 0.025231 0.023504 0.035468 0.043878 0.041011 0.049145 0.054553 0.052042 0.050553 0.053614 0.055147 0.05697 0.065071 0.073132 0.085925 0.113754 0.159464 0.198174 0.141012 0.021599 0.00051 0 0.001336 0.050354 0.140588 0.128298 0.07322 0.074896 0.073991 0.073784 0.070191 0.059183 0.046235 0.03845 0.035429 0.034108 0.032103 0.02928 0.026837 0.025006 0.023562 0.022281 0.021042 0.019842 0.018761 0.018026 0.017447 0.01562 0.012335 0.009867 0.008925 0.008639 0.009117 0.010747 0.012114 0.012466 0.012304 0.011683 0.009718 0.00841 0.010821
0.024026 0.025271 0.025547 0.023683 0.022486 0.021467 0.02936 0.041528 0.034063 0.029937 0.039336 0.044366 0.040678 0.043261 0.049855 0.057212 0.065406 0.077151 0.098046 0.128987 0.192968 0.314031 0.292859 0.032684 0 0 0.019232 0.108643 0.183182 0.12194 0.064288 0.069942 0.076594 0.075121 0.059835 0.044106 0.038456 0.035424 0.034798 0.03607 0.033743 0.029857 0.026944 0.025006 0.023577 0.022369 0.021263 0.020259 0.019449 0.019014 0.01871 0.01788 0.016867 0.015784 0.014562 0.013766 0.013044 0.012544 0.012642 0.012808 0.012691 0.012371 0.011056 0.009323 0.008482
0.025409 0.025547 0.023168 0.021976 0.021467 0.02191 0.021178 0.025527 0.025046 0.020896 0.02859 0.036583 0.038609 0.042496 0.047955 0.055768 0.066706 0.085445 0.110937 0.136796 0.197346 0.354838 0.442158 0.27525 0.257846 0.164414 0.077824 0.212823 0.193502 0.103208 0.065624 0.065721 0.062999 0.055276 0.042506 0.031309 0.030454 0.030528 0.028948 0.029561 0.030624 0.028745 0.026278 0.024659 0.023455 0.022402 0.021437 0.020575 0.019874 0.019377 0.018983 0.018687 0.018513 0.017956 0.016977 0.015985 0.014908 0.013951 0.0135 0.013355 0.013236 0.013216 0.013235 0.012488 0.010282
0.025547 0.022976 0.021721 0.021467 0.019354 0.018406 0.015633 0.016872 0.021831 0.02418 0.028124 0.03314 0.037116 0.040502 0.045109 0.051679 0.06436 0.08331 0.099285 0.122632 0.159632 0.213409 0.341577 0.484263 0.49989 0.4021 0.289692 0.293548 0.15691 0.07285 0.055078 0.046903 0.036504 0.034008 0.03593 0.033078 0.029425 0.026858 0.021271 0.017636 0.021493 0.025029 0.024907 0.024093 0.023249 0.022386 0.021546 0.020772 0.020101 0.019544 0.01909 0.018744 0.018405 0.017872 0.017128 0.016289 0.015438 0.014707 0.014218 0.013931 0.013766 0.013757 0.013804 0.013574 0.013198
0.022896 0.021594 0.021467 0.018368 0.01702 0.015633 0.01588 0.015135 0.020348 0.026884 0.030799 0.032867 0.034982 0.037641 0.040836 0.045079 0.053872 0.065046 0.073924 0.090656 0.09032 0.051145 0.106042 0.274931 0.289653 0.384163 0.460452 0.263718 0.11042 0.058664 0.035674 0.02619 0.020918 0.023702 0.032094 0.035044 0.031457 0.02746 0.020032 0.012758 0.015554 0.021556 0.023576 0.023593 0.023064 0.022357 0.021607 0.020883 0.02022 0.019631 0.019111 0.018639 0.018156 0.017607 0.016988 0.016346 0.015734 0.0152 0.014769 0.014438 0.014198 0.014044 0.013921 0.013828 0.013677
0.02153 0.021467 0.017948 0.016326 0.015633 0.015549 0.015135 0.016071 0.018102 0.02469 0.030201 0.031986 0.032639 0.034257 0.035868 0.03764 0.04164 0.048386 0.0559 0.054443 0.028979 0.004389 0 0 0.003626 0.169754 0.328364 0.176196 0.103426 0.072364 0.032828 0.021765 0.02164 0.02264 0.028327 0.033025 0.032874 0.031576 0.027315 0.020397 0.019419 0.021727 0.023234 0.023423 0.022995 0.022352 0.021644 0.020941 0.020275 0.019656 0.019079 0.018527 0.017976 0.017416 0.016873 0.016387 0.015973 0.015601 0.015236 0.014874 0.014545 0.014269 0.014041 0.013839 0.013595
0.021467 0.017757 0.01598 0.015633 0.015439 0.015135 0.014076 0.0144 0.010699 0.013323 0.021445 0.027943 0.029599 0.030787 0.031131 0.030795 0.033442 0.039469 0.038823 0.024525 0.004946 0 0 0.000485 0.014663 0.064056 0.118505 0.130196 0.122424 0.100128 0.055977 0.028375 0.026868 0.02987 0.031358 0.033391 0.034455 0.03575 0.036234 0.032286 0.026689 0.024336 0.02396 0.023622 0.023061 0.022384 0.021671 0.020965 0.020286 0.01964 0.019021 0.018414 0.017811 0.017221 0.016709 0.016364 0.016184 0.016016 0.015708 0.015275 0.014833 0.014449 0.014131 0.013855 0.013593
0.017666 0.015806 0.015633 0.015402 0.015135 0.013115 0.01255 0.010699 0.006396 0.001253 0.009168 0.0196 0.02469 0.027005 0.02706 0.02564 0.026319 0.028655 0.022125 0.008772 0.001203 0 0 0.003162 0.027276 0.051057 0.06708 0.104192 0.12453 0.121827 0.088806 0.05119 0.038549 0.039916 0.037509 0.035479 0.03558 0.037677 0.038974 0.035922 0.030119 0.026521 0.024939 0.023999 0.023205 0.022437 0.021687 0.020963 0.020267 0.019599 0.018948 0.018301 0.017643 0.016978 0.016396 0.016157 0.016396 0.016618 0.016295 0.015651 0.015055 0.01457 0.014178 0.013865 0.013602
0.01572 0.015633 0.01539 0.015135 0.012643 0.011624 0.010699 0.004546 0.000781 0.000308 0.002805 0.008722 0.015809 0.020906 0.022297 0.021795 0.022413 0.020032 0.010562 0.001991 0 0 0.000399 0.008397 0.031917 0.035002 0.029662 0.059022 0.098981 0.118986 0.103482 0.079856 0.057728 0.046973 0.041863 0.037474 0.034419 0.034667 0.035812 0.03373 0.030215 0.027407 0.025566 0.024316 0.023336 0.022476 0.021681 0.020934 0.020224 0.01954 0.018871 0.018197 0.01749 0.016709 0.015839 0.015359 0.016076 0.01703 0.016755 0.015903 0.015197 0.014604 0.014157 0.013839 0.01359
0.015633 0.015386 0.015135 0.01241 0.011162 0.010699 0.004025 0.000545 0.000308 0.000778 0 0.000902 0.005026 0.010674 0.014464 0.016249 0.015377 0.008863 0.002762 0.000422 0 0 0.002115 0.012039 0.028644 0.02877 0.019437 0.034821 0.071746 0.095261 0.09369 0.085304 0.067573 0.052224 0.044819 0.039509 0.032504 0.027305 0.030004 0.031212 0.029376 0.027415 0.025758 0.024451 0.023385 0.022466 0.021639 0.020875 0.020156 0.019467 0.018794 0.018115 0.01739 0.016534 0.015269 0.013577 0.013065 0.014416 0.015514 0.015604 0.015136 0.014474 0.014035 0.013766 0.013554
0.015385 0.015135 0.012293 0.01093 0.010699 0.003864 0.000426 0.000308 0.000272 0 0 0 0 0.001462 0.005631 0.007712 0.006111 0.00315 0.000661 0 0 0.000146 0.004788 0.01316 0.021441 0.022619 0.017153 0.032244 0.059209 0.074839 0.077864 0.072927 0.063481 0.053647 0.046263 0.041475 0.036423 0.030714 0.029184 0.02947 0.028541 0.027073 0.025645 0.024396 0.023324 0.022387 0.021547 0.020779 0.020062 0.01938 0.018721 0.018063 0.017373 0.016579 0.015468 0.012487 0.007676 0.007169 0.0109 0.013386 0.014193 0.014045 0.013816 0.013659 0.013503
0.015135 0.012236 0.010815 0.010699 0.00381 0.000367 0.000308 0.000145 0 0 0 0 0 0.000294 0.001328 0.00224 0.001957 0.000892 0.000155 0 0 0.001116 0.007611 0.014334 0.014826 0.014509 0.013304 0.019711 0.043315 0.064533 0.068016 0.063938 0.058787 0.052327 0.045946 0.041729 0.039168 0.035493 0.031229 0.029142 0.027945 0.026638 0.025359 0.024192 0.023155 0.022232 0.021401 0.020642 0.019938 0.019275 0.018644 0.018032 0.017428 0.016823 0.016291 0.015285 0.011559 0.00811 0.007624 0.008641 0.011902 0.013414 0.013586 0.013558 0.013455
0.012207 0.010757 0.010699 0.003789 0.000338 0.000308 0.000113 0 0 0 0 0 0 0 0 0 0 0 0 0 6.6e-05 0.003059 0.009763 0.012497 0.01133 0.011242 0.010696 0.010972 0.023927 0.04988 0.060113 0.056478 0.055381 0.051179 0.044776 0.04024 0.037239 0.034314 0.031298 0.029024 0.027463 0.02616 0.024967 0.023878 0.022893 0.022004 0.021198 0.020462 0.01978 0.019146 0.018552 0.017998 0.017495 0.017085 0.016923 0.017138 0.017055 0.01541 0.013372 0.012463 0.012445 0.013132 0.013481 0.013506 0.013428
0.010728 0.010699 0.00378 0.000323 0.000308 0.000105 0 0 0 0 0 0 0 0 0 0 0 0 0 1.4e-05 0.000982 0.005155 0.009391 0.010116 0.009793 0.009752 0.009784 0.009995 0.01365 0.036193 0.049422 0.041652 0.046179 0.049329 0.042935 0.038189 0.034976 0.032404 0.030211 0.028369 0.026869 0.025609 0.024491 0.023476 0.022553 0.021711 0.020942 0.020237 0.019586 0.018985 0.018431 0.017933 0.017509 0.017209 0.017128 0.017401 0.017719 0.01707 0.015719 0.014498 0.013676 0.013501 0.013548 0.013521 0.013429
0.010699 0.003776 0.000316 0.000308 0.000103 0 0 0 0 0 0 0 0 0 0 0 0 0 0 0.000569 0.003066 0.006467 0.008313 0.008564 0.008459 0.008661 0.009066 0.00978 0.017156 0.031954 0.034044 0.032564 0.0408 0.043613 0.039877 0.036089 0.033148 0.030827 0.028942 0.027397 0.026096 0.024957 0.023934 0.023001 0.022146 0.021359 0.020635 0.019968 0.019352 0.018786 0.01827 0.017813 0.017434 0.017163 0.017036 0.017043 0.016973 0.016511 0.015709 0.014866 0.014221 0.013872 0.013707 0.013585 0.013453
0.003774 0.000312 0.000308 0.000103 0 0 0 0 0 0 0 0 0 0 0 0 0 0 0.000365 0.00184 0.004201 0.006257 0.007244 0.007289 0.007228 0.00767 0.008206 0.011273 0.018087 0.030134 0.025781 0.02939 0.038464 0.038284 0.036521 0.034044 0.031632 0.029552 0.027829 0.026403 0.025222 0.024217 0.023308 0.022466 0.021684 0.020958 0.020284 0.019659 0.01908 0.018546 0.018062 0.017634 0.017273 0.016993 0.016796 0.016639 0.016418 0.016032 0.015496 0.014928 0.014444 0.014095 0.013853 0.013662 0.013486
0.00031 0.000308 0.000103 0 0 0 0 0 0 0 0 0 0 0 0 0 0 0 0.000725 0.002519 0.004438 0.00622 0.006633 0.006038 0.006017 0.006382 0.009998 0.012592 0.012876 0.026199 0.027954 0.028064 0.033645 0.034634 0.033709 0.032141 0.030314 0.028525 0.026924 0.025558 0.024416 0.023457 0.022635 0.021885 0.02118 0.020518 0.019895 0.019314 0.018772 0.01827 0.017811 0.017401 0.017045 0.016748 0.016501 0.016274 0.016018 0.015695 0.015312 0.014912 0.014543 0.014228 0.013963 0.013729 0.013514
0.000308 0.000103 0 0 0 0 0 0 0 0 0 0 0 0 0 0 0 8.8e-05 0.00072 0.002643 0.004681 0.006243 0.006552 0.006123 0.006169 0.005569 0.009282 0.01338 0.014878 0.023244 0.028349 0.028744 0.030664 0.031828 0.031503 0.03046 0.029093 0.027629 0.0262 0.024894 0.02376 0.022805 0.021985 0.021278 0.020646 0.020047 0.019477 0.018939 0.018433 0.017959 0.017521 0.017123 0.016769 0.016457 0.016183 0.015931 0.015681 0.015421 0.015148 0.014871 0.014595 0.014321 0.014048 0.013782 0.013529
0.000103 0 0 0 0 0 0 0 0 0 0 0 0 0 0 0 0 0.000273 0.001107 0.002717 0.004271 0.005288 0.00601 0.006315 0.006368 0.005424 0.005761 0.01088 0.018073 0.023482 0.026502 0.028197 0.029506 0.03012 0.029838 0.029032 0.027965 0.026775 0.025552 0.024361 0.023262 0.022287 0.021447 0.020729 0.020107 0.019555 0.019037 0.018541 0.018068 0.01762 0.0172 0.016811 0.016455 0.016133 0.015844 0.015585 0.015357 0.01516 0.014992 0.014833 0.014651 0.014415 0.014129 0.01382 0.013522
0 0 0 0 0 0 0 0 0 0 0 0 0 0 0 0 0 0.000369 0.001372 0.00264 0.003703 0.004426 0.004973 0.005341 0.005493 0.005143 0.004652 0.006614 0.01637 0.022494 0.024666 0.027758 0.029335 0.029158 0.028538 0.027811 0.026942 0.025958 0.024916 0.023865 0.022848 0.021896 0.021037 0.020288 0.019647 0.019079 0.018581 0.018126 0.017685 0.01726 0.016855 0.016471 0.016112 0.01578 0.015479 0.015216 0.015006 0.014874 0.014828 0.014825 0.014763 0.014561 0.014227 0.013842 0.013482
0 0 0 0 0 0 0 0 0 0 0 0 0 0 0 0 0 0.000277 0.001275 0.00264 0.003685 0.004304 0.00468 0.004928 0.005009 0.004836 0.004453 0.005442 0.016141 0.018317 0.018557 0.026281 0.029261 0.028153 0.027343 0.026729 0.026024 0.025197 0.024292 0.023361 0.022443 0.021559 0.020726 0.019965 0.019284 0.018689 0.018174 0.017712 0.017289 0.016886 0.016492 0.016111 0.015746 0.015402 0.015084 0.014804 0.014592 0.014505 0.014617 0.014878 0.015031 0.014836 0.014353 0.013822 0.013384
0 0 0 0 0 0 0 0 0 0 0 0 0 0 0 0 8.9e-05 8.1e-05 0.000769 0.002406 0.003873 0.00448 0.004762 0.00496 0.004946 0.004669 0.004264 0.005377 0.016413 0.016399 0.014585 0.022851 0.026874 0.026476 0.026115 0.025771 0.025227 0.024503 0.023688 0.022849 0.022019 0.021215 0.020443 0.019712 0.019026 0.018406 0.017853 0.017364 0.016919 0.016508 0.016119 0.015738 0.015364 0.015002 0.014659 0.014343 0.014083 0.01396 0.014197 0.015042 0.015735 0.015365 0.014445 0.013693 0.013196
