NetLogoInput/pp3_pinchpoints_60.asc
NCOLS 132 
NROWS 191 
XLLCORNER -925625.5599279 
YLLCORNER -56596.5307948138 
CELLSIZE 60 
NODATA_value -9999 
[rows 56 to 83 of 191, columns 0 to 62 of 132]
0.011492 0.011492 0.011466 0.011441 0.011389 0.011336 0.011799 0.012261 0.014367 0.016472 0.016882 0.017091 0.017074 0.017328 0.017575 0.018952 0.020313 0.023228 0.026069 0.023522 0.020853 0.024076 0.026998 0.031289 0.03466 0.028789 0.023219 0.028129 0.036215 0.037452 0.036233 0.034574 0.033175 0.031973 0.030823 0.029708 0.028557 0.027354 0.02612 0.024879 0.023497 0.02207 0.02063 0.019723 0.01916 0.018892 0.018521 0.017921 0.017102 0.015939 0.014503 0.013099 0.011889 0.011302 0.01085 0.01048 0.010059 0.009671 0.009369 0.009326 0.009143 0.008073 0.005398
0.011779 0.011492 0.011492 0.011466 0.011441 0.011389 0.011336 0.011799 0.012261 0.014367 0.016472 0.01689 0.017107 0.017074 0.017334 0.017575 0.018969 0.020313 0.023302 0.026069 0.023645 0.020853 0.024376 0.026998 0.03471 0.040531 0.032956 0.031683 0.033435 0.034697 0.034233 0.03338 0.032577 0.031758 0.030912 0.030031 0.029042 0.028063 0.027126 0.026314 0.024774 0.022891 0.020736 0.019653 0.019412 0.019868 0.019642 0.019121 0.018303 0.016992 0.014944 0.012898 0.011224 0.011097 0.010996 0.010782 0.01041 0.010017 0.009622 0.009264 0.008622 0.00769 0.00636
0.012352 0.011779 0.011492 0.011492 0.011466 0.011441 0.011389 0.011336 0.011799 0.012261 0.014367 0.016472 0.016907 0.01714 0.017074 0.017353 0.017575 0.019019 0.020313 0.023524 0.026069 0.024013 0.020853 0.025278 0.026998 0.042523 0.036792 0.033573 0.032202 0.032726 0.032589 0.032299 0.032019 0.0316 0.031082 0.030459 0.02965 0.028942 0.028387 0.02818 0.026481 0.023228 0.01794 0.019068 0.02043 0.021467 0.021065 0.020428 0.019463 0.017772 0.013971 0.011016 0.010646 0.011154 0.011355 0.011159 0.010801 0.010383 0.009915 0.009381 0.008541 0.00767 0.006907
0.01636 0.012352 0.011779 0.011492 0.011492 0.011466 0.011441 0.011389 0.011336 0.011799 0.012261 0.014368 0.016472 0.016941 0.017207 0.017074 0.01741 0.017575 0.019168 0.020313 0.024189 0.026069 0.025118 0.020853 0.027983 0.039053 0.037132 0.03438 0.031815 0.031221 0.031168 0.031293 0.031494 0.031493 0.031319 0.030969 0.030345 0.02992 0.029774 0.030226 0.028347 0.023232 0.013534 0.018293 0.021983 0.023457 0.022674 0.021779 0.02054 0.018267 0.012166 0.008255 0.010226 0.011412 0.011847 0.011576 0.011217 0.010774 0.010251 0.009603 0.008668 0.00775 0.007025
0.020369 0.01636 0.012352 0.011779 0.011492 0.011492 0.011466 0.011441 0.011389 0.011336 0.011799 0.012261 0.01437 0.016472 0.017013 0.01734 0.017074 0.017582 0.017575 0.019615 0.020313 0.026184 0.026069 0.028431 0.032175 0.036811 0.035374 0.033136 0.030906 0.030018 0.03005 0.030463 0.031141 0.031646 0.031874 0.03181 0.031307 0.030963 0.030859 0.031295 0.028959 0.022395 0.009722 0.01906 0.025045 0.026038 0.024514 0.022901 0.020748 0.0168 0.009924 0.006668 0.011444 0.012466 0.012533 0.011959 0.01168 0.01136 0.010877 0.009855 0.00816 0.006238 0.004259
0.041035 0.020369 0.01636 0.012352 0.011779 0.011492 0.011492 0.011466 0.011441 0.011389 0.011336 0.011799 0.012261 0.014378 0.016472 0.017167 0.017606 0.017074 0.018098 0.017575 0.020956 0.020313 0.032171 0.034254 0.035186 0.035298 0.033564 0.031373 0.02934 0.028575 0.028819 0.029582 0.030802 0.032053 0.032832 0.033085 0.032461 0.032017 0.031744 0.03174 0.028936 0.02242 0.0107 0.021106 0.027455 0.028109 0.026155 0.023653 0.020154 0.01412 0.008622 0.007164 0.012781 0.013275 0.012918 0.012154 0.011934 0.011665 0.010973 0.008748 0.006619 0.004433 0.002088
0.061701 0.041035 0.020369 0.01636 0.012352 0.011779 0.011492 0.011492 0.011466 0.011441 0.011389 0.011336 0.011801 0.012261 0.014401 0.016472 0.017515 0.018138 0.017074 0.019645 0.017575 0.02498 0.03774 0.038233 0.036955 0.03455 0.0317 0.029065 0.027084 0.02688 0.02747 0.028646 0.030479 0.032727 0.034214 0.034813 0.033818 0.033083 0.03242 0.031529 0.028247 0.02335 0.016715 0.024494 0.029179 0.029644 0.027588 0.024016 0.018718 0.010165 0.008307 0.00985 0.014241 0.013827 0.012986 0.012151 0.011968 0.011677 0.010515 0.006214 0.003993 0.00232 0.000543
0.068104 0.061701 0.041035 0.020369 0.01636 0.012352 0.011778 0.011491 0.011492 0.011466 0.011441 0.01139 0.011336 0.011806 0.012261 0.014469 0.016472 0.018376 0.019202 0.017074 0.024285 0.032447 0.04024 0.040322 0.038142 0.034164 0.029414 0.024787 0.022198 0.026039 0.027697 0.027666 0.025702 0.03339 0.037293 0.036986 0.035438 0.034336 0.033364 0.032028 0.02922 0.026139 0.023246 0.026873 0.029164 0.029529 0.027778 0.021813 0.014038 0.008118 0.010622 0.0138 0.014011 0.01307 0.012348 0.011933 0.011365 0.010498 0.008845 0.004817 0.002562 0.001105 0.000188
0.074507 0.068104 0.061701 0.041035 0.020369 0.01636 0.012352 0.011778 0.01149 0.011492 0.011466 0.011441 0.011392 0.011336 0.011822 0.012261 0.014673 0.016472 0.020754 0.02133 0.030765 0.038678 0.042841 0.042453 0.038572 0.031812 0.025877 0.020396 0.018207 0.025995 0.027139 0.02573 0.022751 0.034482 0.040074 0.038996 0.037032 0.035653 0.034501 0.033066 0.030836 0.029003 0.028216 0.028457 0.028731 0.028801 0.026813 0.019597 0.011132 0.008611 0.012642 0.015416 0.012644 0.012259 0.012138 0.012002 0.010631 0.009086 0.007054 0.003523 0.00145 0.000281 2.2e-05
0.06115 0.074507 0.068104 0.061701 0.041034 0.020369 0.01636 0.012352 0.011777 0.011488 0.011492 0.011464 0.011441 0.011399 0.011336 0.011869 0.012261 0.015285 0.016472 0.028141 0.036007 0.041955 0.046218 0.045023 0.037626 0.025534 0.019968 0.016153 0.016468 0.027354 0.024743 0.021928 0.024222 0.036417 0.041952 0.040604 0.038523 0.03706 0.035968 0.03503 0.033404 0.031663 0.030029 0.028671 0.027805 0.02718 0.023814 0.017838 0.012322 0.013728 0.013587 0.012212 0.009364 0.011586 0.012899 0.012677 0.009759 0.007442 0.005252 0.002217 0.000741 5.4e-05 4e-06
0.047792 0.06115 0.074507 0.068105 0.061701 0.041032 0.020369 0.01636 0.012352 0.011774 0.011483 0.011492 0.011459 0.011441 0.011419 0.011336 0.01201 0.012261 0.017122 0.032888 0.040457 0.045227 0.048497 0.045522 0.034111 0.016866 0.014238 0.014383 0.017389 0.02516 0.022255 0.022362 0.031797 0.038924 0.042027 0.041359 0.039547 0.038177 0.037185 0.036694 0.03535 0.032241 0.026441 0.028862 0.027489 0.022259 0.022258 0.019125 0.015365 0.015618 0.011967 0.008595 0.007671 0.012588 0.013672 0.010417 0.007924 0.005497 0.003174 0.001109 0.000295 0 0
0.034696 0.047792 0.06115 0.074507 0.068107 0.061701 0.041025 0.020369 0.01636 0.012352 0.01177 0.011474 0.011492 0.011444 0.011441 0.01148 0.011336 0.012433 0.018273 0.03671 0.044105 0.047882 0.049883 0.044974 0.030215 0.009104 0.009589 0.013363 0.018255 0.021392 0.021105 0.025651 0.039634 0.04118 0.041681 0.04175 0.040421 0.039152 0.038108 0.037734 0.036456 0.032029 0.022529 0.029471 0.027945 0.018082 0.021566 0.020615 0.017549 0.01567 0.009753 0.005843 0.007592 0.013672 0.013628 0.007306 0.005707 0.003495 0.001247 0.000229 0 0 0
0.021601 0.034696 0.047792 0.061151 0.074507 0.068112 0.061701 0.041004 0.020369 0.016358 0.012352 0.01176 0.011455 0.011492 0.011399 0.011441 0.011662 0.014567 0.021982 0.039308 0.045351 0.047876 0.048873 0.042683 0.028137 0.008493 0.009383 0.012259 0.015296 0.015596 0.025872 0.035596 0.040373 0.041579 0.041952 0.041716 0.041269 0.039899 0.038095 0.036479 0.034762 0.031208 0.024504 0.031919 0.03093 0.021588 0.022661 0.018873 0.013501 0.012115 0.008424 0.007398 0.012363 0.012854 0.010024 0.004469 0.003128 0.001647 0.000348 6.4e-05 0 0 0
0.021596 0.021601 0.034694 0.047792 0.061153 0.074507 0.068127 0.061701 0.040942 0.020369 0.016352 0.012352 0.011741 0.011418 0.011492 0.011265 0.012026 0.018089 0.027645 0.040098 0.044502 0.046278 0.046773 0.040903 0.027718 0.009978 0.009304 0.012545 0.016463 0.016165 0.029334 0.040086 0.041369 0.041681 0.041744 0.041667 0.042043 0.040657 0.037361 0.030685 0.032464 0.034061 0.03155 0.03523 0.031842 0.021765 0.019834 0.015116 0.010122 0.009714 0.008018 0.009149 0.016056 0.011489 0.00658 0.002482 0.001414 0.000569 0 0 0 0 0
0.018571 0.02159 0.021601 0.034688 0.047792 0.061159 0.074507 0.068173 0.061701 0.040756 0.020369 0.016334 0.012352 0.011702 0.011344 0.011105 0.01249 0.022426 0.034357 0.039753 0.042352 0.04367 0.04396 0.039389 0.028341 0.012899 0.009448 0.013772 0.020215 0.020805 0.031927 0.041005 0.042427 0.041562 0.041218 0.041564 0.042687 0.041333 0.036168 0.022365 0.029987 0.039188 0.041522 0.038926 0.031297 0.019606 0.014543 0.01028 0.007462 0.008315 0.008393 0.011064 0.018833 0.009747 0.003306 0.001062 0.000284 0 0 0 0 0 0
0.012526 0.018566 0.02158 0.021601 0.034671 0.047792 0.061177 0.074507 0.06831 0.061701 0.040198 0.020369 0.016282 0.012352 0.011619 0.011571 0.014908 0.02517 0.036258 0.03962 0.040798 0.041033 0.040555 0.036392 0.028764 0.01865 0.013226 0.016612 0.023356 0.026582 0.033362 0.038888 0.040888 0.040572 0.040319 0.040334 0.041223 0.039727 0.034894 0.022892 0.032747 0.04303 0.044253 0.038454 0.026991 0.011557 0.009741 0.010436 0.012395 0.013927 0.013787 0.013984 0.015621 0.007179 0.001772 0.000371 9.9e-05 0 0 0 0 0 0
0.011238 0.012526 0.018556 0.021559 0.021601 0.034621 0.047792 0.061233 0.074507 0.068721 0.061701 0.038524 0.020369 0.016125 0.01381 0.013455 0.018655 0.027392 0.035983 0.038872 0.03973 0.039511 0.038308 0.034352 0.029025 0.022717 0.017744 0.019758 0.024889 0.028709 0.033365 0.03741 0.040098 0.039897 0.039213 0.038366 0.038974 0.037882 0.034729 0.027561 0.036497 0.044854 0.044979 0.036775 0.02352 0.007281 0.008286 0.012206 0.016546 0.016562 0.015598 0.013831 0.011093 0.004507 0.000669 0 0 0 0 0 8.7e-05 0.000316 0.000766
0.009944 0.011244 0.012526 0.018537 0.021516 0.021601 0.034471 0.047792 0.0614 0.074507 0.069955 0.061701 0.033502 0.02367 0.01823 0.01699 0.023946 0.029007 0.033178 0.03741 0.039229 0.039286 0.037407 0.033422 0.029098 0.024827 0.023121 0.023259 0.024554 0.026592 0.031702 0.036675 0.04018 0.039588 0.037865 0.035542 0.035812 0.035758 0.035853 0.037044 0.041398 0.044333 0.043377 0.033692 0.02102 0.007388 0.01072 0.015852 0.019788 0.015736 0.013243 0.01011 0.005037 0.001711 6.8e-05 0 0 0 0 0 0.000277 0.001001 0.002422
0.008167 0.009944 0.011262 0.012526 0.018506 0.02143 0.021601 0.034019 0.047792 0.0619 0.074507 0.073657 0.061634 0.042757 0.030414 0.024522 0.023373 0.025073 0.029601 0.038618 0.041976 0.042176 0.039385 0.034636 0.03018 0.026315 0.024752 0.022741 0.021421 0.023091 0.029552 0.037984 0.047765 0.038472 0.032521 0.031336 0.036334 0.035671 0.035116 0.045212 0.047757 0.046327 0.041365 0.030679 0.018803 0.007372 0.011003 0.016427 0.019976 0.013081 0.008605 0.005049 0.001959 0.00061 0 0 0 0 0.000101 0.000596 0.002777 0.005222 0.00724
0.006375 0.008181 0.009944 0.011315 0.012526 0.018468 0.021259 0.021601 0.032663 0.047792 0.063399 0.0748 0.081278 0.058687 0.042317 0.032195 0.021437 0.020119 0.026261 0.041383 0.046305 0.046159 0.041617 0.034982 0.03015 0.02711 0.024755 0.020985 0.018139 0.020628 0.029834 0.041024 0.052808 0.036037 0.026911 0.027374 0.036708 0.037501 0.038126 0.053674 0.053748 0.0475 0.037197 0.027235 0.016931 0.00736 0.011269 0.016573 0.019381 0.010277 0.004603 0.001165 8.1e-05 0 0 0 0 0.00015 0.000728 0.002629 0.006456 0.010093 0.012309
0.005375 0.006375 0.008223 0.009944 0.011474 0.012526 0.018486 0.020917 0.021601 0.028596 0.039815 0.055901 0.078066 0.064451 0.051435 0.039063 0.018135 0.01447 0.023656 0.04683 0.053209 0.051679 0.043605 0.032823 0.027393 0.026555 0.02222 0.017625 0.015309 0.020836 0.0356 0.047301 0.050166 0.030925 0.021832 0.024335 0.035728 0.042982 0.049897 0.063151 0.058521 0.046168 0.028401 0.022823 0.015735 0.007393 0.012099 0.016633 0.017913 0.007657 0.002636 0.000242 1.7e-05 0 0 0 0 0.000631 0.002481 0.007653 0.01208 0.015404 0.017047
0.00434 0.005411 0.006375 0.008349 0.009944 0.011953 0.012526 0.018898 0.020233 0.025333 0.038429 0.052933 0.066993 0.058606 0.051821 0.045166 0.02171 0.016037 0.025053 0.052952 0.059636 0.054727 0.038995 0.02694 0.022825 0.024903 0.019037 0.015071 0.014645 0.022627 0.04324 0.054398 0.044697 0.031839 0.027372 0.031625 0.042813 0.0547 0.064916 0.068106 0.058634 0.043177 0.022989 0.018395 0.013452 0.008045 0.014223 0.016625 0.014717 0.004661 0.001127 0 0 0 0 4.1e-05 0.000673 0.003287 0.007453 0.013219 0.016834 0.019168 0.020258
0.00294 0.00434 0.005517 0.006375 0.008729 0.009944 0.013388 0.012526 0.02123 0.028378 0.043853 0.054339 0.054477 0.048542 0.048198 0.05011 0.028204 0.02103 0.028462 0.059047 0.065065 0.055899 0.031386 0.020298 0.018284 0.022762 0.016307 0.013033 0.014088 0.024018 0.050177 0.061609 0.041943 0.036908 0.037709 0.043595 0.053695 0.06747 0.077872 0.069993 0.055744 0.038553 0.019102 0.014267 0.011095 0.009275 0.016309 0.016014 0.010718 0.001897 0 0 0 0 7.4e-05 0.000337 0.00225 0.007117 0.013377 0.01846 0.020851 0.02208 0.022585
0.001476 0.003005 0.00434 0.005835 0.006375 0.009869 0.009944 0.017694 0.026103 0.034696 0.04365 0.049064 0.04894 0.03803 0.039925 0.050483 0.037119 0.030444 0.034905 0.06376 0.066234 0.051938 0.020419 0.016573 0.017213 0.020111 0.017091 0.012173 0.01011 0.020448 0.050051 0.067897 0.058372 0.052334 0.05329 0.060748 0.069357 0.074218 0.074233 0.064356 0.04593 0.028561 0.016863 0.011717 0.010345 0.012347 0.015822 0.012419 0.005757 0.001019 0 0 0 0 0.000528 0.001874 0.007251 0.013 0.018299 0.021027 0.022675 0.023449 0.023161
0.001734 0.001476 0.0032 0.00434 0.006791 0.006375 0.013287 0.020947 0.028572 0.035087 0.038435 0.041075 0.043658 0.037239 0.039355 0.047353 0.03984 0.036303 0.041303 0.066714 0.066148 0.049408 0.016253 0.014963 0.016186 0.018272 0.019878 0.015451 0.012691 0.025248 0.055156 0.074575 0.069511 0.064021 0.063533 0.067559 0.069224 0.070899 0.068622 0.05271 0.033618 0.018903 0.013229 0.010406 0.010997 0.014358 0.012991 0.0081 0.002326 0.000412 0 0 0 0.000518 0.002511 0.006165 0.012655 0.01758 0.021012 0.022141 0.022552 0.021724 0.018943
0.00212 0.001991 0.001476 0.003784 0.00434 0.009657 0.015478 0.022858 0.029386 0.031333 0.0297 0.031168 0.038551 0.043232 0.044213 0.0419 0.038191 0.039539 0.047525 0.068466 0.065244 0.047931 0.01687 0.014854 0.015216 0.017042 0.024102 0.021727 0.020033 0.036029 0.063908 0.081413 0.076832 0.072958 0.069911 0.067038 0.058066 0.060562 0.061618 0.036904 0.019663 0.009601 0.00868 0.009972 0.012598 0.015566 0.008522 0.003306 0 0 0 4e-06 1.5e-05 0.001439 0.005603 0.012384 0.018307 0.021214 0.022161 0.022224 0.02105 0.017829 0.011404
0.002458 0.002555 0.002506 0.001476 0.005538 0.011492 0.015644 0.024995 0.032771 0.028964 0.02072 0.020239 0.033088 0.04608 0.050734 0.047124 0.034876 0.032713 0.042245 0.072854 0.069468 0.050257 0.018095 0.016093 0.016492 0.018787 0.030708 0.035325 0.039641 0.054955 0.070591 0.079211 0.076006 0.071957 0.066993 0.060954 0.052142 0.054277 0.054055 0.025858 0.014539 0.009898 0.009306 0.010167 0.011385 0.012191 0.004794 0.00119 0 0 0 0.000311 0.001188 0.005586 0.011377 0.018047 0.021128 0.022316 0.022219 0.02136 0.018575 0.014084 0.007417
0.004159 0.002458 0.003779 0.003537 0.008942 0.01589 0.018289 0.027557 0.034394 0.024894 0.013079 0.011346 0.025807 0.048168 0.056241 0.050272 0.03259 0.028674 0.039302 0.07432 0.071173 0.051392 0.01888 0.017707 0.020409 0.026002 0.038463 0.046357 0.053644 0.066443 0.074134 0.077158 0.074467 0.069271 0.063506 0.057366 0.051477 0.050636 0.045921 0.018698 0.011508 0.010041 0.009546 0.009554 0.009303 0.008342 0.002186 0 0 0 7.4e-05 0.000936 0.003195 0.010596 0.017302 0.022567 0.023394 0.023328 0.022578 0.021158 0.017781 0.013422 0.008279
