NetLogoInput/pp3_pinchpoints_90.asc
NCOLS 88 
NROWS 127 
XLLCORNER -925625.5599279 
YLLCORNER -56566.5307948138 
CELLSIZE 90 
NODATA_value -9999 
[rows 87 to 115 of 127, columns 0 to 64 of 88]
0 0 0 0 0 0 0 0 0 0 0 0 0 0 0 3.2e-05 4.1e-05 0 0.000213 0.001838 0.003767 0.004502 0.004872 0.005215 0.005151 0.004657 0.004041 0.004815 0.01438 0.01711 0.015676 0.019668 0.023191 0.024429 0.024994 0.025042 0.024589 0.023877 0.0231 0.022328 0.021576 0.020848 0.020146 0.019471 0.018822 0.018207 0.017633 0.017107 0.016626 0.016187 0.015768 0.015364 0.014971 0.014586 0.014214 0.013849 0.013469 0.013199 0.013125 0.014673 0.016429 0.015857 0.014328 0.013367 0.012889
0 0 0 0 0 0 0 0 0 0 0 0 0 0 1.3e-05 2e-05 0 5.3e-05 0 0.00135 0.003302 0.004155 0.004699 0.005903 0.006353 0.004934 0.003799 0.004417 0.012746 0.017065 0.01638 0.01788 0.020295 0.022623 0.024448 0.024798 0.024116 0.023271 0.022503 0.021792 0.021116 0.020464 0.019831 0.019217 0.01862 0.01804 0.017481 0.016945 0.01644 0.015961 0.015498 0.015051 0.014608 0.014165 0.013749 0.01337 0.012883 0.012027 0.012175 0.011093 0.012581 0.014526 0.013735 0.012847 0.012476
0 0 0 0 0 0 0 0 0 0 0 0 0 6e-06 1e-05 0 1.3e-05 0 0 0.00109 0.002756 0.003522 0.003934 0.006299 0.008149 0.006224 0.004635 0.004851 0.013957 0.015088 0.013378 0.016696 0.018223 0.01945 0.02373 0.024742 0.023563 0.022591 0.021865 0.021233 0.02064 0.020067 0.019504 0.01895 0.018406 0.017872 0.017349 0.016837 0.016338 0.015845 0.015355 0.014855 0.014341 0.013823 0.013303 0.012923 0.01273 0.011544 0.009369 0.007658 0.009613 0.012233 0.012508 0.012164 0.012005
0 0 0 0 0 0 0 0 0 0 0 0 3e-06 5e-06 0 3e-06 0 0 0.000694 0.000919 0.002302 0.002875 0.002928 0.005107 0.008534 0.008586 0.006146 0.00665 0.01562 0.013369 0.010893 0.0139 0.015065 0.016838 0.022258 0.023635 0.022578 0.021762 0.02117 0.020652 0.020156 0.019665 0.019173 0.018679 0.018186 0.017696 0.017213 0.016739 0.016273 0.01581 0.015333 0.014802 0.014215 0.013677 0.012999 0.012247 0.012826 0.013562 0.008252 0.006292 0.009209 0.010689 0.011267 0.011477 0.011547
0 0 0 0 0 0 0 0 0 0 0 2e-06 3e-06 0 1e-06 0 0 0.000575 0.000842 0.000766 0.001946 0.002443 0.002322 0.003019 0.006502 0.009948 0.007723 0.009616 0.015288 0.014073 0.012302 0.009924 0.011511 0.016617 0.020334 0.021382 0.021194 0.020809 0.020436 0.020062 0.019674 0.019268 0.018846 0.01841 0.017965 0.017516 0.01707 0.016634 0.016211 0.015802 0.015392 0.014915 0.014183 0.013542 0.013648 0.012057 0.010468 0.013743 0.012042 0.008105 0.008789 0.010042 0.010646 0.010991 0.011161
0 0 0 0 0 0 0 0 0 0 1e-06 2e-06 0 0 0 0 0.000536 0.000804 0.000766 0.001472 0.001682 0.002291 0.002196 0.002005 0.003607 0.008096 0.009634 0.012313 0.014643 0.015769 0.014536 0.008984 0.010676 0.015984 0.018329 0.019368 0.01982 0.019852 0.019713 0.01949 0.019211 0.018889 0.018534 0.018151 0.017748 0.017335 0.016921 0.016519 0.016138 0.015792 0.015487 0.015209 0.014633 0.013134 0.013266 0.013218 0.00915 0.011019 0.014255 0.012064 0.01011 0.010149 0.010488 0.01072 0.010858
0 0 0 0 0 0 0 0 0 0 1e-06 0 0 0 0 0.000522 0.000785 0.000766 0.001329 0.001587 0.001493 0.002265 0.002196 0.00203 0.002057 0.004355 0.009327 0.013657 0.015369 0.015902 0.014811 0.011617 0.012171 0.014748 0.016855 0.018087 0.018736 0.019012 0.019058 0.018966 0.018786 0.018541 0.018246 0.017909 0.017542 0.017156 0.016765 0.016387 0.01604 0.015749 0.01555 0.015542 0.015676 0.013624 0.011541 0.014208 0.01331 0.011929 0.012546 0.012196 0.011056 0.010549 0.010491 0.01054 0.010606
0 0 0 0 0 0 0 0 0 0 0 0 0 0 0.000516 0.000775 0.000766 0.001282 0.00154 0.001493 0.001962 0.002127 0.002121 0.001997 0.001988 0.002269 0.005914 0.013443 0.015494 0.015004 0.014304 0.013377 0.013357 0.014649 0.016132 0.017252 0.017966 0.018354 0.018511 0.018514 0.018414 0.018237 0.017994 0.017695 0.017353 0.016981 0.0166 0.016231 0.015901 0.01564 0.015498 0.01559 0.015998 0.015577 0.013942 0.013863 0.013885 0.012897 0.01225 0.011819 0.011212 0.010717 0.010454 0.01035 0.010356
0 0 0 0 0 0 0 0 0 0 0 0 0 0.000513 0.00077 0.000766 0.001264 0.001517 0.001493 0.001861 0.002127 0.002098 0.002045 0.001928 0.001839 0.002083 0.005247 0.011804 0.013889 0.013725 0.013476 0.013395 0.013771 0.014665 0.01578 0.016766 0.017469 0.017886 0.018086 0.018145 0.018106 0.017987 0.01779 0.017519 0.017187 0.016815 0.016425 0.016047 0.015709 0.015444 0.01529 0.015283 0.015398 0.015352 0.014693 0.01395 0.01353 0.012936 0.012289 0.011718 0.011177 0.010702 0.010338 0.010094 0.010031
0 0 0 0 0 0 0 0 0 0 0 0 0.000512 0.000768 0.000766 0.001257 0.001505 0.001493 0.001827 0.002127 0.0021 0.002073 0.002101 0.00186 0.001669 0.001772 0.0067 0.010571 0.011979 0.012437 0.012666 0.012989 0.013592 0.014511 0.015583 0.016546 0.01722 0.017595 0.017772 0.01785 0.017866 0.017805 0.017649 0.017394 0.017055 0.016661 0.016241 0.01583 0.01546 0.01516 0.014953 0.014829 0.014732 0.014597 0.014318 0.013898 0.013428 0.012908 0.012351 0.011787 0.01124 0.010726 0.010263 0.009822 0.009477
0 0 0 0 0 0 0 0 0 0 0 0.000511 0.000767 0.000766 0.001254 0.001499 0.001493 0.001816 0.002127 0.002104 0.002087 0.002101 0.001979 0.001896 0.001727 0.001817 0.00698 0.010033 0.010775 0.011298 0.011791 0.012332 0.013099 0.014206 0.015507 0.016611 0.01724 0.017456 0.017519 0.017599 0.017691 0.01771 0.017595 0.017338 0.016968 0.016524 0.016048 0.015579 0.015151 0.014793 0.014525 0.014341 0.01421 0.014118 0.014037 0.013844 0.013522 0.013119 0.012626 0.012055 0.011444 0.010831 0.010256 0.009706 0.009668
0 0 0 0 0 0 0 0 0 0 0.000511 0.000767 0.000766 0.001252 0.001496 0.001493 0.001812 0.002127 0.002106 0.002094 0.002101 0.002029 0.001977 0.002058 0.002191 0.002994 0.006802 0.008888 0.009643 0.010281 0.010885 0.011493 0.012286 0.013709 0.0157 0.017188 0.017625 0.017398 0.01721 0.017333 0.017595 0.017739 0.017661 0.017375 0.016937 0.016409 0.015846 0.015291 0.01478 0.014345 0.014017 0.013809 0.013725 0.013801 0.01398 0.014026 0.013891 0.013574 0.013056 0.012398 0.011667 0.010915 0.010247 0.01007 0.009706
0 0 0 0 0 0 0 0 0 0.000511 0.000767 0.000766 0.001251 0.001494 0.001493 0.001811 0.002127 0.002108 0.002098 0.002101 0.002052 0.002018 0.002058 0.002276 0.002621 0.004197 0.006171 0.007651 0.008629 0.009344 0.009974 0.010572 0.011036 0.012648 0.016511 0.01893 0.018541 0.017162 0.01655 0.016974 0.017651 0.017973 0.017898 0.017532 0.01697 0.016314 0.015634 0.014966 0.014342 0.013805 0.013406 0.013178 0.013193 0.01359 0.014185 0.014539 0.014542 0.014232 0.0136 0.012789 0.011907 0.010953 0.010811 0.010247 0.010008
0 0 0 0 0 0 0 0 0.000511 0.000767 0.000766 0.001251 0.001494 0.001493 0.00181 0.002127 0.002109 0.002099 0.002101 0.002062 0.002038 0.002058 0.002248 0.002427 0.002232 0.00427 0.00596 0.007062 0.007894 0.008528 0.008942 0.009859 0.010121 0.009871 0.013775 0.020281 0.019592 0.015838 0.014729 0.016636 0.018167 0.018516 0.018381 0.017851 0.017057 0.016223 0.015406 0.014603 0.013829 0.013141 0.012638 0.012417 0.012553 0.013321 0.014733 0.015742 0.015755 0.015196 0.014255 0.013223 0.012166 0.011127 0.01104 0.010806 0.010247
0 0 0 0 0 0 0 0.000511 0.000767 0.000766 0.001251 0.001494 0.001493 0.00181 0.002127 0.002109 0.0021 0.002101 0.002067 0.002048 0.002058 0.002217 0.00233 0.002232 0.003327 0.003606 0.005846 0.00654 0.007193 0.008167 0.008381 0.008292 0.009765 0.007334 0.010716 0.019888 0.021737 0.014779 0.008941 0.013223 0.017531 0.01913 0.019375 0.018315 0.017112 0.016108 0.015172 0.014219 0.013248 0.012328 0.011599 0.011525 0.0122 0.012379 0.014045 0.01712 0.017822 0.016446 0.014884 0.013642 0.012528 0.01194 0.011127 0.011083 0.010816
0 0 0 0 0 0 0.000511 0.000767 0.000766 0.001251 0.001494 0.001493 0.00181 0.002127 0.002109 0.0021 0.002101 0.00207 0.002053 0.002058 0.002197 0.002281 0.002232 0.003041 0.003403 0.0032 0.00509 0.005511 0.006026 0.007188 0.008021 0.007739 0.00879 0.006483 0.009447 0.018671 0.022217 0.015685 0.008589 0.011935 0.012207 0.017385 0.019789 0.018363 0.01699 0.015956 0.01496 0.013869 0.012631 0.01137 0.010288 0.009917 0.012339 0.013348 0.008515 0.012513 0.017968 0.016786 0.015165 0.014137 0.013435 0.012528 0.011865 0.011127 0.011105
0 0 0 0 0 0.000511 0.000767 0.000766 0.001251 0.001494 0.001493 0.00181 0.002127 0.002109 0.0021 0.002101 0.002071 0.002056 0.002058 0.002186 0.002256 0.002232 0.002944 0.003302 0.0032 0.004202 0.004315 0.004591 0.00501 0.005841 0.007626 0.009276 0.007973 0.007557 0.007324 0.016079 0.023898 0.016589 0.008167 0.008338 0.011688 0.016385 0.018171 0.017569 0.016673 0.015818 0.014835 0.013641 0.012146 0.010135 0.008871 0.008296 0.007727 0.011042 0.013204 0.012925 0.015294 0.015559 0.014954 0.014752 0.014137 0.013367 0.012528 0.01184 0.011127
0 0 0 0 0.000511 0.000767 0.000766 0.001251 0.001494 0.001493 0.00181 0.002127 0.002109 0.0021 0.002101 0.002072 0.002057 0.002058 0.00218 0.002244 0.002232 0.002907 0.003251 0.0032 0.003906 0.004315 0.004286 0.004143 0.004488 0.004765 0.006506 0.010399 0.009318 0.008998 0.008104 0.014661 0.022163 0.017542 0.00997 0.008085 0.012116 0.015228 0.016384 0.01659 0.016339 0.015835 0.014916 0.013548 0.012121 0.009951 0.006527 0.006758 0.005969 0.008568 0.01404 0.01384 0.014053 0.014412 0.014975 0.014954 0.014614 0.014137 0.013344 0.012528 0.011832
0 0 0 0.000511 0.000767 0.000766 0.001251 0.001494 0.001493 0.00181 0.002127 0.002109 0.0021 0.002101 0.002072 0.002058 0.002058 0.002177 0.002238 0.002232 0.002891 0.003226 0.0032 0.003807 0.004315 0.004204 0.004119 0.004096 0.004258 0.003975 0.004903 0.009532 0.010558 0.010285 0.010693 0.014444 0.018269 0.016751 0.012438 0.010512 0.012201 0.014132 0.015257 0.015873 0.016163 0.016198 0.015613 0.013618 0.011527 0.009719 0.006107 0.006277 0.0074 0.008639 0.012114 0.013128 0.013357 0.013631 0.014412 0.01478 0.014954 0.014568 0.014137 0.013336 0.012528
0 0 0.000511 0.000767 0.000766 0.001251 0.001494 0.001493 0.00181 0.002127 0.002109 0.0021 0.002101 0.002072 0.002058 0.002058 0.002176 0.002235 0.002232 0.002884 0.003213 0.0032 0.003774 0.004315 0.004181 0.004108 0.004096 0.00465 0.005057 0.004318 0.0046 0.006673 0.009714 0.01171 0.010785 0.014563 0.015868 0.015136 0.013295 0.012183 0.012558 0.013619 0.014605 0.015401 0.016134 0.016913 0.017573 0.015792 0.008669 0.007656 0.006437 0.007479 0.008508 0.009424 0.011066 0.012198 0.012702 0.013029 0.013444 0.014412 0.014715 0.014954 0.014553 0.014137 0.013334
0 0.000511 0.000767 0.000766 0.001251 0.001494 0.001493 0.00181 0.002127 0.002109 0.0021 0.002101 0.002072 0.002058 0.002058 0.002175 0.002234 0.002232 0.002881 0.003206 0.0032 0.003763 0.004315 0.004174 0.004102 0.004096 0.004765 0.005124 0.00519 0.00442 0.004476 0.004759 0.009071 0.011952 0.010593 0.01397 0.014551 0.013984 0.013176 0.01265 0.012771 0.013379 0.014145 0.014974 0.016042 0.0176 0.02007 0.019537 0.006916 0.0057 0.007117 0.00835 0.009124 0.009968 0.010898 0.011692 0.012197 0.012702 0.012866 0.013356 0.014412 0.014694 0.014954 0.014548 0.014137
0.000511 0.000767 0.000766 0.001251 0.001494 0.001493 0.00181 0.002127 0.002109 0.0021 0.002101 0.002072 0.002058 0.002058 0.002175 0.002233 0.002232 0.002879 0.003203 0.0032 0.003759 0.004315 0.004171 0.004099 0.004096 0.004802 0.005157 0.00519 0.004879 0.004426 0.004326 0.005219 0.009118 0.011058 0.01112 0.012911 0.013526 0.013267 0.012761 0.012443 0.012605 0.013112 0.013695 0.014344 0.015525 0.017727 0.021157 0.021945 0.011929 0.007755 0.008117 0.00903 0.009734 0.010364 0.010967 0.011186 0.011692 0.012197 0.012702 0.012784 0.013313 0.014412 0.014687 0.014954 0.014546
0.000767 0.000766 0.001251 0.001494 0.001493 0.00181 0.002127 0.002109 0.0021 0.002101 0.002072 0.002058 0.002058 0.002174 0.002232 0.002232 0.002878 0.003202 0.0032 0.003758 0.004315 0.00417 0.004098 0.004096 0.004816 0.005174 0.00519 0.005125 0.004953 0.00548 0.005238 0.006424 0.008839 0.010271 0.011365 0.01238 0.012988 0.012909 0.012178 0.011695 0.012141 0.012906 0.013231 0.013423 0.013794 0.017066 0.021308 0.021898 0.016933 0.011491 0.009834 0.010032 0.010382 0.010738 0.010689 0.010967 0.011282 0.011692 0.012197 0.012702 0.012743 0.013293 0.014412 0.014684 0.014954
0.000766 0.001251 0.001494 0.001493 0.00181 0.002127 0.002109 0.0021 0.002101 0.002072 0.002058 0.002058 0.002174 0.002232 0.002232 0.002878 0.003201 0.0032 0.003758 0.004315 0.004169 0.004097 0.004096 0.004821 0.005182 0.00519 0.005253 0.005216 0.00548 0.006239 0.006685 0.007101 0.008424 0.010047 0.011529 0.012607 0.013105 0.013015 0.012205 0.009589 0.011195 0.012659 0.012776 0.012417 0.011592 0.012372 0.020946 0.021046 0.017694 0.013671 0.011632 0.011074 0.010995 0.010705 0.010738 0.010798 0.010967 0.011314 0.011692 0.012197 0.012702 0.012723 0.013282 0.014412 0.014683
0.001251 0.001494 0.001493 0.00181 0.002127 0.002109 0.0021 0.002101 0.002072 0.002058 0.002058 0.002174 0.002232 0.002232 0.002878 0.003201 0.0032 0.003758 0.004315 0.004169 0.004096 0.004096 0.004823 0.005186 0.00519 0.005318 0.005348 0.00548 0.006598 0.007119 0.007554 0.007108 0.007917 0.010262 0.012246 0.013378 0.013875 0.013594 0.01221 0.007927 0.010082 0.013312 0.010921 0.012823 0.009158 0.006625 0.018932 0.020011 0.016895 0.014289 0.012659 0.01183 0.0113 0.010995 0.010813 0.010738 0.010834 0.010967 0.011324 0.011692 0.012197 0.012702 0.012712 0.013277 0.014412
0.001494 0.001493 0.00181 0.002127 0.002109 0.0021 0.002101 0.002072 0.002058 0.002058 0.002174 0.002232 0.002232 0.002878 0.003201 0.0032 0.003758 0.004315 0.004169 0.004096 0.004096 0.004824 0.005188 0.00519 0.005351 0.005414 0.00548 0.006742 0.007337 0.007554 0.006919 0.006095 0.006341 0.009779 0.013212 0.014315 0.015372 0.015303 0.011208 0.007011 0.009359 0.012553 0.012454 0.012816 0.006765 0.004538 0.016259 0.018052 0.015772 0.01414 0.013014 0.012663 0.01183 0.011375 0.010995 0.010849 0.010738 0.010846 0.010967 0.011328 0.011692 0.012197 0.012702 0.012707 0.013274
0.001493 0.00181 0.002127 0.002109 0.0021 0.002101 0.002072 0.002058 0.002058 0.002174 0.002232 0.002232 0.002878 0.003201 0.0032 0.003758 0.004315 0.004169 0.004096 0.004096 0.004825 0.005189 0.00519 0.005367 0.005447 0.00548 0.006805 0.007445 0.007554 0.006856 0.006095 0.005465 0.0046 0.008381 0.012794 0.014459 0.017556 0.018867 0.010829 0.005496 0.008318 0.008711 0.017725 0.01244 0.006642 0.005513 0.014594 0.015383 0.01411 0.013668 0.01315 0.013082 0.012681 0.01183 0.0114 0.010995 0.010861 0.010738 0.01085 0.010967 0.011329 0.011692 0.012197 0.012702 0.012705
0.00181 0.002127 0.002109 0.0021 0.002101 0.002072 0.002058 0.002058 0.002174 0.002232 0.002232 0.002878 0.003201 0.0032 0.003758 0.004315 0.004169 0.004096 0.004096 0.004825 0.005189 0.00519 0.005375 0.005463 0.00548 0.006835 0.0075 0.007554 0.006835 0.006095 0.005274 0.004712 0.004824 0.007721 0.009948 0.012149 0.018581 0.022439 0.013411 0.006861 0.007406 0.007092 0.016435 0.014534 0.009146 0.008733 0.013281 0.013469 0.010726 0.013501 0.01344 0.01315 0.013116 0.012694 0.01183 0.011408 0.010995 0.010865 0.010738 0.010852 0.010967 0.011329 0.011692 0.012197 0.012702
0.002127 0.002109 0.0021 0.002101 0.002072 0.002058 0.002058 0.002174 0.002232 0.002232 0.002878 0.003201 0.0032 0.003758 0.004315 0.004169 0.004096 0.004096 0.004825 0.005189 0.00519 0.005379 0.005471 0.00548 0.006849 0.007527 0.007554 0.006828 0.006095 0.00524 0.004768 0.004824 0.006958 0.007524 0.007105 0.007873 0.016074 0.021887 0.017093 0.011738 0.009395 0.00926 0.012787 0.013713 0.01136 0.01098 0.012678 0.013119 0.006997 0.010408 0.013501 0.013364 0.01315 0.013133 0.012702 0.01183 0.011411 0.010995 0.010866 0.010738 0.010852 0.010967 0.011329 0.011692 0.012197
