NetLogoInput/pp3_corridors_90.asc
NCOLS 88 
NROWS 127 
XLLCORNER -925625.5599279 
YLLCORNER -56566.5307948138 
CELLSIZE 90 
NODATA_value -9999 
[rows 56 to 83 of 127, columns 0 to 62 of 88]
-9999 2121.61709853323 1956.30003707575 1916.75419677633 1865.0174121698 1386.66428804287 1414.63062342348 1409.19285030028 872.097314925911 1017.65412481179 1209.61110079447 1457.29556400348 1096.47919046607 803.930808506475 1256.33825661945 1445.63987704138 742.874164868284 497.524986666893 352.868014261461 215.026110585553 84.2356912837332 29.7525354997147 1.44538290662038 18.9745577091565 102.051669333127 373.266819328083 1614.36457771891 3372.18245912835 4243.79453929341 3527.69973260286 2838.36043135139 -9999 -9999 -9999 1405.21850585938 823.365278073373 610.916195662928 598.026232290078 597.021221835888 596.15773616957 605.721281637048 850.037257950764 828.998276449601 608.709062668533 591.841588338204 610.818987007446 638.819917079414 598.553361051996 591.700887605434 587.714192905722 586.664820353893 585.802312672786 584.939872151717 584.077526467428 583.215232509104 582.353041909643 581.490916308002 580.628872387295 579.766898924049 578.905032315329 578.043236975545 577.181494011072 576.319859072492
2158.88604936643 2149.11569882543 1969.28527821261 1812.75673760186 1708.50302560283 1443.06588045139 -9999 -9999 871.849897340352 1033.65615814537 1269.42109779276 1519.79463602507 1104.0981823642 1031.96170793924 1253.51421447005 1412.67152140094 695.143044073653 505.934627274344 428.062148649916 300.840377542254 186.899221588388 536.107634154995 395.990194541742 34.592523477478 210.714815206171 782.087190144227 1895.47099737411 3663.12462942281 4463.84553315017 3611.09061880469 -9999 -9999 -9999 -9999 879.139749869596 612.349528195006 530.824677263232 526.797420155027 525.936927992195 525.076483842916 556.097845564714 525.110670253583 522.495679816584 522.296128272308 537.66120873402 693.99942640916 840.886658854251 572.546782798922 535.436437516848 517.26299800443 515.617009588557 514.75753739381 513.898140820446 513.038828062068 512.179573176012 511.320411836297 510.461328565629 509.602329000088 508.743399484547 507.884561015873 507.025793520773 506.167090258114 505.308483269718
-9999 2211.43347080798 2068.7547841632 2175.64462825053 2072.99578313529 1933.31299203804 -9999 -9999 1261.62360545586 1291.19892800919 1268.47183150419 1303.35116770839 992.162980116509 1016.32563778073 1036.32483317459 1112.19962343549 606.797097362351 562.661408519303 896.956683434032 814.635289927446 703.691046517649 1316.77170386991 4193.09195556596 953.328657251276 3591.38369819961 1183.10463360173 2083.51768705501 3792.30909402846 4485.57883563217 -9999 -9999 -9999 -9999 426 448.772357825407 457.315842186988 456.769587583159 455.907109942564 455.044725446861 454.182411452413 866.194982646364 467.035918256924 451.59596536609 455.963170778687 587.510014114251 912.585139279352 745.944802480459 499.975278426687 458.6460067888 446.054078119595 444.702251784312 443.840900860738 442.979623253215 442.118424629024 441.257299250494 440.396265252749 439.535291852854 438.674424623394 437.813615881076 436.952889448597 436.092235205705 435.231679156275 434.371194688596
-9999 2285.88935765718 2220.20704223 2646.29806277776 2523.0203622776 -9999 -9999 -9999 2899.3058902269 1973.0118542711 1508.46780145714 1193.08410834377 1016.00931489113 1047.62917982282 874.901248763905 815.231950094491 536.626616917588 814.151685393966 4310.58349458002 4819.97713798491 1212.11060239971 1407.3677150287 4252.93893302877 1010.3548568388 4091.86295186449 1838.20934035349 2105.9066790247 -9999 -9999 -9999 -9999 -9999 351 376.439558893369 387.433491396236 386.62415527278 385.756543180887 384.889005117273 384.021533680625 383.154144786833 723.162995114074 393.054986756586 380.552490544477 383.839336888595 579.463054251511 1057.88822831645 704.851325233158 396.72213319986 375.790057413248 374.48472817548 373.618226237295 372.751800363134 371.885448781506 371.019185518222 370.153000305467 369.286906473498 368.420875041605 367.554934364749 366.68905142197 365.823264403832 364.957565231931 364.091934443061 363.226390141157
-9999 -9999 2370.82362196329 3047.9838706642 3024.29255476169 -9999 3498.97543316549 3491.98224208007 3168.42971911434 2496.08029769601 1926.04907901333 1430.91224541695 1177.33297890683 1262.45872743092 1041.66877884111 787.855040054914 785.547795153832 861.032931367321 4799.50627687916 5666.80299458969 1298.2043714536 1071.9786674334 927.381491675029 327.038456611786 1686.91451065537 2699.17467434751 -9999 -9999 -9999 -9999 -9999 -9999 302.100877797977 316.701842715603 317.683918606748 316.137376041316 314.66359211355 313.843775816717 313.099026473451 312.354964248326 311.610988862623 310.867080053658 310.123227153144 309.379456290154 404.121864869296 704.160381927795 573.104584507956 312.116771630902 305.661589721726 304.918227585484 304.174924963362 303.431690902295 302.68853148613 301.945440771873 301.202407493243 300.459461256781 299.716578070737 298.973746478262 298.230993193967 297.488310780436 296.745699963402 296.003141750415 295.260668711016
-9999 -9999 -9999 3137.87284409845 3310.67867638066 3284.73432083336 3317.93383592126 3477.40024728127 3177.08267013395 2619.48657060782 2173.14596757014 1722.98793482103 1310.8647104799 1458.56689511005 1468.46449363046 1065.52920261359 1334.9791269843 786.336636117588 1405.46854482678 1780.74020510326 1150.42325760999 875.291646655612 72.8506276421221 272.586955677466 1230.87159276805 2701.87133789062 -9999 -9999 -9999 -9999 302.421485456501 452.19747876313 383.178129937237 277.529807420255 524.995684943807 345.748017472598 256.258724893367 252.070646538496 251.357832901518 250.645850041445 249.933942396434 249.222102059032 248.510323961871 247.798614240574 247.086974354259 246.375392349449 245.663879675858 244.952434154294 244.24105104992 243.529730182402 242.845072162563 282.814349636183 265.882577696181 240.685117485255 239.974115224345 239.263195787113 238.552340025065 237.841533120022 237.130813413449 236.420152016152 235.709541804432 234.999011761356 234.288548878319
-9999 -9999 -9999 2705.92821065831 2981.60607801186 2962.87727056146 2956.62484271362 3376.65969008921 2942.53985152374 2502.48765988951 2140.48011629405 1781.77928681853 1374.37524932792 1648.97457067664 1696.39564084477 1333.66074916264 1685.42843047317 1103.19580904073 645.312586117922 551.942028035717 857.631730437939 699.720567193759 25.3505083948503 170.639447448587 -9999 -9999 -9999 -9999 -9999 662.973190176232 445.818233335269 870.403002703386 560.098829497496 459.322761997395 699.317983774906 337.86041013992 199.570269902687 193.57300655626 192.70989742125 191.846862070416 190.983906982649 190.121027643082 189.258240133782 188.395526738491 187.532892467687 186.670337692659 185.807855297551 184.94545685249 184.083142357476 183.588169611107 215.332142316689 406.711397256344 301.446733480891 179.772741319452 178.910898475922 178.049135121883 177.187454276255 176.325848763626 175.464320389347 174.602875369461 173.741507934048 172.880230512126 172.019023342335
-9999 -9999 -9999 -9999 2452.3970526386 2562.54894321661 2740.42025113668 3195.77397467972 2565.53926614109 2163.82716117661 1892.71942509279 1492.40393094166 1282.92692415984 1564.66081099427 1558.34634890775 1292.4294869621 1573.49494182864 1435.62544989961 810.477024696625 478.038686022035 537.850146001686 598.243460861882 26.7348414279205 168 -9999 -9999 -9999 -9999 621.425776615346 447.799176557404 626.70299703575 1081.79913773713 539.735329271425 723.083826044453 365.754281696706 131.560546331178 123.321553398873 122.461993907594 121.602504012574 120.743098821434 119.883765071972 119.024517852892 118.165350237054 117.306265871824 116.44725294678 115.588321495586 114.729462842825 113.870688046587 113.011995049346 115.602185079503 285.38201912762 495.724762193885 302.777703328343 176.83817014035 182.26460140828 184.988323362365 182.642435772067 119.160976925818 111.176711587628 110.596501858919 110.016351234473 109.4362522261 108.856204541791
-9999 -9999 -9999 -9999 2555.91381660588 2548.14888537788 2701.8555636514 2904.56059410521 2321.08269660468 1846.384411052 1649.78665138037 1423.10160844611 1401.91155534941 1481.1168930665 1686.50260995901 1486.50647746823 1294.40945976656 1463.84864076564 1196.31201145241 594.297670394233 474.437847992136 441.999725199794 28.497917853068 168 -9999 -9999 -9999 335.296842412609 264.654469564505 147.603236270736 444.547470480761 662.353179566592 290.95417855233 455.781659462219 203.110580049847 53.7136864907947 53.0831036208469 52.4525817752574 51.8221105200747 51.1917045701045 50.5613509300484 49.9310633044731 49.3008268507913 48.6706543366995 48.0405346640965 47.4104772614877 46.7804734213644 46.1505303936195 45.520643514663 51.1726197538269 301.179244725466 238.207127299752 253.528404569284 398.81301417658 417.330534145089 421.371447897326 399.930720638669 104.05196257304 69.2504059154177 69.0140167075212 68.7776511906342 68.7883552124448 80.9606600192968
-9999 -9999 -9999 -9999 -9999 2778.85167352347 2755.39639467752 2407.78431434991 2169.31784589516 1950.90794078444 1718.21772027253 1626.68539752012 1954.32018534879 2067.51216631442 1749.19571597994 1669.65588358108 1330.70596617693 1252.49077972496 1468.0841801914 1012.27918563791 562.609907857815 410.792552889487 5.7064903645544 -9999 -9999 -9999 -9999 31.0220745802025 38.3665181094952 358.259856730301 440.4913348103 208.000891887229 71.9837803693513 2.57261391277234 1.74563657739271 2.80519941062487 0.513344180153273 0 0 0 0 0 0 0 0 0 0 0 0 0 0 12.2253272966521 346.572249029924 573.037470324198 586.941330332516 577.161347795083 527.700731343917 92.8903073224373 41.7828495395537 41.1124010072116 40.4420196674574 41.0438974962748 96.9362571574608
-9999 -9999 -9999 -9999 -9999 2966.25159267891 2689.46447593336 2343.54581398852 2423.94484346518 2590.99369732589 2145.4545582026 2164.08037732969 2652.91536763262 2647.08417032582 2101.4299990347 1666.96569195156 1563.47756767101 1306.88484902513 1353.05437628704 1373.64614243996 916.661766222596 472.657126799304 0 -9999 -9999 -9999 15.3616654058484 14.041466256484 24.5532484320448 386.247442719353 763.596515469953 727.005763362954 252.401153210675 9.92876480019415 118.951239976377 153.215447685686 24.315079401584 0.344914347333265 1.08109520041721 8.23145774008391 0 0 0 0 0 0 0 0 0 0 0 0 0 0 0 0 0 0 0 0 0 2.08399588718651 80.0049577571752
-9999 -9999 -9999 -9999 -9999 -9999 2907.1573100894 2820.54370064656 2806.16922127491 3205.16532796037 2904.27649611275 2942.87783581833 3273.84308357998 3072.93576164409 2564.13923836897 2032.55632051006 1633.78196966258 1664.14684739581 1324.78550983941 1280.57629234571 1186.44617395726 857.23360861028 0 0 0 0 0.178698934141259 7.36997236116582 91.4229292815426 368.949592182674 465.728358226809 341.141298143817 223.5392245957 160.436677807474 591.859506257249 699.283604487386 110.213458608967 7.86419512651637 22.0729002360293 138.355513010413 7.23677319951423 0 0 0 0 0 0 0 0 0 0 0 0 0 0 0 0 0 0 0 0 0 0
-9999 -9999 -9999 -9999 -9999 -9999 3603.60853227664 3487.65438022282 3476.9386940352 4154.60268635196 4329.11657368393 4115.40194396117 3884.60904059221 3597.95158637077 3163.68284647158 2661.00365464319 2108.59311714171 1655.31960294096 1990.64892666145 1745.60458750273 1700.97631206248 1367.56357717486 0 0 0 0.1103512820293 4.11716817548237 65.5390173290556 457.647382194272 832.639717429837 681.219715590826 931.533062352321 1078.61373347556 825.399459017747 195.209132315938 0.960393484109759 3.21746043507841 43.8651010787317 128.825217531607 769.186043725966 108.911513286877 0.304062257055452 0 0 0 0 0 0 0 0 0 0 0 0 0 0 0 0 0 0 0 0 0
-9999 -9999 -9999 -9999 -9999 -9999 -9999 4712.66080453344 4906.01057463232 5549.25597281261 5804.15497430575 5358.65439763653 4809.29108641375 4348.4812617847 4041.92729610823 3567.80189619426 2813.5673296583 2351.24168839958 2730.69622428083 2791.85364213841 2314.62744140625 -9999 -9999 0 2.21970927040649 12.4154995633701 49.213601895226 272.843135220126 644.624448055288 1217.21251965719 1547.59641245842 1629.15416666287 1327.67974596262 472.737126950425 88.4457937830226 12.5308894438812 0.445003855449012 4.0851559128039 126.262904566378 936.569046499216 679.057500504221 4.93279060203905 0 0 0 0 0 0 0 0 0 0 0 0 0 0 0 0 0 0 0 0 0
-9999 -9999 -9999 -9999 -9999 -9999 -9999 -9999 6622.13715146731 7187.71592011189 7211.76676747638 6569.08207003409 5969.44838285885 5438.55833783096 4988.69637247689 4683.19184212497 4072.05131594026 3368.42372105241 3945.73055568293 3602.04640616432 -9999 -9999 -9999 0 62.6337267382874 313.972826359659 446.951954888456 496.405610629255 598.068351550748 1059.45215261554 1688.80131557642 1834.8069621284 1513.61282773525 1058.76199624634 315.209124601945 58.5104418308873 8.77128835042883 0.203740688932209 77.1553990893145 684.499144040797 74.3824317224895 39.012470814026 0 0 0 0 0 0 0 0 0 0 0 0 0 0 0 0 0 0 0 0 0
-9999 -9999 -9999 -9999 -9999 -9999 -9999 -9999 7736.17919238821 7737.23160950248 8125.68284597199 7774.48674590599 7174.62394373068 6636.10345991049 6126.80826153621 5732.84346005182 4786.30101885703 4256.36548520746 4689.63966433859 4999.88084545754 -9999 -9999 -9999 -9999 497.145133306142 585.314724656848 487.91741262367 492.488635810571 502.766272642317 595.95750390774 1078.78953867976 1391.47924420435 822.208841883056 373.684580366616 191.394890673168 107.637829912753 53.5935801257028 6.5579568367096 4.7147442981443 41.0370387019847 3.99825596638348 2.37756969638591 0 0 0 0 0 0 0 0 0 0 0 0 0 0 0 0 0 0 0 0 0
-9999 -9999 -9999 -9999 -9999 -9999 -9999 -9999 -9999 8299.87738588863 9292.60778753628 8979.24543638028 8380.48888450537 7847.57137670903 7345.65386950212 6750.86836838942 5934.67915531672 5271.03463113973 5825.34328797065 5102.69623132656 -9999 -9999 -9999 -9999 1407.39479199741 878.881827168399 890.459178362127 490.220854162906 490.722284826146 500.617357955243 616.892455614588 1003.2316156757 722.859104202584 357.038203351242 229.163720442917 157.355683996779 102.499102307107 48.7468651444358 4.56203968598902 0.0194418436671625 0 0 0 0 0 0 0 0 0 0 0 0 0 0 0 0 0 0 0 0 0 0 0
-9999 -9999 -9999 -9999 -9999 -9999 -9999 -9999 -9999 -9999 9576.88061866313 9433.60690625332 9124.66420447701 8735.10709760321 8105.55293382953 6887.48919822909 5981.59290579442 6088.05318087956 6554.91015420521 6348.897218196 -9999 -9999 -9999 1291.17222102866 1105.7503377531 1170.39363134951 1483.02002645277 1176.24721117526 814.757188637222 490.414596518009 503.727144425099 573.096336856706 522.412269245524 397.445566210371 278.699447878494 207.187568448623 154.668233593664 119.073162502054 45.4012304404687 2.76801530549162 0 0 0 0 0 0 0 0 0 0 0 0 0 0 0 0 0 0 0 0 0 0 0
-9999 -9999 -9999 -9999 -9999 -9999 -9999 -9999 -9999 -9999 -9999 9492.13871747232 9330.69237430985 9042.44240735285 8508.05517765564 7141.37949287954 6444.52848559623 6720.85606903222 6696.43665409141 -9999 -9999 -9999 1860.08674803949 2018.03172445773 1511.41297494134 1411.56854236269 1779.10096724817 1207.76547118573 671.618504043903 507.089295138258 490.467330505727 492.418932437628 485.563416586434 434.264683269105 327.781887788566 256.88040173831 285.379309496127 627.510124288975 123.509161610137 39.2900292955485 2.53762834522998 0 0 0 0 0 0 0 0 0 0 0 0 0 0 20.8294098389388 155.691054966663 160.958471173473 8.85936495614606 0 0 0 0
-9999 -9999 -9999 -9999 -9999 -9999 -9999 -9999 -9999 -9999 -9999 -9999 -9999 9245.93055446479 9079.89333735859 8227.70565779082 7775.78731161756 7989.46061623422 7670.14499188299 -9999 -9999 -9999 3405.90951754281 3143.73503362419 2129.67043256062 1977.81533846462 2006.64905267554 1204.19651929945 640.319080399498 546.327845778609 504.444565991585 490 488.761915594524 467.168452984139 376.039949355623 306.177223303115 277.771417431583 346.347279448813 151.545580314554 87.0972594152309 35.3470560810953 2.56428373485882 0 0 0 0 0 0 0 0 0 0 0 0 0 70.1188402817066 486.582562297015 580.392813560825 69.8703460087222 158.415596916742 0 0 0
-9999 -9999 -9999 -9999 -9999 -9999 -9999 -9999 -9999 -9999 -9999 -9999 -9999 -9999 9348.98671788868 8807.23727224551 8438.9393629565 8400.08896992593 -9999 -9999 -9999 4088.51892514123 4268.10004260803 3823.05220148438 3452.82010206496 3145.63120725873 2613.93605556867 1583.96051239775 925.183147328482 594.234264791344 541.585577365858 502.011219845683 489.979599582412 479.654691046083 417.378241276689 355.757858981684 301.04267989173 246.567770330829 191.618885420893 136.634312755681 82.0753557731909 31.7984047030776 2.52795533616623 0 0 0 0 0 0 0 0 0 0 0 0 25.3099626638412 237.178364593924 527.109984082173 139.250952990343 413.180104017053 0 0 0
-9999 -9999 -9999 -9999 -9999 -9999 -9999 -9999 -9999 -9999 -9999 -9999 -9999 -9999 -9999 8908.15326448561 8548.86376852756 -9999 -9999 -9999 -9999 5117.90554331235 4939.4375275155 4599.08707190015 4799.30259323419 4521.59095829428 3623.66207403946 2420.51594777967 1433.20164628881 848.533684736257 589.092513287854 536.883451577103 499.789660122754 485.675263062117 456.395976869295 405.524578840501 350.580782991173 295.909897458666 241.405357701423 186.430695706824 131.471846529239 77.1236144323595 28.4984688837584 2.43832221262954 0 0 0 0 0 0 0 0 0 0 0 0 31.0327222051085 155.894876647865 55.4892516307599 172.622277757411 0 0 0
-9999 -9999 -9999 -9999 -9999 -9999 -9999 -9999 -9999 -9999 -9999 -9999 -9999 -9999 -9999 -9999 -9999 -9999 -9999 -9999 6249.74963998455 6447.68075803622 6095.0214093259 5852.59672998081 5903.18751342616 5435.56274556367 4282.73763805174 2962.61344756676 1766.22632449193 1044.23979466043 692.285833140994 848.161845836798 668.773675172278 496.971605816438 480.963555633155 451.209806752121 400.314141769306 345.40571476153 290.7784888475 236.239413870912 181.244545953191 126.315705795497 72.2286781424198 25.4315252510243 2.30463512054472 0 0 0 0 0 0 0 0 0 0 0 0 0 0 0 0 0 0
-9999 -9999 -9999 -9999 -9999 -9999 -9999 -9999 -9999 -9999 -9999 -9999 -9999 -9999 -9999 -9999 -9999 -9999 -9999 -9999 6514.56630834384 7241.64464380225 6910.46173071537 6735.34152502685 6270.14857921131 5189.30339443182 3909.80239734888 2575.25180175991 1563.83703572148 996.945503724252 966.791867334706 971.448206833713 681.139172499916 527.610384980398 495.126523782945 479.397208953431 447.008052102935 395.126919962021 340.232699103529 285.648168003679 231.053894464994 176.059989485581 121.162723074644 67.3968568106229 22.5827162082625 2.13571596427051 0 0 0 0 0 0 0 0 0 0 0 0 0 0 0 0 0
-9999 -9999 -9999 -9999 -9999 -9999 -9999 -9999 -9999 -9999 -9999 -9999 -9999 -9999 -9999 -9999 -9999 -9999 -9999 5061.7822265625 6094.58732976502 6392.62427683494 6317.2691930292 6436.84929133118 5840.39211699072 4223.27484517437 2928.11231359778 1920.47703059439 1361.56334925466 1088.60221909046 1176.8905865912 948.760774310152 630.892058800827 573.619776337527 523.233040456737 493.526009033928 477.679365537648 442.696378606841 389.957109372254 335.061885560246 280.51558099664 225.865430505774 170.876863727418 116.012511528055 62.6340017302395 19.9380476208067 1.93995853390016 0 0 0 0 0 0 0 0 0 0 0 0 0 0 0 0
-9999 -9999 -9999 -9999 -9999 -9999 -9999 -9999 -9999 -9999 -9999 -9999 -9999 -9999 -9999 -9999 -9999 -9999 -9999 5171.83355740587 5236.9279999086 5115.97323115751 5153.63734874332 5496.17433862697 5009.13020950456 3443.91562173312 2135.00264940029 1655.14490043027 1561.20798582999 1240.15037767771 1035.92529902243 881.985201519416 678.034007030702 623.088612737483 568.479420960212 519.008748051747 492.068997569441 475.808388785885 438.281353331463 384.799300827695 329.9086279655 275.37782566915 220.677891889504 165.695266001109 110.864724467266 57.9455083451603 17.4843931610547 1.72532889024457 0 0 0 0 0 0 0 0 0 0 0 0 0 0 0
-9999 -9999 -9999 -9999 -9999 -9999 -9999 -9999 -9999 -9999 -9999 -9999 -9999 -9999 -9999 -9999 -9999 -9999 5944.86345290253 5294.17002663033 4615.71424381921 4432.05586843075 4424.15525289537 4585.56100815302 4170.83761468364 3145.22593670864 2006.58359255458 1617.24482535465 1507.36792549324 1123.33480866853 846.629457856884 787.708879936176 727.76838518716 672.844584301664 617.918051758047 563.347688531793 514.900937710296 490.730736837101 473.792207249817 433.762162781562 379.599868545662 324.761317303991 270.235452059497 215.491118250561 160.515295091735 105.719013096199 53.336328074433 15.209488765359 1.49936527556108 0 0 0 0 0 0 0 0 0 0 0 0 0 0
-9999 -9999 -9999 -9999 -9999 -9999 -9999 -9999 -9999 -9999 -9999 -9999 -9999 -9999 -9999 -9999 -9999 -9999 7000.71354365955 5457.19463513115 4791.42839710047 4607.9053821223 4448.05783446316 4302.94286021535 4055.89053729884 3524.7302798434 2628.30636119578 1808.86743551272 1257.22931580145 980.909193426745 886.669752591549 831.8594885255 777.254831808271 722.606137447735 667.655988427511 612.750583794878 558.216707541542 510.911706881822 489.498553227483 471.53531609963 428.434521346882 374.420352143913 319.616188517379 265.08888242814 210.304951421867 155.337031787154 100.575075169803 48.8109529960824 13.1019329325063 1.26917858345079 0 0 0 0 0 0 0 0 0 0 0 0 0
