NetLogoInput/pp3_corridors_90.asc
NCOLS 88 
NROWS 127 
XLLCORNER -925625.5599279 
YLLCORNER -56566.5307948138 
CELLSIZE 90 
NODATA_value -9999 
[rows 84 to 111 of 127, columns 0 to 62 of 88]
-9999 -9999 -9999 -9999 -9999 -9999 -9999 -9999 -9999 -9999 -9999 -9999 -9999 -9999 -9999 -9999 -9999 7769.50718803856 7472.18788766782 6248.46948766532 5847.97627737026 5673.45952371141 5498.94150158978 5324.42206028921 5119.60140497213 4651.19080609362 3597.1104149953 2358.57925534434 1475.54440277451 1018.30943320778 936.145957037057 881.50787006189 826.688766357968 772.123599293649 717.438521810129 662.467087980656 607.585611765761 553.086060721104 507.045183322235 488.190028666811 467.838818244079 423.348244446628 369.262704340553 314.472939241166 259.938508744182 205.119248788087 150.160558746512 95.4326210531197 44.3734269843342 11.1511891327345 1.0414526794356 0 0 0 0 0 0 0 0 0 0 0 0
-9999 -9999 -9999 -9999 -9999 -9999 -9999 -9999 -9999 -9999 -9999 -9999 -9999 -9999 -9999 -9999 -9999 8171.58837890625 8240.87507796201 7809.72089117444 7429.51472296103 7142.07607275705 6902.0442155321 6670.79209357125 6400.11126115075 5710.01668306674 4352.29529425192 2781.72109292455 1562.28277917518 1209.58080506031 1168.26244620548 992.52692785646 876.342077512723 821.5201445787 766.991342802943 712.266746157241 657.278606036438 602.423146572158 547.955477384008 503.305015674868 486.931197710076 464.352526964367 418.464533114873 364.085609830075 309.331256875614 254.784677619625 199.933873496593 144.985945024133 90.2913892089751 40.0273407253954 9.34758176853807 0.822444461007645 0 0 0 0 0 0 0 0 0 0 0
-9999 -9999 -9999 -9999 -9999 -9999 -9999 -9999 -9999 -9999 -9999 -9999 -9999 -9999 -9999 -9999 -9999 -9999 8699.8671875 9212.53908860351 8748.75331563205 7916.99175924274 7287.29196898756 6840.00297751585 6488.47028622907 5898.18179285626 4582.63169855921 2845.12197718363 1662.72942471542 1536.264624371 1572.84046556163 1161.16047954171 925.881752434138 871.17233799367 816.356898664243 761.86038716322 707.092089830908 652.090453324491 597.263270269324 542.824715045978 500.81003318222 485.733672091696 461.068901551251 413.368672395586 358.910450191313 304.190840563171 249.627734244559 194.748690584054 139.813244397576 85.1511435524499 35.7758342993276 7.68229825221882 0.617984242621055 0 0 0 0 0 0 0 0 0 0
-9999 -9999 -9999 -9999 -9999 -9999 -9999 -9999 -9999 -9999 -9999 -9999 -9999 -9999 -9999 -9999 -9999 -9999 -9999 9578.15496397562 9119.73353891238 7460.93174515475 6065.98473466447 5355.67468396203 5051.11864395862 4949.28781289596 4364.86003394529 2877.55421247609 1634.19058251529 1233.59135213304 1166.9392644173 1056.61447866325 975.266194217972 920.752414395685 865.999617698209 811.196881147571 756.729291889991 701.915056395181 646.902529722533 592.106025242168 538.179898279152 498.706234789876 484.186131559861 457.241779031892 408.285241599841 353.737298627951 299.051445415025 244.467986176364 189.563581957662 134.642525348056 80.0116704442036 31.6215971592807 6.14738674004592 0.43347603234176 0 0 0 0 0 0 0 0 0
-9999 -9999 -9999 -9999 -9999 -9999 -9999 -9999 -9999 -9999 -9999 -9999 -9999 -9999 -9999 -9999 -9999 -9999 -9999 9427.55232916054 8638.87036812249 6756.54011122665 4964.41133637279 3767.47571934998 3446.78634126959 3552.07233050908 3664.82545777752 2846.08757531651 1672.63626737135 1263.99377127153 1195.975612341 1100.43388076214 1024.94198524405 970.123972930809 915.627860932272 860.822805334504 806.039824496443 751.597802539495 696.735833628793 641.714689058956 586.96538251159 533.737680816698 496.734440353094 482.498535075135 453.308679823604 403.209311461447 348.566217537678 293.912831848688 239.305723951345 184.378432800209 129.473821923013 74.8727819802572 27.5668659387387 4.73575628867196 0.273897716170392 0 0 0.561053463497239 1.28492874007635 0.00745877272216693 0 0 0
-9999 -9999 -9999 -9999 -9999 -9999 -9999 -9999 -9999 -9999 -9999 -9999 -9999 -9999 -9999 -9999 -9999 -9999 -9999 8987.24164205303 8217.15855437035 6322.92873039684 4469.76436246765 3043.31556189889 2510.75569437871 2683.99892729564 2855.46303225773 2417.6861359083 1725.76090503852 1358.24389000612 1298.72682402974 1167.13621324038 1089.58173811528 1057.08798193767 976.310715331734 910.488624264799 855.6436606071 800.885729305708 746.465753907925 691.554760147909 636.538210659897 581.829014024377 529.403219001082 494.882762946951 480.67817813005 449.274785979415 398.136273974357 343.397247940136 288.774777089384 234.141221755309 179.193140164811 124.307173160925 69.7343084524299 23.6134272813936 3.44117663393642 0.14380132334649 0 4.92501064131593 11.7593533898047 1.94320421277387 0.848756670737154 0 0
-9999 -9999 -9999 -9999 -9999 -9999 -9999 -9999 -9999 -9999 -9999 -9999 -9999 -9999 -9999 -9999 -9999 -9999 -9999 8810.50861794633 8091.8494650902 6201.3843054928 4350.95483669884 2916.57783071695 2303.79059705224 2141.01631766653 2064.59612793087 2066.70616810323 1870.11941018443 1886.59253762459 1926.37768016594 1424.01523797395 1319.96097326179 1509.60512881792 1146.67925548201 959.792635684104 905.356421121097 850.462589110348 795.734445746167 741.332848941015 686.369564444168 631.366273287315 576.693301669208 525.180275823136 493.140256678782 478.732022058624 445.144189202438 393.059146949817 338.228356681971 283.637099567293 228.974706827828 174.00759979086 119.142607939803 64.5961117480549 19.7626180054515 4.55572441853955 7.50793811408368 17.0393524116252 31.9306253169587 22.5455263411953 10.7047683285447 0 0
-9999 -9999 -9999 -9999 -9999 -9999 -9999 -9999 -9999 -9999 -9999 -9999 -9999 -9999 -9999 -9999 -9999 -9999 -9999 9024.15197785062 8389.95362866694 6504.82472609838 4677.96763262677 3358.43322637948 2619.30229050097 2155.77683078932 2200.92877108765 1960.74348035781 1526.7455573355 1454.45477205366 1577.73296514475 1911.54146553058 1810.9712904774 1282.38147815768 1066.13751097154 1009.38039488285 954.645727609728 900.217136710211 845.28276048872 790.58953170285 736.168644248579 681.183747883907 626.200533663314 571.598774663501 521.303302145202 491.679674214964 476.418545120268 440.647056610139 387.896949101974 333.069490522148 278.498271654371 223.803118715796 168.823321700068 113.983818289447 59.5847793904944 81.1724099575339 211.852133283821 160.320325649815 8.86214786571593 13.270636617657 22.4255650901076 0 0
-9999 -9999 -9999 -9999 -9999 -9999 -9999 -9999 -9999 -9999 -9999 -9999 -9999 -9999 -9999 -9999 -9999 -9999 -9999 -9999 9024.46892062808 7166.76453825692 5605.08617929118 4281.82253237713 3080.65865216312 2334.45552203085 1879.38174433668 1707.90897860219 1544.58528290112 1464.66026097041 1585.61168989573 1816.84611268476 1502.59445743508 1193.16185175761 1114.09530043913 1059.2199920494 1004.20711867587 949.510574028342 895.058138348611 840.112673696862 785.464320579139 730.980382313702 675.998366892371 621.048057215302 566.66834416213 518.221428607476 490.561008824978 473.007305846774 435.440385932381 382.77452386975 327.920577045913 273.35362281557 218.62190940283 208.89420650206 212.332281230793 270.861850427798 590.028254961314 420.566925033737 30.5041578902162 0.842972831675496 1.36041432331204 0 0
-9999 -9999 -9999 -9999 -9999 -9999 -9999 -9999 -9999 -9999 -9999 -9999 -9999 -9999 -9999 -9999 -9999 -9999 -9999 -9999 9389.59409598054 8133.34298368674 6746.73683146802 5272.47349402523 3929.79594614242 2820.7809394809 2137.17847431293 1714.97128694398 1591.78247592453 1511.5673847708 1481.05943279327 1460.8717148189 1353.90564955908 1232.40974767134 1163.44037669487 1108.94026624394 1054.03201211676 999.036319237026 944.376068160907 889.89582219452 834.957950325214 780.336397608089 725.793180145837 670.814648095566 615.89777854719 561.822647726752 515.294301952246 489.456662019549 470.177562317113 430.730571667177 377.595291080009 322.773172139836 268.205884793779 365.65698227128 476.012431911454 197.749283755816 126.28795839123 95.2407385420443 38.6026329545083 8.88203555286116 0 0 0
-9999 -9999 -9999 -9999 -9999 -9999 -9999 -9999 -9999 -9999 -9999 -9999 -9999 -9999 -9999 -9999 -9999 -9999 -9999 -9999 -9999 8236.36284979604 7458.46408076575 6280.62220870583 4924.01919874088 3629.44090935615 2612.02307550676 1991.86223225606 1641.04053019877 1561.14107016547 1507.2703803155 1453.51248419251 1378.73923637054 1281.77322258749 1212.9864306999 1158.3048890571 1103.78145524103 1048.84478265184 993.86794839424 939.24190919501 884.714113359565 829.808339016478 775.203640041809 720.606987261302 665.632827657458 610.749407072007 557.066282950053 512.543797522494 488.196592051707 466.917262634556 425.752092498784 372.417901549761 317.627048508896 288.678884928538 261.532160280608 165.445190675034 100.49518857885 63.7879610624706 51.2978552152686 34.0217255727746 8.02909939503296 0 0
-9999 -9999 -9999 -9999 -9999 -9999 -9999 -9999 -9999 -9999 -9999 -9999 -9999 -9999 -9999 -9999 -9999 -9999 -9999 -9999 -9999 -9999 6580.67851798532 6191.1861321116 5221.61694368007 3612.3769754876 2401.53904742818 1882.62191160819 1690.37549276338 1610.94699140382 1555.96702006874 1501.24127351235 1427.02387620093 1330.9148908236 1262.66102965282 1207.8168719642 1153.16994894248 1098.61945274585 1043.65818033387 988.702164266404 934.109553951363 879.531098672857 824.660689815468 770.066508875008 715.421611232823 660.452887463987 605.602613244879 552.403478745866 509.923206030471 486.761818636645 463.514043293239 420.778721237185 367.24239592158 312.481956291177 257.902260067769 203.078478924455 148.118366318164 96.1451285002472 61.7990145925556 50.0854665069255 31.3361328202967 7.28581781817258 0
-9999 -9999 -9999 -9999 -9999 -9999 -9999 -9999 -9999 -9999 -9999 -9999 -9999 -9999 -9999 -9999 -9999 -9999 -9999 -9999 -9999 -9999 5539.34032103146 5506.71242784665 5000.56185419193 3573.50126617227 2329.76531739739 1863.99996677044 1739.36877721499 1660.58232420932 1605.76024353735 1550.79495028815 1475.80519918485 1380.02355986574 1312.07607702399 1257.50047648694 1202.65060074679 1148.03507024264 1093.45438097366 1038.47207652734 983.55281149456 928.97345889109 874.35087569186 819.514736587784 764.925352139852 710.23686034162 655.274914201639 600.457177420629 547.838018825802 507.433222939054 485.20203884132 460.004176245571 415.806158265701 362.068825589862 307.337731944147 252.746879737944 197.897039578507 142.946753509399 91.8909475052481 59.9330087913845 48.4607155718011 28.7545880789982 6.55660077275891
-9999 -9999 -9999 -9999 -9999 -9999 -9999 -9999 -9999 -9999 -9999 -9999 -9999 -9999 -9999 -9999 -9999 -9999 -9999 -9999 -9999 -9999 -9999 4365.83811734081 4015.80687774727 3252.69820350255 2361.47774573479 1907.11997138938 1788.23697081292 1710.01750661611 1655.42962623663 1600.57320109275 1524.93903200904 1429.55621002273 1362.11820136219 1308.10077465322 1254.09648480743 1199.84685137889 1145.88367549554 1091.85837389389 1037.43515829059 983.183622215599 929.243814385961 875.159416655301 820.96372863454 767.005633148661 712.831440270906 658.45913151499 604.335914701826 553.012116103584 515.268922760065 494.373131568819 467.83719559434 422.792007517445 369.48575416152 315.483803137696 261.437787512863 207.056200852473 152.787804070635 103.469541104446 75.1908388203667 63.4348245211671 43.6496392144754
-9999 -9999 -9999 -9999 -9999 -9999 -9999 -9999 -9999 -9999 -9999 -9999 -9999 -9999 -9999 -9999 -9999 -9999 -9999 -9999 -9999 -9999 -9999 3435.81940661078 2972.21470541462 2652.89415322014 2261.47166559657 2001.19972560839 1883.28035428625 1806.14046956424 1752.03765669861 1697.65803695366 1622.0078345906 1527.35179467236 1460.20664187033 1405.94868393317 1351.48603873616 1297.03796995911 1242.81103467907 1188.30717650241 1133.58406778421 1079.16322042794 1024.9174006935 970.415362710204 916.023865227833 861.734613577008 807.151594733603 752.519822620565 698.1697161729 643.825363939924 592.799311450665 557.021622566129 536.256363956378 507.167355056721 460.6390158541 407.170133350901 352.737611734044 298.036671414423 243.534338054771 189.310394269109 141.406121219214 114.753141970695 101.86323459965
-9999 -9999 -9999 -9999 -9999 -9999 -9999 -9999 -9999 -9999 -9999 -9999 -9999 -9999 -9999 -9999 -9999 -9999 -9999 -9999 -9999 -9999 -9999 -9999 2562.99653790933 2383.13084491938 2220.22938882179 2076.98123199521 1959.23451022063 1882.38084741465 1828.11233502807 1773.5648877901 1697.11701593039 1603.06580092 1538.66286539579 1482.48593395895 1427.58239167914 1373.28261880177 1319.25788909824 1265.09014938545 1210.58678528002 1156.29698523001 1102.28047612797 1048.0730619841 993.832332128941 939.787020917267 885.493308503432 831.054440533565 776.877816736071 722.792532344138 668.540227629395 618.764669854983 585.29920744605 564.745521047951 534.05102121088 486.8391690248 433.293305200658 378.824202030779 324.501213621186 270.492915897798 216.559246315485 170.668950399098 -9999
-9999 -9999 -9999 -9999 -9999 -9999 -9999 -9999 -9999 -9999 -9999 -9999 -9999 -9999 -9999 -9999 -9999 -9999 -9999 -9999 -9999 -9999 -9999 -9999 2956.19839606413 2583.79329201643 2299.08475297729 2166.50630218311 2049.30273857099 1973.10379775397 1918.93317991217 1864.48940408524 1787.60788548979 1843.46882717702 1861.48613665211 1624.03610539866 1519.80514037988 1475.54479577775 1438.45856264253 1374.80698418918 1304.15793045508 1250.30120359618 1196.59045500897 1142.6781040721 1088.85277276952 1035.08918305942 981.070624290493 927.039501236434 873.248855466244 819.445539952534 765.561442294804 711.791321396138 663.279466568458 631.956412436041 611.928169088716 579.966357544473 531.798257717701 478.148391987304 424.2905765178 370.552090588216 316.638358388614 263.484504554656 -9999
-9999 -9999 -9999 -9999 -9999 -9999 -9999 -9999 -9999 -9999 -9999 -9999 -9999 -9999 -9999 -9999 -9999 -9999 -9999 -9999 -9999 -9999 -9999 -9999 -9999 3072.75161734879 2543.2576944042 2283.95512474467 2167.68265573409 2092.25927642532 2144.53994754952 2187.19773351583 2119.09122391178 2328.52210837557 2251.63313644857 1789.17174762596 1640.39891545273 1778.020875648 1947.70528815371 1693.16951270257 1441.1327953347 1388.6875883574 1317.17327434327 1263.32524065075 1209.58140052312 1155.58450340709 1101.53094345517 1047.72321757682 993.938262604198 940.050179270569 886.267329858181 832.416962067529 778.357039960725 765.568985700995 795.198384846916 750.426728568901 656.734981807209 598.496084089061 545.033572987389 491.133962813414 437.29981307018 -9999 -9999
-9999 -9999 -9999 -9999 -9999 -9999 -9999 -9999 -9999 -9999 -9999 -9999 -9999 -9999 -9999 -9999 -9999 -9999 -9999 -9999 -9999 -9999 -9999 -9999 -9999 3818.39610618713 3086.48609213845 2775.89684312012 2664.79285263972 2594.38235004059 2693.96751449604 2776.93574581665 2728.33939189251 2838.659814608 2478.64000092835 1918.61925088253 1761.9340383078 1907.7462205644 2098.68114843376 1848.40216639035 1749.95348033189 1665.03239632229 1437.7967279224 1384.07222547649 1330.09891478124 1276.02386180723 1222.1969298191 1168.43010091711 1114.54027714373 1060.74285618204 1006.91708161298 977.906337367794 969.66666764 1044.28158448433 1173.87422489587 1030.56880677859 787.94540379673 715.908342412611 665.498387928745 611.776430410139 -9999 -9999 -9999
-9999 -9999 -9999 -9999 -9999 -9999 -9999 -9999 -9999 -9999 -9999 -9999 -9999 -9999 -9999 -9999 -9999 -9999 -9999 -9999 -9999 -9999 -9999 -9999 -9999 -9999 4217.23870094749 3999.03639412289 3894.80672581757 3741.30155831995 3459.37678825892 3262.39322784331 3162.35759758045 3056.69111425554 2754.3477121184 2209.90004286627 1908.25761279247 1994.90367809785 2155.49302786986 2104.56922826136 2047.74566706661 1807.40545880014 1558.56174208112 1504.61386189329 1450.51850399549 1396.66967421035 1342.9096332813 1288.99801005177 1235.19852682901 1198.63813599755 1182.646969663 1271.48895165378 1425.79014362831 1401.42822341596 1311.0002657594 1119.06580022429 890.632646790435 825.540977908742 783.416717598163 -9999 -9999 -9999 -9999
-9999 -9999 -9999 -9999 -9999 -9999 -9999 -9999 -9999 -9999 -9999 -9999 -9999 -9999 -9999 -9999 -9999 -9999 -9999 -9999 -9999 -9999 -9999 -9999 -9999 -9999 -9999 5493.59724939415 5317.61890146386 4888.93202575769 3954.79339446878 3285.32035073142 3037.33345030688 2844.33783310423 2769.86263615828 2397.84153256959 2042.96133154185 2185.88448641118 2417.96755126132 2372.32738432296 2020.2274422845 1733.05011670987 1679.1292977455 1625.0150372322 1571.14130108005 1517.41150690252 1463.45200450198 1409.48419961358 1356.61675945121 1416.01655591353 1595.32754644161 1784.27469709009 1936.37366734154 1618.61518296432 1141.6802883692 1010.16984867973 972.718698338229 930.8634180078 -9999 -9999 -9999 -9999 -9999
-9999 -9999 -9999 -9999 -9999 -9999 -9999 -9999 -9999 -9999 -9999 -9999 -9999 -9999 -9999 -9999 -9999 -9999 -9999 -9999 -9999 -9999 -9999 -9999 -9999 -9999 -9999 6055.14480632373 5609.9203371755 5031.68497055605 3967.47856120598 3105.0037984784 2760.37493892955 2569.36276672781 2388.75691519415 2230.98641889816 2128.25099450249 2068.99216549025 2031.9501625382 2011.36317989139 1936.88846213432 1853.64510762717 1799.51361226026 1745.61142773923 1691.90134687751 1638.02002835959 1584.06166801013 1539.98307053995 1517.87032410867 1721.33184606046 2130.25722056511 2172.92774498877 1930.0465372453 1563.12963181302 1216.95870397966 1110.20295969393 1079.31328061536 -9999 -9999 -9999 -9999 -9999 -9999
-9999 -9999 -9999 -9999 -9999 -9999 -9999 -9999 -9999 -9999 -9999 -9999 -9999 -9999 -9999 -9999 -9999 -9999 -9999 -9999 -9999 -9999 -9999 -9999 -9999 -9999 -9999 -9999 4524.35238005531 4163.19680583216 3744.6274781951 3316.35135682719 2971.08891604024 2758.38550749172 2590.92172147067 2368.31411551918 2248.92875184559 2189.66401659954 2135.68666310995 2100.79468915427 2043.51707307418 1974.01445541248 1920.0796591519 1866.3907369017 1812.51702077067 1758.6353256703 1705.33548014882 1726.5313688154 1872.87840119075 2098.37936028124 2301.28291499101 2061.07775990826 1621.61273693918 1389.03328283301 1282.45556605849 1219.71090099957 1178.44914844546 -9999 -9999 -9999 -9999 -9999 -9999
-9999 -9999 -9999 -9999 -9999 -9999 -9999 -9999 -9999 -9999 -9999 -9999 -9999 -9999 -9999 -9999 -9999 -9999 -9999 -9999 -9999 -9999 -9999 -9999 -9999 -9999 -9999 -9999 3993.92905348667 3691.18995684287 3688.26242825804 3753.16065899899 3341.25381758801 3061.86364360676 2892.89433019099 2524.68624507667 2369.46114978092 2310.16944701754 2256.49851594344 2202.67528702845 2148.51791969534 2094.5456762912 2040.87976483445 1987.01621270691 1933.10468011155 1879.39811442662 1828.5972121189 1968.39468972833 2386.9019431785 2510.57370871247 2216.8231947778 1854.99162804487 1641.49841394093 1504.47699494391 1402.77462146901 1340.45973711619 -9999 -9999 -9999 -9999 -9999 -9999 -9999
-9999 -9999 -9999 -9999 -9999 -9999 -9999 -9999 -9999 -9999 -9999 -9999 -9999 -9999 -9999 -9999 -9999 -9999 -9999 -9999 -9999 -9999 -9999 -9999 -9999 -9999 -9999 -9999 -9999 4254.04706245957 4053.14507908155 3616.49294085378 3098.00455599425 2851.53421294288 2718.74464300952 2586.39871772594 2489.77083804093 2430.97386078091 2377.17536509414 2323.02547450177 2269.00927323988 2215.36870594747 2161.51783328372 2107.57181677078 2053.89135393612 1999.9555882155 1952.89897705956 2059.72517635372 2366.68548738738 2342.61370382496 2026.18550669767 1856.70658174703 1752.58446630915 1624.32377105399 1523.34782749214 -9999 -9999 -9999 -9999 -9999 -9999 -9999 -9999
-9999 -9999 -9999 -9999 -9999 -9999 -9999 -9999 -9999 -9999 -9999 -9999 -9999 -9999 -9999 -9999 -9999 -9999 -9999 -9999 -9999 -9999 -9999 -9999 -9999 -9999 -9999 -9999 -9999 3631.9429422809 3435.96691525828 3254.95907847776 3104.38603099927 2970.409066077 2838.525344894 2706.27094022541 2610.47540863463 2551.67418614952 2497.53990875726 2447.8761969292 2393.27498504198 2336.02203173124 2282.03642406077 2228.38401875595 2176.53253138723 2128.26111601279 2070.69219101864 2012.74560680562 1968.3593071598 1948.60452756891 1945.56380915407 1930.85764179306 1862.71307132495 1743.85132066065 -9999 -9999 -9999 -9999 -9999 -9999 -9999 -9999 -9999
-9999 -9999 -9999 -9999 -9999 -9999 -9999 -9999 -9999 -9999 -9999 -9999 -9999 -9999 -9999 -9999 -9999 -9999 -9999 -9999 -9999 -9999 -9999 -9999 -9999 -9999 -9999 -9999 -9999 -9999 3496.79602555822 3354.80015791897 3222.34903033167 3089.99929478705 2957.97653324991 2826.09974682856 2731.0469096591 2672.05522413405 2617.95557925491 2632.46491087826 2557.99584460385 2456.87946609941 2406.92981768628 2352.51828554694 2324.34913268604 2336.52577777768 2235.08357059521 2133.27810239228 2079.16865744465 2036.47974719824 2019.19654332569 2014.81352065612 1969.45328564369 -9999 -9999 -9999 -9999 -9999 -9999 -9999 -9999 -9999 -9999
-9999 -9999 -9999 -9999 -9999 -9999 -9999 -9999 -9999 -9999 -9999 -9999 -9999 -9999 -9999 -9999 -9999 -9999 -9999 -9999 -9999 -9999 -9999 -9999 -9999 -9999 -9999 -9999 -9999 -9999 3606.88313856584 3474.16738001382 3342.14113524801 3209.91939315249 3077.54996920001 2945.54634907283 2851.2446746805 2792.43911787107 2739.88713186263 3120.58776144046 2905.11348385345 2584.82834631304 2586.9028665589 2524.07932684108 2613.93952130464 2853.66839123889 2526.16970278352 2253.66554913421 2199.80764375099 2146.09955313321 2105.41330670289 2090.56485598516 -9999 -9999 -9999 -9999 -9999 -9999 -9999 -9999 -9999 -9999 -9999
