NetLogoInput/pp3_30_flow.asc
NCOLS 263 
NROWS 382 
XLLCORNER -925595.5599279 
YLLCORNER -56566.530794814 
CELLSIZE 30 
NODATA_value -9999 
[rows 280 to 314 of 382, columns 0 to 78 of 263]
0 0 0 0 0 0 0 0 0 0 0 0 0 0 0 0 0 0 0 0 0 0 0 0 0 0 0 0 0 0 0 0 0 0 0 0 0 0 0 0 0 0 0 0 0 0 0 0 0.27 0.4 0.4 0.61 0.72 0.72 0.86 1 1.11 1.18 1.15 1.44 1.53 1.95 2.12 2.3 2.37 2.29 2.21 2.15 2.09 2.04 2.04 2.06 2.09 3.02 4.16 5.31 7.1 8.93 10.68
0 0 0 0 0 0 0 0 0 0 0 0 0 0 0 0 0 0 0 0 0 0 0 0 0 0 0 0 0 0 0 0 0 0 0 0 0 0 0 0 0 0 0 0 0 0 0 0.27 0.4 0.4 0.61 0.72 0.72 0.86 1 1.11 1.16 1.15 1.4 1.51 1.49 1.92 2.09 2.27 2.34 2.27 2.2 2.13 2.08 2.03 2.02 2.04 2.06 2.72 3.54 4.35 5.99 7.67 9.33
0 0 0 0 0 0 0 0 0 0 0 0 0 0 0 0 0 0 0 0 0 0 0 0 0 0 0 0 0 0 0 0 0 0 0 0 0 0 0 0 0 0 0 0 0 0 0.27 0.4 0.4 0.61 0.72 0.72 0.86 1 1.1 1.16 1.15 1.39 1.5 1.49 1.79 1.89 2.06 2.23 2.31 2.25 2.18 2.12 2.07 2.02 2.02 2.03 2.04 2.44 2.93 3.41 4.87 6.37 7.93
0 0 0 0 0 0 0 0 0 0 0 0 0 0 0 0 0 0 0 0 0 0 0 0 0 0 0 0 0 0 0 0 0 0 0 0 0 0 0 0 0 0 0 0 0 0.27 0.4 0.4 0.61 0.72 0.72 0.86 1 1.1 1.15 1.15 1.38 1.5 1.49 1.75 1.87 1.85 2.03 2.2 2.28 2.22 2.16 2.1 2.06 2.02 2.01 2.02 2.03 2.16 2.31 2.47 3.75 5.08 6.53
0 0 0 0 0 0 0 0 0 0 0 0 0 0 0 0 0 0 0 0 0 0 0 0 0 0 0 0 0 0 0 0 0 0 0 0 0 0 0 0 0 0 0 0 0.27 0.4 0.4 0.61 0.72 0.72 0.86 1 1.1 1.15 1.15 1.38 1.49 1.49 1.74 1.86 1.85 1.94 1.97 2.13 2.21 2.16 2.12 2.08 2.04 2 1.98 1.99 1.99 2.07 2.17 2.27 3.4 4.59 5.91
0 0 0 0 0 0 0 0 0 0 0 0 0 0 0 0 0 0 0 0 0 0 0 0 0 0 0 0 0 0 0 0 0 0 0 0 0 0 0 0 0 0 0 0.27 0.4 0.4 0.61 0.72 0.72 0.86 1 1.1 1.15 1.15 1.38 1.49 1.49 1.74 1.86 1.85 1.9 1.93 1.9 2.04 2.12 2.1 2.08 2.05 2.01 1.97 1.96 1.95 1.94 2.02 2.12 2.22 3.23 4.27 5.46
0 0 0 0 0 0 0 0 0 0 0 0 0 0 0 0 0 0 0 0 0 0 0 0 0 0 0 0 0 0 0 0 0 0 0 0 0 0 0 0 0 0 0.27 0.4 0.4 0.61 0.72 0.72 0.86 1 1.1 1.15 1.15 1.38 1.49 1.49 1.74 1.86 1.85 1.89 1.92 1.9 1.97 1.96 2.04 2.04 2.04 2.02 1.99 1.95 1.93 1.92 1.9 1.98 2.08 2.18 3.05 3.96 5.01
0 0 0 0 0 0 0 0 0 0 0 0 0 0 0 0 0 0 0 0 0 0 0 0 0 0 0 0 0 0 0 0 0 0 0 0 0 0 0 0 0 0.27 0.4 0.4 0.61 0.72 0.72 0.86 1 1.1 1.15 1.15 1.38 1.49 1.49 1.73 1.86 1.85 1.89 1.91 1.9 1.94 1.96 1.99 2 2.02 2.04 2.03 1.98 1.93 1.89 1.87 1.84 1.91 1.99 2.08 3.07 4.1 5.25
0 0 0 0 0 0 0 0 0 0 0 0 0 0 0 0 0 0 0 0 0 0 0 0 0 0 0 0 0 0 0 0 0 0 0 0 0 0 0 0 0.27 0.4 0.4 0.61 0.72 0.72 0.86 1 1.1 1.15 1.15 1.38 1.49 1.49 1.73 1.85 1.85 1.89 1.9 1.9 1.93 1.96 1.98 1.99 1.98 2.02 2.07 2.05 1.98 1.9 1.85 1.81 1.77 1.82 1.89 1.97 3.19 4.47 5.81
0 0 0 0 0 0 0 0 0 0 0 0 0 0 0 0 0 0 0 0 0 0 0 0 0 0 0 0 0 0 0 0 0 0 0 0 0 0 0 0.27 0.4 0.4 0.61 0.72 0.72 0.86 1 1.1 1.15 1.15 1.38 1.49 1.49 1.73 1.85 1.85 1.88 1.9 1.9 1.93 1.96 1.97 1.98 1.98 2.01 2.03 2.1 2.08 1.97 1.87 1.8 1.75 1.7 1.74 1.79 1.85 3.31 4.84 6.37
0 0 0 0 0 0 0 0 0 0 0 0 0 0 0 0 0 0 0 0 0 0 0 0 0 0 0 0 0 0 0 0 0 0 0 0 0 0 0.27 0.4 0.4 0.61 0.72 0.72 0.86 1 1.1 1.15 1.15 1.38 1.49 1.49 1.73 1.85 1.85 1.88 1.9 1.9 1.93 1.96 1.97 1.98 1.98 2 2.02 2.01 2.1 2.08 1.97 1.86 1.78 1.73 1.67 1.69 1.73 1.77 3.37 5.05 6.7
0 0 0 0 0 0 0 0 0 0 0 0 0 0 0 0 0 0 0 0 0 0 0 0 0 0 0 0 0 0 0 0 0 0 0 0 0 0.27 0.4 0.4 0.61 0.72 0.72 0.86 1 1.1 1.15 1.15 1.38 1.49 1.49 1.73 1.85 1.85 1.88 1.9 1.9 1.93 1.96 1.97 1.98 1.98 2 2.02 2.01 2.06 2.08 2.07 1.97 1.86 1.79 1.73 1.67 1.68 1.71 1.73 3.38 5.12 6.81
0 0 0 0 0 0 0 0 0 0 0 0 0 0 0 0 0 0 0 0 0 0 0 0 0 0 0 0 0 0 0 0 0 0 0 0 0.27 0.4 0.4 0.61 0.72 0.72 0.86 1 1.1 1.15 1.15 1.38 1.49 1.49 1.73 1.85 1.85 1.88 1.9 1.9 1.93 1.96 1.97 1.98 1.98 2 2.02 2.01 2.05 2.07 2.06 2.06 1.97 1.87 1.8 1.73 1.67 1.67 1.68 1.69 3.4 5.19 6.93
0 0 0 0 0 0 0 0 0 0 0 0 0 0 0 0 0 0 0 0 0 0 0 0 0 0 0 0 0 0 0 0 0 0 0 0.27 0.4 0.4 0.61 0.72 0.72 0.86 1 1.1 1.15 1.15 1.38 1.49 1.49 1.73 1.85 1.85 1.88 1.9 1.9 1.93 1.96 1.97 1.98 1.98 2 2.01 2.01 2.05 2.07 2.06 2.01 2.01 1.95 1.9 1.84 1.78 1.73 1.75 1.78 1.82 3.5 5.27 6.98
0 0 0 0 0 0 0 0 0 0 0 0 0 0 0 0 0 0 0 0 0 0 0 0 0 0 0 0 0 0 0 0 0 0 0.27 0.4 0.4 0.61 0.72 0.72 0.86 1 1.1 1.15 1.15 1.38 1.49 1.49 1.73 1.85 1.85 1.88 1.9 1.9 1.93 1.96 1.97 1.98 1.98 2 2.01 2.01 2.05 2.07 2.06 1.98 1.95 1.89 1.92 1.95 1.95 1.91 1.88 1.97 2.09 2.21 3.75 5.37 6.93
0 0 0 0 0 0 0 0 0 0 0 0 0 0 0 0 0 0 0 0 0 0 0 0 0 0 0 0 0 0 0 0 0 0.27 0.4 0.4 0.61 0.72 0.72 0.86 1 1.1 1.15 1.15 1.38 1.49 1.49 1.73 1.85 1.85 1.88 1.9 1.9 1.93 1.96 1.97 1.98 1.98 2 2.01 2.01 2.05 2.06 2.06 1.96 1.92 1.89 1.9 1.89 2.01 2.05 2.04 2.04 2.2 2.4 2.6 4 5.47 6.89
0 0 0 0 0 0 0 0 0 0 0 0 0 0 0 0 0 0 0 0 0 0 0 0 0 0 0 0 0 0 0 0 0.27 0.4 0.4 0.61 0.72 0.72 0.86 1 1.1 1.15 1.15 1.38 1.49 1.49 1.73 1.85 1.85 1.88 1.9 1.9 1.93 1.96 1.97 1.98 1.98 2 2.01 2.01 2.05 2.06 2.06 1.95 1.9 1.89 1.89 1.89 2 2.06 2.14 2.17 2.19 2.43 2.71 2.99 4.25 5.55 6.8
0 0 0 0 0 0 0 0 0 0 0 0 0 0 0 0 0 0 0 0 0 0 0 0 0 0 0 0 0 0 0 0.27 0.4 0.4 0.61 0.72 0.72 0.86 1 1.1 1.15 1.15 1.38 1.49 1.49 1.73 1.85 1.85 1.88 1.9 1.9 1.93 1.96 1.97 1.98 1.98 2 2.01 2.01 2.05 2.06 2.06 1.95 1.9 1.89 1.89 1.89 2 2.06 2.05 2.18 2.26 2.34 2.66 3.03 3.41 4.46 5.54 6.59
0 0 0 0 0 0 0 0 0 0 0 0 0 0 0 0 0 0 0 0 0 0 0 0 0 0 0 0 0 0 0.27 0.4 0.4 0.61 0.72 0.72 0.86 1 1.1 1.15 1.15 1.38 1.49 1.49 1.73 1.85 1.85 1.88 1.9 1.9 1.93 1.96 1.97 1.98 1.98 2 2.01 2.01 2.05 2.06 2.06 1.95 1.89 1.89 1.89 1.89 2 2.05 2.05 2.17 2.22 2.35 2.49 2.89 3.35 3.82 4.66 5.53 6.37
0 0 0 0 0 0 0 0 0 0 0 0 0 0 0 0 0 0 0 0 0 0 0 0 0 0 0 0 0 0.27 0.4 0.4 0.61 0.72 0.72 0.86 1 1.1 1.15 1.15 1.38 1.49 1.49 1.73 1.85 1.85 1.88 1.9 1.9 1.93 1.96 1.97 1.98 1.98 2 2.01 2.01 2.05 2.06 2.06 1.95 1.89 1.89 1.89 1.89 2 2.05 2.05 2.17 2.23 2.24 2.43 2.62 3.1 3.65 4.2 4.86 5.52 6.17
0 0 0 0 0 0 0 0 0 0 0 0 0 0 0 0 0 0 0 0 0 0 0 0 0 0 0 0 0.27 0.4 0.4 0.61 0.72 0.72 0.86 1 1.1 1.15 1.15 1.38 1.49 1.49 1.73 1.85 1.85 1.88 1.9 1.9 1.93 1.96 1.97 1.98 1.98 2 2.01 2.01 2.05 2.06 2.06 1.95 1.89 1.89 1.89 1.89 2 2.05 2.05 2.18 2.23 2.24 2.29 2.31 2.49 3.01 3.62 4.22 4.85 5.48 6.1
0 0 0 0 0 0 0 0 0 0 0 0 0 0 0 0 0 0 0 0 0 0 0 0 0 0 0 0.27 0.4 0.4 0.61 0.72 0.72 0.86 1 1.1 1.15 1.15 1.38 1.49 1.49 1.73 1.85 1.85 1.88 1.9 1.9 1.93 1.96 1.97 1.98 1.98 2 2.01 2.01 2.05 2.06 2.06 1.95 1.89 1.89 1.89 1.89 2 2.05 2.05 2.18 2.24 2.24 2.25 2.25 2.19 2.36 2.93 3.59 4.25 4.85 5.45 6.03
0 0 0 0 0 0 0 0 0 0 0 0 0 0 0 0 0 0 0 0 0 0 0 0 0 0 0.27 0.4 0.4 0.61 0.72 0.72 0.86 1 1.1 1.15 1.15 1.38 1.49 1.49 1.73 1.85 1.85 1.88 1.9 1.9 1.93 1.96 1.97 1.98 1.98 2 2.01 2.01 2.05 2.06 2.06 1.95 1.89 1.89 1.89 1.89 2 2.05 2.05 2.18 2.24 2.24 2.22 2.22 2.19 2.23 2.23 2.84 3.56 4.27 4.84 5.41 5.96
0 0 0 0 0 0 0 0 0 0 0 0 0 0 0 0 0 0 0 0 0 0 0 0 0 0.27 0.4 0.4 0.61 0.72 0.72 0.86 1 1.1 1.15 1.15 1.38 1.49 1.49 1.73 1.85 1.85 1.88 1.9 1.9 1.93 1.96 1.97 1.98 1.98 2 2.01 2.01 2.05 2.06 2.06 1.95 1.89 1.89 1.89 1.89 2 2.05 2.05 2.18 2.24 2.24 2.22 2.21 2.19 2.19 2.19 2.15 2.72 3.39 4.06 4.69 5.32 5.92
0 0 0 0 0 0 0 0 0 0 0 0 0 0 0 0 0 0 0 0 0 0 0 0 0.27 0.4 0.4 0.61 0.72 0.72 0.86 1 1.1 1.15 1.15 1.38 1.49 1.49 1.73 1.85 1.85 1.88 1.9 1.9 1.93 1.96 1.97 1.98 1.98 2 2.01 2.01 2.05 2.06 2.06 1.95 1.89 1.89 1.89 1.89 2 2.05 2.05 2.18 2.24 2.24 2.21 2.2 2.19 2.18 2.17 2.15 2.49 2.59 3.21 3.83 4.53 5.22 5.88
0 0 0 0 0 0 0 0 0 0 0 0 0 0 0 0 0 0 0 0 0 0 0 0.27 0.4 0.4 0.61 0.72 0.72 0.86 1 1.1 1.15 1.15 1.38 1.49 1.49 1.73 1.85 1.85 1.88 1.9 1.9 1.93 1.96 1.97 1.98 1.98 2 2.01 2.01 2.05 2.06 2.06 1.95 1.89 1.89 1.89 1.89 2 2.05 2.05 2.18 2.24 2.24 2.21 2.2 2.19 2.17 2.16 2.15 2.41 2.59 2.95 3.04 3.61 4.36 5.13 5.85
0 0 0 0 0 0 0 0 0 0 0 0 0 0 0 0 0 0 0 0 0 0 0.27 0.4 0.4 0.61 0.72 0.72 0.86 1 1.1 1.15 1.15 1.38 1.49 1.49 1.73 1.85 1.85 1.88 1.9 1.9 1.93 1.96 1.97 1.98 1.98 2 2.01 2.01 2.05 2.06 2.06 1.95 1.89 1.89 1.89 1.89 2 2.05 2.05 2.18 2.24 2.24 2.21 2.19 2.19 2.16 2.15 2.15 2.38 2.59 2.88 3.01 2.98 3.46 4.19 4.93 5.63
0 0 0 0 0 0 0 0 0 0 0 0 0 0 0 0 0 0 0 0 0 0.27 0.4 0.4 0.61 0.72 0.72 0.86 1 1.1 1.15 1.15 1.38 1.49 1.49 1.73 1.85 1.85 1.88 1.9 1.9 1.93 1.96 1.97 1.98 1.98 2 2.01 2.01 2.05 2.06 2.06 1.95 1.89 1.89 1.89 1.89 2 2.05 2.05 2.18 2.24 2.24 2.21 2.19 2.19 2.16 2.15 2.15 2.37 2.59 2.86 2.99 2.98 3.24 3.33 4.01 4.71 5.36
0 0 0 0 0 0 0 0 0 0 0 0 0 0 0 0 0 0 0 0 0.27 0.4 0.4 0.61 0.72 0.72 0.86 1 1.1 1.15 1.15 1.38 1.49 1.49 1.73 1.85 1.85 1.88 1.9 1.9 1.93 1.96 1.97 1.98 1.98 2 2.01 2.01 2.05 2.06 2.06 1.95 1.89 1.89 1.89 1.89 2 2.05 2.05 2.18 2.24 2.24 2.21 2.19 2.19 2.16 2.15 2.15 2.37 2.59 2.86 2.99 2.98 3.17 3.26 3.2 3.83 4.48 5.09
0 0 0 0 0 0 0 0 0 0 0 0 0 0 0 0 0 0 0 0.27 0.4 0.4 0.61 0.72 0.72 0.86 1 1.1 1.15 1.15 1.38 1.49 1.49 1.73 1.85 1.85 1.88 1.9 1.9 1.93 1.96 1.97 1.98 1.98 2 2.01 2.01 2.05 2.06 2.06 1.95 1.89 1.89 1.89 1.89 2 2.05 2.05 2.18 2.24 2.24 2.21 2.19 2.19 2.16 2.15 2.15 2.37 2.59 2.85 2.98 2.98 3.15 3.23 3.2 3.66 3.79 4.33 4.83
0 0 0 0 0 0 0 0 0 0 0 0 0 0 0 0 0 0 0.27 0.4 0.4 0.61 0.72 0.72 0.86 1 1.1 1.15 1.15 1.38 1.49 1.49 1.73 1.85 1.85 1.88 1.9 1.9 1.93 1.96 1.97 1.98 1.98 2 2.01 2.01 2.05 2.06 2.06 1.95 1.89 1.89 1.89 1.89 2 2.05 2.05 2.18 2.24 2.24 2.21 2.19 2.19 2.16 2.15 2.15 2.37 2.59 2.85 2.98 2.98 3.14 3.22 3.2 3.63 3.81 3.83 4.22 4.57
0 0 0 0 0 0 0 0 0 0 0 0 0 0 0 0 0 0.27 0.4 0.4 0.61 0.72 0.72 0.86 1 1.1 1.15 1.15 1.38 1.49 1.49 1.73 1.85 1.85 1.88 1.9 1.9 1.93 1.96 1.97 1.98 1.98 2 2.01 2.01 2.05 2.06 2.06 1.95 1.89 1.89 1.89 1.89 2 2.05 2.05 2.18 2.24 2.24 2.21 2.19 2.19 2.16 2.15 2.15 2.37 2.59 2.85 2.98 2.98 3.13 3.21 3.2 3.62 3.82 3.83 4.05 4.1 4.32
0 0 0 0 0 0 0 0 0 0 0 0 0 0 0 0 0.27 0.4 0.4 0.61 0.72 0.72 0.86 1 1.1 1.15 1.15 1.38 1.49 1.49 1.73 1.85 1.85 1.88 1.9 1.9 1.93 1.96 1.97 1.98 1.98 2 2.01 2.01 2.05 2.06 2.06 1.95 1.89 1.89 1.89 1.89 2 2.05 2.05 2.18 2.24 2.24 2.21 2.19 2.19 2.16 2.15 2.15 2.37 2.59 2.85 2.98 2.98 3.13 3.2 3.2 3.62 3.83 3.83 4 4.08 4.05 4.15
0 0 0 0 0 0 0 0 0 0 0 0 0 0 0 0.27 0.4 0.4 0.61 0.72 0.72 0.86 1 1.1 1.15 1.15 1.38 1.49 1.49 1.73 1.85 1.85 1.88 1.9 1.9 1.93 1.96 1.97 1.98 1.98 2 2.01 2.01 2.05 2.06 2.06 1.95 1.89 1.89 1.89 1.89 2 2.05 2.05 2.18 2.24 2.24 2.21 2.19 2.19 2.16 2.15 2.15 2.37 2.59 2.85 2.98 2.98 3.13 3.2 3.2 3.62 3.83 3.83 3.99 4.07 4.05 4.09 4.08
0 0 0 0 0 0 0 0 0 0 0 0 0 0 0.27 0.4 0.4 0.61 0.72 0.72 0.86 1 1.1 1.15 1.15 1.38 1.49 1.49 1.73 1.85 1.85 1.88 1.9 1.9 1.93 1.96 1.97 1.98 1.98 2 2.01 2.01 2.05 2.06 2.06 1.95 1.89 1.89 1.89 1.89 2 2.05 2.05 2.18 2.24 2.24 2.21 2.19 2.19 2.16 2.15 2.15 2.37 2.59 2.85 2.98 2.98 3.13 3.2 3.2 3.62 3.83 3.83 3.98 4.06 4.05 4.08 4.08 4.06
