NetLogoInput/pp3_pinchpoints_60.asc
NCOLS 132 
NROWS 191 
XLLCORNER -925625.5599279 
YLLCORNER -56596.5307948138 
CELLSIZE 60 
NODATA_value -9999 
[rows 140 to 167 of 191, columns 63 to 125 of 132]
0.018251 0.01804 0.017815 0.01757 0.017319 0.017062 0.016803 0.016549 0.016304 0.016072 0.015871 0.015699 0.01556 0.015516 0.015619 0.015782 0.015799 0.013221 0.011541 0.013473 0.014293 0.013886 0.012269 0.012107 0.012349 0.012644 0.011943 0.011264 0.01074 0.010539 0.010496 0.010495 0.010518 0.010557 0.010597 0.010635 0.010661 0.01067 0.010775 0.010826 0.010914 0.010982 0.011061 0.011133 0.011144 0.011239 0.011434 0.011499 0.011563 0.011628 0.011693 0.011754 0.011815 0.011875 0.011935 0.011994 0.012053 0.012054 0.012112 0.01223 0.012269 0.012307 0.01234
0.018074 0.017883 0.017673 0.01744 0.017196 0.016946 0.016692 0.016444 0.016205 0.015981 0.015792 0.015639 0.015526 0.015529 0.015706 0.016005 0.016355 0.015162 0.013873 0.013425 0.014023 0.014114 0.013474 0.012689 0.012282 0.012093 0.011759 0.011335 0.010934 0.010649 0.010506 0.01042 0.010382 0.010399 0.010433 0.010477 0.010512 0.010614 0.01067 0.010757 0.010826 0.010907 0.010982 0.011059 0.011133 0.011138 0.011236 0.011434 0.011499 0.011563 0.011628 0.011693 0.011754 0.011815 0.011875 0.011935 0.011994 0.012053 0.012054 0.012112 0.01223 0.012269 0.012307
0.017924 0.017748 0.017551 0.017323 0.017083 0.016833 0.016577 0.016327 0.016087 0.015862 0.015675 0.015524 0.015413 0.015404 0.015496 0.015661 0.015865 0.015368 0.014656 0.013966 0.013938 0.013777 0.013366 0.012788 0.012356 0.012016 0.01166 0.011281 0.010924 0.010633 0.010438 0.010296 0.010207 0.010213 0.01026 0.010333 0.010386 0.010512 0.010599 0.01067 0.010751 0.010826 0.010905 0.010982 0.011058 0.011133 0.011135 0.011234 0.011434 0.011499 0.011563 0.011628 0.011693 0.011754 0.011815 0.011875 0.011935 0.011994 0.012053 0.012054 0.012112 0.01223 0.012269
0.017799 0.017636 0.017447 0.017221 0.016978 0.016723 0.01646 0.016202 0.015954 0.015721 0.015527 0.015368 0.015246 0.015208 0.015219 0.015265 0.015333 0.015152 0.01478 0.014174 0.013877 0.013588 0.013262 0.012812 0.012392 0.011998 0.011631 0.011272 0.010931 0.010627 0.010382 0.010175 0.010004 0.009963 0.010054 0.010225 0.010279 0.01035 0.010512 0.010594 0.01067 0.010749 0.010826 0.010904 0.010982 0.011058 0.011133 0.011134 0.011234 0.011434 0.011499 0.011563 0.011628 0.011693 0.011754 0.011815 0.011875 0.011935 0.011994 0.012053 0.012054 0.012112 0.01223
0.017691 0.017541 0.017357 0.017128 0.016879 0.016616 0.016341 0.016071 0.01581 0.015565 0.015358 0.015183 0.015042 0.014962 0.014895 0.014836 0.014774 0.014643 0.014443 0.014148 0.013832 0.013504 0.013162 0.012784 0.012404 0.012023 0.011652 0.011295 0.010952 0.010627 0.010336 0.010055 0.009784 0.009666 0.00982 0.010033 0.010225 0.010252 0.010335 0.010512 0.010592 0.01067 0.010748 0.010826 0.010904 0.010982 0.011058 0.011133 0.011134 0.011234 0.011434 0.011499 0.011563 0.011628 0.011693 0.011754 0.011815 0.011875 0.011935 0.011994 0.012053 0.012054 0.012112
0.017641 0.017497 0.017311 0.017069 0.016802 0.016517 0.01622 0.015925 0.015639 0.01537 0.015139 0.014939 0.014772 0.014661 0.014568 0.014487 0.014412 0.014323 0.014205 0.014035 0.013794 0.013528 0.013242 0.012916 0.012568 0.012203 0.011821 0.011437 0.011057 0.010687 0.010344 0.01 0.009648 0.009129 0.009538 0.00982 0.010026 0.010225 0.010239 0.010328 0.010512 0.010591 0.01067 0.010748 0.010826 0.010904 0.010982 0.011058 0.011133 0.011134 0.011234 0.011434 0.011499 0.011563 0.011628 0.011693 0.011754 0.011815 0.011875 0.011935 0.011994 0.012053 0.012054
0.017627 0.017486 0.017291 0.017028 0.016736 0.016424 0.016096 0.015772 0.015457 0.015158 0.014898 0.01467 0.014476 0.014339 0.014231 0.014146 0.014083 0.014061 0.014038 0.013984 0.013829 0.013635 0.01341 0.01312 0.012786 0.012417 0.01201 0.011587 0.011162 0.01074 0.010353 0.009994 0.009654 0.009477 0.009129 0.009496 0.00982 0.010024 0.010225 0.010232 0.010324 0.010512 0.010591 0.01067 0.010748 0.010826 0.010904 0.010982 0.011058 0.011133 0.011134 0.011234 0.011434 0.011499 0.011563 0.011628 0.011693 0.011754 0.011815 0.011875 0.011935 0.011994 0.012053
0.01766 0.017516 0.017304 0.017011 0.016685 0.016337 0.015972 0.01561 0.015258 0.014923 0.014629 0.01437 0.014147 0.013993 0.013883 0.013813 0.013798 0.013872 0.013959 0.014012 0.013957 0.01385 0.013692 0.013415 0.013073 0.012676 0.012224 0.011749 0.011266 0.010784 0.010366 0.01005 0.009899 0.009654 0.00942 0.009129 0.009482 0.00982 0.010023 0.010225 0.010228 0.010322 0.010512 0.010591 0.01067 0.010748 0.010826 0.010904 0.010982 0.011058 0.011133 0.011134 0.011234 0.011434 0.011499 0.011563 0.011628 0.011693 0.011754 0.011815 0.011875 0.011935 0.011994
0.0178 0.017633 0.017385 0.017039 0.01666 0.016258 0.015844 0.015434 0.015033 0.01465 0.014311 0.014012 0.013756 0.013586 0.013477 0.013437 0.013533 0.013766 0.014024 0.014241 0.014277 0.014236 0.014123 0.013824 0.013437 0.01298 0.012464 0.011924 0.011366 0.010788 0.010262 0.010226 0.01005 0.009868 0.009654 0.009401 0.009129 0.009477 0.00982 0.010023 0.010225 0.010226 0.010321 0.010512 0.010591 0.01067 0.010748 0.010826 0.010904 0.010982 0.011058 0.011133 0.011134 0.011234 0.011434 0.011499 0.011563 0.011628 0.011693 0.011754 0.011815 0.011875 0.011935
0.018005 0.017806 0.017504 0.017088 0.016644 0.016182 0.015713 0.01525 0.014796 0.014358 0.013966 0.013619 0.013323 0.013141 0.013038 0.013034 0.013243 0.013669 0.014158 0.01463 0.014762 0.014767 0.014664 0.014303 0.013841 0.013302 0.012715 0.012105 0.011475 0.010818 0.010699 0.010262 0.010179 0.01005 0.009857 0.009654 0.009395 0.009129 0.009475 0.00982 0.010023 0.010225 0.010226 0.010321 0.010512 0.010591 0.01067 0.010748 0.010826 0.010904 0.010982 0.011058 0.011133 0.011134 0.011234 0.011434 0.011499 0.011563 0.011628 0.011693 0.011754 0.011815 0.011875
0.018332 0.018082 0.017695 0.017173 0.016641 0.016105 0.015576 0.015053 0.014537 0.014033 0.013572 0.013163 0.012814 0.012623 0.01254 0.012585 0.012886 0.013566 0.014409 0.015338 0.015582 0.015594 0.015418 0.014908 0.01431 0.013651 0.012984 0.012296 0.011607 0.010929 0.010873 0.010691 0.010262 0.010164 0.01005 0.009854 0.009654 0.009393 0.009129 0.009475 0.00982 0.010023 0.010225 0.010226 0.010321 0.010512 0.010591 0.01067 0.010748 0.010826 0.010904 0.010982 0.011058 0.011133 0.011134 0.011234 0.011434 0.011499 0.011563 0.011628 0.011693 0.011754 0.011815
0.018891 0.018548 0.017922 0.017253 0.016622 0.016019 0.015435 0.01485 0.014265 0.01368 0.013128 0.012623 0.012179 0.011952 0.012047 0.012323 0.012521 0.013002 0.013963 0.015731 0.016627 0.016873 0.016473 0.015599 0.01477 0.013981 0.01325 0.012526 0.011753 0.01143 0.010929 0.010901 0.010696 0.010262 0.010159 0.01005 0.009853 0.009654 0.009392 0.009129 0.009475 0.00982 0.010023 0.010225 0.010226 0.010321 0.010512 0.010591 0.01067 0.010748 0.010826 0.010904 0.010982 0.011058 0.011133 0.011134 0.011234 0.011434 0.011499 0.011563 0.011628 0.011693 0.011754
0.019475 0.019045 0.018126 0.017308 0.016585 0.015925 0.015293 0.014648 0.01399 0.013314 0.012653 0.012035 0.011473 0.011174 0.011474 0.012095 0.012474 0.012333 0.012872 0.015176 0.017276 0.01812 0.017523 0.016245 0.015184 0.014293 0.013528 0.01276 0.012346 0.011753 0.011371 0.010929 0.010915 0.0107 0.010262 0.010157 0.01005 0.009852 0.009654 0.009392 0.009129 0.009475 0.00982 0.010023 0.010225 0.010226 0.010321 0.010512 0.010591 0.01067 0.010748 0.010826 0.010904 0.010982 0.011058 0.011133 0.011134 0.011234 0.011434 0.011499 0.011563 0.011628 0.011693
0.01963 0.019254 0.018081 0.017227 0.016486 0.015817 0.01516 0.014465 0.013729 0.012936 0.012121 0.011353 0.010645 0.010104 0.0104 0.011596 0.014448 0.012177 0.009511 0.009475 0.01487 0.018015 0.017793 0.016392 0.015332 0.01453 0.013894 0.013394 0.01276 0.012286 0.011753 0.011351 0.010929 0.010922 0.010703 0.010262 0.010156 0.01005 0.009852 0.009654 0.009392 0.009129 0.009475 0.00982 0.010023 0.010225 0.010226 0.010321 0.010512 0.010591 0.01067 0.010748 0.010826 0.010904 0.010982 0.011058 0.011133 0.011134 0.011234 0.011434 0.011499 0.011563 0.011628
0.018983 0.018779 0.017785 0.017033 0.016357 0.015722 0.015059 0.014325 0.013524 0.012635 0.011549 0.010551 0.009693 0.009264 0.009106 0.009652 0.012545 0.012037 0.01047 0.008997 0.013677 0.016732 0.01704 0.016026 0.015248 0.014675 0.014366 0.013894 0.013349 0.01276 0.012266 0.011753 0.011344 0.010929 0.010925 0.010705 0.010262 0.010156 0.01005 0.009852 0.009654 0.009392 0.009129 0.009475 0.00982 0.010023 0.010225 0.010226 0.010321 0.010512 0.010591 0.01067 0.010748 0.010826 0.010904 0.010982 0.011058 0.011133 0.011134 0.011234 0.011434 0.011499 0.011563
0.017714 0.017773 0.017294 0.016752 0.016206 0.015637 0.014982 0.014218 0.013364 0.012393 0.010947 0.009657 0.008642 0.008603 0.007643 0.006583 0.007628 0.01191 0.014791 0.012581 0.013425 0.014534 0.015492 0.015262 0.014985 0.014863 0.014675 0.014312 0.013894 0.013334 0.01276 0.01226 0.011753 0.011342 0.010929 0.010927 0.010706 0.010262 0.010156 0.01005 0.009852 0.009654 0.009392 0.009129 0.009475 0.00982 0.010023 0.010225 0.010226 0.010321 0.010512 0.010591 0.01067 0.010748 0.010826 0.010904 0.010982 0.011058 0.011133 0.011134 0.011234 0.011434 0.011499
0.016532 0.016802 0.016728 0.016461 0.016118 0.015683 0.015056 0.014229 0.013326 0.012392 0.011174 0.009304 0.006875 0.007175 0.00682 0.006172 0.006032 0.01044 0.014231 0.01367 0.013731 0.014058 0.014589 0.014595 0.014542 0.014763 0.014711 0.014675 0.014294 0.013894 0.013329 0.01276 0.012258 0.011753 0.011341 0.010929 0.010928 0.010706 0.010262 0.010156 0.01005 0.009852 0.009654 0.009392 0.009129 0.009475 0.00982 0.010023 0.010225 0.010226 0.010321 0.010512 0.010591 0.01067 0.010748 0.010826 0.010904 0.010982 0.011058 0.011133 0.011134 0.011234 0.011434
0.015574 0.016009 0.016238 0.01623 0.016111 0.015857 0.015323 0.014373 0.013287 0.012184 0.01115 0.009059 0.00595 0.006189 0.006424 0.006492 0.005844 0.009511 0.013146 0.013811 0.013645 0.01362 0.013863 0.014002 0.01438 0.014542 0.014652 0.014645 0.014675 0.014288 0.013894 0.013328 0.01276 0.012257 0.011753 0.011341 0.010929 0.010929 0.010707 0.010262 0.010156 0.01005 0.009852 0.009654 0.009392 0.009129 0.009475 0.00982 0.010023 0.010225 0.010226 0.010321 0.010512 0.010591 0.01067 0.010748 0.010826 0.010904 0.010982 0.011058 0.011133 0.011134 0.011234
0.014934 0.015468 0.015857 0.016084 0.016217 0.01621 0.01586 0.014703 0.013244 0.011678 0.010754 0.008959 0.006236 0.005848 0.006622 0.007807 0.007603 0.009373 0.011404 0.012647 0.012993 0.013204 0.013379 0.013748 0.014002 0.014308 0.014542 0.014597 0.014615 0.014675 0.014286 0.013894 0.013327 0.01276 0.012257 0.011753 0.011341 0.010929 0.010929 0.010707 0.010262 0.010156 0.01005 0.009852 0.009654 0.009392 0.009129 0.009475 0.00982 0.010023 0.010225 0.010226 0.010321 0.010512 0.010591 0.01067 0.010748 0.010826 0.010904 0.010982 0.011058 0.011133 0.011134
0.014537 0.015102 0.015589 0.016024 0.016455 0.016855 0.017129 0.01638 0.014198 0.009794 0.008794 0.007726 0.006276 0.006665 0.007449 0.008332 0.008558 0.00963 0.010887 0.011958 0.012442 0.01276 0.013115 0.013379 0.01371 0.014002 0.014284 0.014542 0.014569 0.0146 0.014675 0.014285 0.013894 0.013327 0.01276 0.012257 0.011753 0.011341 0.010929 0.010929 0.010707 0.010262 0.010156 0.01005 0.009852 0.009654 0.009392 0.009129 0.009475 0.00982 0.010023 0.010225 0.010226 0.010321 0.010512 0.010591 0.01067 0.010748 0.010826 0.010904 0.010982 0.011058 0.011133
0.01421 0.014778 0.015334 0.015957 0.016689 0.017531 0.018559 0.01843 0.015609 0.008146 0.006853 0.006469 0.00643 0.00753 0.008234 0.008705 0.009245 0.009941 0.010698 0.011477 0.011984 0.012395 0.01276 0.013085 0.013379 0.013697 0.014002 0.014276 0.014542 0.014555 0.014593 0.014675 0.014285 0.013894 0.013327 0.01276 0.012257 0.011753 0.011341 0.010929 0.010929 0.010707 0.010262 0.010156 0.01005 0.009852 0.009654 0.009392 0.009129 0.009475 0.00982 0.010023 0.010225 0.010226 0.010321 0.010512 0.010591 0.01067 0.010748 0.010826 0.010904 0.010982 0.011058
0.013949 0.01448 0.015054 0.015825 0.016837 0.018139 0.020042 0.020796 0.017761 0.00791 0.005815 0.00576 0.007039 0.007902 0.008559 0.009087 0.009615 0.010185 0.01076 0.011321 0.011594 0.011984 0.01238 0.01276 0.013075 0.013379 0.013693 0.014002 0.014273 0.014542 0.014548 0.01459 0.014675 0.014285 0.013894 0.013327 0.01276 0.012257 0.011753 0.011341 0.010929 0.010929 0.010707 0.010262 0.010156 0.01005 0.009852 0.009654 0.009392 0.009129 0.009475 0.00982 0.010023 0.010225 0.010226 0.010321 0.010512 0.010591 0.01067 0.010748 0.010826 0.010904 0.010982
0.013669 0.014112 0.014607 0.01544 0.016663 0.018282 0.020571 0.021798 0.019713 0.011705 0.008398 0.00719 0.007762 0.008447 0.009021 0.009516 0.009965 0.010412 0.010847 0.010969 0.011321 0.011633 0.011984 0.012375 0.01276 0.013071 0.013379 0.013691 0.014002 0.014272 0.014542 0.014545 0.014588 0.014675 0.014285 0.013894 0.013327 0.01276 0.012257 0.011753 0.011341 0.010929 0.010929 0.010707 0.010262 0.010156 0.01005 0.009852 0.009654 0.009392 0.009129 0.009475 0.00982 0.010023 0.010225 0.010226 0.010321 0.010512 0.010591 0.01067 0.010748 0.010826 0.010904
0.013385 0.013702 0.014054 0.014832 0.016239 0.018161 0.020652 0.022089 0.021329 0.01685 0.01238 0.009559 0.008627 0.009118 0.009565 0.009969 0.010306 0.010633 0.010947 0.010897 0.011034 0.011321 0.011646 0.011984 0.012373 0.01276 0.01307 0.013379 0.013691 0.014002 0.014272 0.014542 0.014544 0.014587 0.014675 0.014285 0.013894 0.013327 0.01276 0.012257 0.011753 0.011341 0.010929 0.010929 0.010707 0.010262 0.010156 0.01005 0.009852 0.009654 0.009392 0.009129 0.009475 0.00982 0.010023 0.010225 0.010226 0.010321 0.010512 0.010591 0.01067 0.010748 0.010826
0.013136 0.013202 0.013266 0.01336 0.014986 0.01762 0.020616 0.021659 0.021012 0.018201 0.014429 0.011669 0.010204 0.010172 0.010266 0.010442 0.010641 0.010854 0.010811 0.010947 0.010922 0.011056 0.011321 0.01165 0.011984 0.012372 0.01276 0.01307 0.013379 0.013691 0.014002 0.014272 0.014542 0.014543 0.014587 0.014675 0.014285 0.013894 0.013327 0.01276 0.012257 0.011753 0.011341 0.010929 0.010929 0.010707 0.010262 0.010156 0.01005 0.009852 0.009654 0.009392 0.009129 0.009475 0.00982 0.010023 0.010225 0.010226 0.010321 0.010512 0.010591 0.01067 0.010748
0.012854 0.012741 0.01251 0.012037 0.0127 0.014776 0.019876 0.021212 0.02062 0.018497 0.015486 0.013076 0.011489 0.011087 0.010905 0.010882 0.010953 0.010816 0.010854 0.010871 0.010947 0.010934 0.011064 0.011321 0.011652 0.011984 0.012372 0.01276 0.01307 0.013379 0.013691 0.014002 0.014272 0.014542 0.014542 0.014586 0.014675 0.014285 0.013894 0.013327 0.01276 0.012257 0.011753 0.011341 0.010929 0.010929 0.010707 0.010262 0.010156 0.01005 0.009852 0.009654 0.009392 0.009129 0.009475 0.00982 0.010023 0.010225 0.010226 0.010321 0.010512 0.010591 0.01067
0.012545 0.012313 0.011781 0.010843 0.009525 0.009953 0.018532 0.02075 0.020163 0.017887 0.015688 0.013879 0.012523 0.011881 0.011491 0.011293 0.011043 0.010953 0.010874 0.010854 0.010891 0.010947 0.01094 0.011068 0.011321 0.011652 0.011984 0.012372 0.01276 0.01307 0.013379 0.013691 0.014002 0.014272 0.014542 0.014542 0.014586 0.014675 0.014285 0.013894 0.013327 0.01276 0.012257 0.011753 0.011341 0.010929 0.010929 0.010707 0.010262 0.010156 0.01005 0.009852 0.009654 0.009392 0.009129 0.009475 0.00982 0.010023 0.010225 0.010226 0.010321 0.010512 0.010591
0.011196 0.010906 0.013513 0.009635 0.007228 0.007685 0.016324 0.019201 0.019252 0.017209 0.015459 0.014018 0.012908 0.012276 0.011844 0.011542 0.011293 0.011096 0.010953 0.010894 0.010854 0.010897 0.010947 0.010944 0.01107 0.011321 0.011652 0.011984 0.012372 0.01276 0.01307 0.013379 0.013691 0.014002 0.014272 0.014542 0.014542 0.014586 0.014675 0.014285 0.013894 0.013327 0.01276 0.012257 0.011753 0.011341 0.010929 0.010929 0.010707 0.010262 0.010156 0.01005 0.009852 0.009654 0.009392 0.009129 0.009475 0.00982 0.010023 0.010225 0.010226 0.010321 0.010512
