NetLogoInput/pp3_resistance_60.asc
NCOLS 132 
NROWS 191 
XLLCORNER -925625.5599279 
YLLCORNER -56596.5307948139 
CELLSIZE 60 
NODATA_value -9999 
[rows 37 to 73 of 191, columns 0 to 83 of 132]
4.689979 5.455059 5.465918 5.476778 5.007338 4.772618 4.772619 6.676777 8.580935 6.505379 4.429823 3.212445 1.995068 1.497534 1 1 1 1 1 1 1 1 1 1 1 1 1 1 1 1 1 1 1 1 1 1 1 1 1 1 1 1 1 1 1 1 1 1 1 1 1 1 1 1 1 1 1 1 1 1 1 1 1 1 2.016324 2.982792 3.672448 2.607625 1.667912 1 1 1 1 1 1 1 1 1 1 1 1 1 1 1
3.9249 4.689979 5.455059 5.465918 5.476778 5.007337 4.772616 4.772619 6.676777 8.580935 6.505379 4.429823 3.212445 1.995068 1.497534 1 1 1 1 1 1 1 1 1 1 1 1 1 1 1 1 1 1 1 1 1 1 1 1 1 1 1 1 1 1 1 1 1 1 1 1 1 1 1 1 1 1 1 1 1 1 1 1 1 1 1 1 1 1 1 1 1 1 1 1 1 1 1 1 1 1 1 1 1
5.107973 3.9249 4.689979 5.455059 5.465918 5.476778 5.007336 4.772614 4.772619 6.676777 8.580935 6.505379 4.429823 3.212445 1.995068 1.497534 1 1 1 1 1 1 1 1 1 1 1 1 1 1 1 1 1 1 1 1 1 1 1 1 1 1 1 1 1 1 1 1 1 1 1 1 1 1 1 1 1 1 1 1 1 1 1 1 1 1 1 1 1 1 1 1 1 1 1 1 1 1 1 1 1 1 1 1
6.291046 5.107973 3.9249 4.689979 5.455059 5.465918 5.476778 5.007333 4.772608 4.772619 6.676777 8.580935 6.505379 4.429823 3.212445 1.995068 1.497534 1 1 1 1 1 1 1 1 1 1 1 1 1 1 1 1 1 1 1 1 1 1 1 1 1 1 1 1 1 1 1 1 1 1 1 1 1 1 1 1 1 1 1 1 1 1 1 1 1 1 1 1 1 1 1 1 1 1 1 1 1 1 1 1 1 1 1
6.956366 6.291046 5.107973 3.9249 4.689979 5.455059 5.465918 5.476778 5.007328 4.772597 4.772619 6.676777 8.580935 6.505379 4.429823 3.212445 1.995068 1.497533 1 1 1 1 1 1 1 1 1 1 1 1 1 1 1 1 1 1 1 1 1 1 1 1 1 1 1 1 1 1 1 1 1 1 1 1 1 1 1 1 1 1 1 1 1 1 1 1 1 1 1 1 1 1 1 1 1 1 1 1 1 1 1 1 1 1
7.621686 6.956366 6.291046 5.107973 3.9249 4.689979 5.455059 5.465918 5.476778 5.007317 4.772576 4.772619 6.676777 8.580935 6.505378 4.429823 3.212444 1.995068 1.497531 1 1 1 1 1 1 1 1 1 1 1 1 1 1 1 1 1 1 1 1 1 1 1 1 1 1 1 1 1 1 1 1 1 1 1 1 1 1 1 1 1 1 1 1 1 1 1 1 1 1 1 1 1 1 1 1 1 1 1 1 1 1 1 1 1
7.988893 7.621686 6.956366 6.291046 5.107973 3.9249 4.689979 5.455059 5.465918 5.476778 5.007295 4.772533 4.772619 6.676776 8.580935 6.505376 4.429823 3.21244 1.995068 1.497526 1 1 1 1 1 1 1 1 1 1 1 1 1 1 1 1 1 1 1 1 1 1 1 1 1 1 1 1 1 1 1 1 1 1 1 1 1 1 1 1 1 1 1 1 1 1 1 1 1 1 1 1 1 1 1 1 1 1 1 1 1 1 1 1
8.3561 7.988893 7.621686 6.956366 6.291046 5.107973 3.9249 4.689979 5.455059 5.465918 5.476778 5.007252 4.772446 4.772619 6.676773 8.580935 6.505369 4.429823 3.21243 1.995068 1.497509 1 1 1 1 1 1 1 1 1 1 1 1 1 1 1 1 1 1 1 1 1 1 1 1 1 1 1 1 1 1 1 1 1 1 1 1 1 1 1 1 1 1 1 1 1 1 1 1 1 1 1 1 1 1 1 1 1 1 1 1 1 1 1
8.356094 8.3561 7.988893 7.621686 6.956366 6.291046 5.107973 3.9249 4.689979 5.455059 5.465918 5.476778 5.007166 4.772274 4.772619 6.676765 8.580935 6.50535 4.429823 3.2124 1.995068 1.497458 1 1 1 1 1 1 1 1 1 1 1 1 1 1 1 1 1 1 1 1 1 1 1 1 1 1 1 1 1 1 1 1 1 1 1 1 1 1 1 1 1 1 1 1 1 1 1 1 1 1 1 1 1 1 1 1 1 1 1 1 1 1
7.971955 8.356088 8.3561 7.988893 7.621686 6.956366 6.291046 5.107973 3.9249 4.689979 5.455059 5.465917 5.476778 5.006994 4.771929 4.772619 6.67674 8.580935 6.505292 4.429823 3.21231 1.995068 1.497307 1 1 1 1 1 1 1 1 1 1 1 1 1 1 1 1 1 1 1 1 1 1 1 1 1 1 1 1 1 1 1 2.714064 3.450373 3.085365 1.52296 1 1 1 1 1 1 1 1 1 1 1 1 1 1 1 1 1 1 1 1 19.187855 44.229927 62.442532 67.708878 69.976807 72.244606
7.203683 7.971949 8.356076 8.3561 7.988893 7.621686 6.956366 6.291046 5.107973 3.9249 4.689978 5.455059 5.465914 5.476778 5.006649 4.77124 4.772619 6.676667 8.580935 6.505118 4.429823 3.212039 1.995068 1.496852 1 1 1 1 1 1 1 1 1 1 1 1 1 1 1 1 1 1 1 1 1 1 1 1 1 1 1 1 1 1 6.319833 8.483265 7.160743 2.544967 1.000487 1.000985 1.000735 1.001125 1.001315 1.000934 1.000306 1 1 1 1 1 1 1 1 1 1 1.115139 1.326787 1.468154 51.365189 119.973076 169.771683 184.119659 190.257065 196.394135
8.601841 7.203683 7.971937 8.356053 8.3561 7.988893 7.621686 6.956365 6.291046 5.107972 3.9249 4.689975 5.455059 5.465906 5.476778 5.005959 4.769862 4.772619 6.676447 8.580935 6.504595 4.429823 3.211225 1.995068 1.495487 1 1 1 1 1 1 1 1 1 1 1 1 1 1 1 1 1 1 1 1 1 1 1 1 1 1 1 1 1 136.622421 170.934647 104.764755 27.021721 1.095676 1.193739 1.144478 1.221083 1.258549 1.183689 1.060065 1 1 1 1 1 1 1 1 1 1 23.636515 65.246803 93.039719 244.096802 433.759033 552.323425 576.428223 578.656189 580.884033
10 8.601841 7.203683 7.971913 8.356005 8.3561 7.988892 7.621686 6.956364 6.291046 5.107969 3.9249 4.689967 5.455059 5.465882 5.476778 5.004578 4.767105 4.772619 6.675786 8.580935 6.503026 4.429823 3.208783 1.995068 1.491392 1 1 1 1 1 1 1 1 1 1 1 1 1 1 1 1 1 1 1 1 1 1 1 1 1 1 1 1 153.564621 191.824539 116.861214 30.055223 1.863131 2.71041 2.108238 2.460915 2.59357 1.999401 1.323801 1 1 1 1 1 1 1 1 1 17.902861 100.637558 235.609192 309.906097 475.747589 663.763306 778.436035 800 800 800
10 10 8.601841 7.203683 7.971865 8.355909 8.3561 7.988891 7.621686 6.956361 6.291046 5.10796 3.9249 4.689943 5.455059 5.465809 5.476778 5.001809 4.76159 4.772619 6.673803 8.580935 6.498321 4.429823 3.201458 1.995068 1.479107 1 1 1 1 1 1 1 1 1 1 1 1 1 1 1 1 1 1 1 1 1 1 1 1 1 1 1 20.307325 25.149185 15.662443 4.676991 3.521319 5.981238 4.158497 5.052052 5.35663 3.653763 1.857801 1 1 1 1 1 1 1 1 1 57.201561 249.822723 547.004883 692.78479 758.965271 782.758972 797.271057 800 800 800
10 10 10 8.601841 7.203683 7.97177 8.355718 8.3561 7.988887 7.621686 6.956352 6.291046 5.107934 3.9249 4.68987 5.455059 5.46559 5.476778 4.996248 4.750561 4.772619 6.667854 8.580935 6.484204 4.429823 3.179483 1.995068 1.442252 1 1 1 1 1 1 1 1 1 1 1 1 1 1 1 1 1 1 1 1 1 1 1 1 1 1 1 1 1 1 3.705487 6.326575 4.292556 3.673944 3.174272 2.322518 1.42744 1 1 1 1 1.078672 1.408367 26.870388 53.387897 72.091766 264.002258 483.761078 704.985046 776.350769 800 800 800 800 800 800
10 10 10 10 8.601841 7.203683 7.971578 8.355335 8.3561 7.988876 7.621686 6.956324 6.291046 5.107857 3.9249 4.689652 5.455059 5.464932 5.476778 4.985033 4.728504 4.772619 6.650008 8.580935 6.441854 4.429823 3.113559 1.995068 1.331689 1 1 1 1 1 1 1 1 1 1 1 1 1 1 1 1 1 1 1 1 1 1 1 1 1 1 1 1 1 3.185502 5.290264 3.594161 1.984699 1 1 1 1 1 1 7.027348 15.446258 21.892492 108.666336 194.818222 249.530991 498.522766 686.960999 800 800 800 800 800 800 800 800
10 10 10 10 10 8.60184 7.203683 7.971196 8.35457 8.3561 7.988841 7.621686 6.95624 6.291046 5.107625 3.9249 4.688997 5.455059 5.46296 5.476778 4.962231 4.68439 4.772619 6.596469 8.580935 6.314804 4.429823 2.915787 1.995068 1 1 1 1 1 1 1 1 1 1 1 1 1 1 1 1 1 1 1 1 1 1 1 1 1 1 1 1 1 1.497709 1.977031 1.590774 1.224248 1 1 1 1 1 1 28.544947 66.502022 93.793388 322.925385 542.274719 669.325623 731.343933 774.257385 800 800 800 800 800 800 800 800
10 10 10 10 10 10 8.601838 7.203683 7.970431 8.35304 8.3561 7.988737 7.621686 6.955987 6.291046 5.106928 3.9249 4.687032 5.455059 5.457042 5.476778 4.915138 4.59616 4.772619 6.435853 8.580935 5.933653 4.429823 2.322471 1 1 1 1 1 1 1 1 1 1 1 1 1 1 1 1 1 1 1 1 1 1 1 1 1 1 1 1 1 1 1 1 1.124133 1.189909 1.112711 1.036355 1 3.028822 24.320858 158.895172 324.598907 409.132294 571.40332 714.24585 796.198914 800 800 800 800 775.83197 743.891296 725.24707 719.528381 716.620728 713.4198
10 10 10 10 10 10 10 8.601831 7.203683 7.9689 8.349981 8.3561 7.988424 7.621686 6.955228 6.291046 5.104839 3.9249 4.681136 5.455059 5.439288 5.476778 4.814996 4.419702 4.772619 5.954004 8.580935 4.790199 2.345615 1 1 1 1 1 1 1 1 1 1 1 1 1 1 1 1 1 1 1 1 1 1 1 1 1 1 1 1 1 1 1 1 1.529609 1.798308 1.437564 1.175406 2.952083 13.31911 87.680664 343.205261 638.939026 774.316833 800 800 800 800 800 799.375183 792.930786 722.097046 632.299622 583.443298 569.689697 563.598145 556.754944
10 10 10 10 10 10 10 10 8.601809 7.203683 7.965836 8.343861 8.3561 7.987486 7.621686 6.952952 6.291046 5.098572 3.9249 4.663448 5.455059 5.386026 5.476778 4.590885 4.066785 4.772619 4.508456 2.712235 1.592588 1 1 1 1 1 1 1 1 1 1 1 1 1 1 1 1 1 1 1 1 1 1 1 1 1 1 1 1 1 1 1 1 3.468967 4.673589 2.865574 1.899402 17.955133 73.170097 353.521393 583.972778 750.408569 792.092041 800 800 800 800 800 794.573181 738.599182 538.262329 306.649963 202.371429 181.087234 178.095032 173.609406
9.992308 10 10 10 10 9.999999 10 10 10 8.601745 7.203683 7.959702 8.331623 8.3561 7.984672 7.621686 6.946123 6.291046 5.07977 3.9249 4.610384 5.455059 5.226242 5.476778 4.047357 3.360951 2.098669 1.510122 1.166793 1 1 1 1 1 1 1 1 1 1 1 1 1 1 1 1 1 1 1 1 1 1 1.000655 1.000852 1.00004 1 1 1 1 1 1 1 3.157476 4.26172 2.8175 16.906982 108.590988 282.308472 571.409912 729.473816 800 800 800 800 800 776.217407 758.166016 733.174072 585.555786 362.536896 144.674698 61.26989 46.040863 46.052357 45.181805
9.976925 9.992308 10 10 10 10 9.999998 10 10 10 8.601553 7.203683 7.947403 8.307147 8.3561 7.976229 7.621686 6.925637 6.291046 5.023363 3.9249 4.451192 5.455059 4.74689 5.476778 2.579079 1.021424 1.009947 1.003252 1 1 1 1 1 1 1 1 1 1 1 1 1 1 1 1 1 1 1 1 1 1 1.001836 1.002388 1.000113 1 1 1 1 1 1 1 1.04207 1.215409 1.586437 43.361954 259.841766 611.091248 750.867798 798.624756 800 800 800 800 800 733.374573 682.804688 626.415955 353.401123 193.310562 113.874138 112.489418 114.203682 117.142181 120.894539
9.653496 9.976925 9.992308 10 10 10 10 9.999994 10 10 10 8.600975 7.203683 7.922683 8.258195 8.3561 7.9509 7.621686 6.864179 6.291046 4.854144 3.9249 3.973617 5.455059 3.308834 1.783538 1 1 1 1 1 1 1 1 1 1 1 1 1 1 1 3.153781 4.174566 2.461901 1.461434 1 1 1 1 1.673169 4.53424 3.612397 2.085656 1.051417 1 1 1 1 1 1 1 1.183297 11.051273 36.630741 282.591461 522.786804 731.117676 782.790466 800 800 800 768.136597 736.929382 718.855774 491.063873 347.273041 297.619476 331.843597 348.202606 353.926422 354.019531 324.70816 296.881714 282.38324
9.330066 9.653496 9.976925 9.992308 10 10 10 10 9.999983 10 10 10 8.599242 7.203683 7.872754 8.16029 8.3561 7.874914 7.621686 6.679804 6.291046 4.346485 3.9249 2.540893 1.734424 1.23035 1 1 1 1 1 1 1 1 1 1 1 1 1 1 1 4.550618 6.220901 3.364244 1.744749 1 1 1 1 2.0893 6.718996 5.199549 2.720676 1.081491 1 1 1 1 1.045822 1.108102 1.149142 9.074468 65.307693 197.222763 507.721924 711.280029 800 800 800 796.327454 780.936584 661.86499 553.394409 501.357788 269.637146 150.642471 159.566422 337.520294 432.269012 472.684143 471.695221 393.109589 319.544159 282.920502
6.862022 9.330066 9.653497 9.976925 9.992308 10 10 10 10 9.999949 10 10 10 8.594044 7.203683 7.770944 7.96448 8.3561 7.646956 7.621686 6.126681 6.291046 2.823508 1.296326 1.106651 1.033451 1 1 1 1 1 1 1 1 1 1 1 1 1 1 1 4.771744 6.515896 3.401341 1.752758 1 1 1 1 2.107928 6.816793 5.206124 2.665234 1.078866 1 1 1 1 1.158932 1.374947 1.517291 28.278811 184.409668 541.094543 705.808777 787.116333 800 800 800 787.261963 733.879456 447.278198 194.842865 86.049011 84.820908 165.733383 308.226624 376.914124 402.67392 405.256287 401.826294 248.598465 108.30928 44.552685
4.393981 6.86202 9.330066 9.653501 9.976925 9.992308 10 10 10 10 9.999847 10 10 10 8.57845 7.203683 7.559514 7.57286 8.3561 6.963082 7.621686 4.46731 1.961837 1.049896 1 1 1 1 1 1 1 1 1 1 1 1 1 1 1 1 1 2.955364 3.852226 2.218068 1.380895 1 1 1 2.646437 4.674974 5.232941 3.490359 1.783109 1.037088 1 1 1 1 2.669708 8.385488 24.425486 213.233582 451.049011 702.092224 771.36853 800 800 800 780.199829 702.682678 472.551819 236.644318 77.370224 44.287357 179.644897 237.377411 217.462402 196.690781 188.591583 186.773132 184.954803 106.489235 34.779163 2.445772
3.200378 4.393981 6.862014 9.330066 9.653511 9.976925 9.992308 10 10 10 10 9.999542 10 10 10 8.531666 7.203683 7.105415 6.78962 8.3561 4.911461 2.643339 1.298784 1.0155 1 1 1.057352 1.704532 1.620429 1.223525 1.036691 1.54077 1.781761 1.303746 1.093823 1 1 1 1 1 1 1.244498 1.349501 1.126225 1.03854 1 1.070517 1.837401 4.878561 7.27393 3.823584 1.940301 1.003356 1.004257 1.00144 1 1 1 6.187366 34.140785 127.002495 433.05542 692.86438 795.088379 800 800 799.691345 796.452087 723.057922 559.858826 221.892395 80.980438 47.411343 112.88134 308.345367 298.5401 109.129486 27.913462 1 1 1 1 1 1
2.006781 3.200371 4.393981 6.861995 9.330066 9.653543 9.976925 9.992309 10 10 10 10 9.998625 10 10 10 8.391315 7.203683 6.072258 5.223141 2.653301 1.556903 1.072413 1.003757 1 1 1.282164 4.466186 4.052411 2.099705 1.180512 3.660504 4.846139 2.494384 1.461596 1 1 1 1 1 1 1.059257 1.084705 1.030592 1.009341 1 1.346931 5.119881 7.836946 8.443218 3.928619 1.903292 1.01651 1.020944 1.007083 1 1 1 14.729604 110.598 448.730621 655.637207 774.034607 798.809631 800 800 798.481445 782.544678 568.716003 292.094147 130.422653 83.458015 128.918762 280.47818 368.857086 295.304871 92.569984 23.791798 1 1 1 1 1 1
4.076356 2.006781 3.20035 4.393981 6.861937 9.330066 9.653638 9.976925 9.99231 10 10 10 10 9.995876 10 10 10 7.970262 7.203683 3.506108 1.640699 1.118958 1 1 2.614108 3.686671 4.207181 5.152171 3.903481 25.059612 124.140541 87.050438 32.31905 3.614221 1.367858 1 1 1 1 1 1 1 1 1 1 1 1.253437 4.009615 5.508607 6.006972 5.324322 5.025532 4.087011 1.947869 1.331105 1.05786 1.851748 10.637363 145.433304 364.270599 649.586304 758.430847 800 800 800 795.806091 781.225281 704.250244 523.991577 333.204071 273.387543 263.778412 258.775879 242.206009 236.450027 167.63089 50.018707 13.20077 1 1 1 1 1 1
6.145871 4.076417 2.006781 3.200288 4.393981 6.861764 9.330066 9.653922 9.976925 9.992316 10 10 10 10 9.987627 10 10 10 6.707103 2.559079 1.257729 1 1 1 4.808285 7.332271 8.09179 5.165139 3.075763 52.444023 270.774139 185.386948 63.494804 4.384139 1.083732 1 1 1 1 1 1 1.251249 1.357471 1.123568 1.340324 1.331588 1.120196 1.182916 1.186457 2.301049 7.12422 9.153324 8.12001 3.157728 2.068102 2.029102 7.195047 55.233612 340.817383 674.821655 779.891602 800 800 800 798.91748 783.881836 745.088074 600.773987 528.097656 499.353699 496.645172 495.366272 391.095428 119.628723 36.242241 1 1 1 1 1 1 1 1 1
20.685631 6.145871 4.076598 2.006781 3.200102 4.393981 6.861245 9.330066 9.654774 9.976925 9.992338 10 10 10 10 9.96288 10 10 6.673373 2.497723 1.247587 1 1 1 5.477502 8.383479 9.33346 7.759966 6.803944 29.066208 127.157715 85.539299 28.455101 2.458486 1.026767 1 1 1 1 1 1 3.641541 4.75831 2.29915 4.578039 4.486195 2.129812 1.333187 1.059606 2.223365 7.197011 9.191307 8.104683 3.131473 5.046117 10.544839 47.367031 358.865326 597.689697 759.983521 793.571838 800 800 800 788.618896 722.937744 612.459717 540.737305 508.982147 493.205017 464.728729 451.282898 350.77063 103.679283 31.317106 1 1 1 1 1 1 1 1 1
35.226669 20.684353 6.145871 4.077142 2.006781 3.199545 4.393981 6.859689 9.330066 9.657332 9.976925 9.992428 10 10 10 10 9.888639 8.607933 5.463716 2.09048 1.180266 1 1 1 5.817612 8.902162 9.819731 7.785526 7.745151 14.575306 40.758675 26.202522 8.291245 1.3673 1 1 1 1 1 1 1 3.601291 4.698314 2.269385 4.481009 4.387012 2.239993 3.100581 2.536932 2.655838 7.339539 7.837787 6.777402 4.802318 11.000286 95.995003 268.277283 590.725952 745.858826 800 800 800 798.019775 792.812561 730.87561 639.750732 532.138672 495.381653 480.438507 451.200775 341.595032 297.759247 220.474487 64.147591 19.577665 1 1 1 1 1 1 1 1 1
35.2425 35.226669 20.68052 6.145871 4.078774 2.006781 3.197872 4.393981 6.855019 9.330066 9.665005 9.976925 9.992789 10 10 10 9.678571 5.98195 3.211725 1.376644 1.062263 1 1 1 5.866004 8.948818 9.636422 5.533709 6.216006 7.961695 5.076688 2.77427 1.313226 1.015779 1 1 1 1 1 1 1 1.406628 1.570662 1.17121 1.428087 1.403694 1.552922 6.301378 5.436189 3.540509 7.543881 5.25085 4.287217 7.977459 19.592495 249.639252 649.392578 758.969299 797.674133 800 800 800 794.284241 779.25415 631.077759 536.847778 498.182465 463.039215 443.537872 377.414459 137.607101 47.228603 10.428454 3.712771 1.798082 1 1 1 1 1 1 1 1 1
56.523027 35.25833 35.226669 20.669021 6.145871 4.08367 2.006781 3.192853 4.393981 6.841009 9.330066 9.688023 9.976925 9.994231 10 10 9.593598 4.919739 2.327033 1.135628 1.022421 1 1 1 3.535933 6.432056 8.872321 4.573625 3.889167 4.306137 2.212909 1.350703 1 1 1 1 1 1 105.908516 198.144562 73.057228 21.928701 1.169345 1.047983 3.955437 5.731588 6.450716 8.525925 8.199411 7.399645 9.018497 5.53365 5.593052 13.473014 279.924561 534.360291 747.457092 786.823486 800 800 800 793.211304 748.191467 643.488342 559.525574 502.359192 455.332092 282.144745 199.460587 147.845398 51.161922 14.768547 1 1 1 1 1 1 1 1 1 1 1 1
99.070023 56.537085 35.28999 35.226669 20.634523 6.145871 4.098357 2.006781 3.177796 4.393981 6.798981 9.330066 9.757078 9.976925 10 9.518908 8.275283 3.776655 1.668713 1 1 1 1 1 1.775546 4.010347 6.939795 3.421426 2.113933 1.854461 1.298744 1.082931 1 1 1 1 1 1 136.758987 256.050903 93.888145 27.744978 1 1 5.765495 8.737399 9.620252 8.554414 7.993755 7.773144 7.825473 4.920338 48.516041 169.589096 523.153748 735.266663 800 800 800 800 800 752.619385 667.926575 540.703918 504.675293 442.814545 341.632812 130.009949 32.199429 1 1 1 1 1 1 1 1 1 1 1 1 1 1 1
119.11076 99.070023 56.561658 35.353312 35.226669 20.531029 6.145871 4.142419 2.006781 3.132627 4.393981 6.672896 9.330066 9.964244 10 8.25325 4.936044 2.38183 1.274763 1 1 1 1 1 1.126493 1.940121 3.146317 1.856923 1.299394 1.139364 1.048725 1.013526 1 1 1 1 1 1 38.795033 71.777779 25.656467 7.83796 1 1 5.978104 9.026804 9.543305 5.076394 2.956877 2.234294 2.184704 2.625699 159.017365 571.159363 719.197571 789.441895 800 800 800 800 800 657.421448 535.180359 501.072144 474.897705 337.16507 113.074791 36.161888 6.088664 1 1 1 1 1 1 1 1 1 1 1 1 1 1 1
139.217941 119.044317 99.070023 56.596629 35.479955 35.226669 20.220546 6.145871 4.274605 2.006781 2.997119 4.393981 6.294642 6.730548 6.721551 5.323782 2.774228 1.585426 1.09678 1 1 1 1 1 1 1.262328 1.687774 1.269837 1.068752 1 1 1 1 1 1 1 1 1 10.142392 18.042736 6.55246 2.446083 1 1 6.058585 7.750609 5.955711 2.874555 3.274215 5.039599 5.509262 200.526016 453.253815 724.312622 779.178345 800 800 800 800 796.006775 779.154419 511.484955 343.273834 433.877808 318.467957 177.090912 34.010666 9.247364 1 1 1 1 1 1 1 1 1 1 1 1 1 1 1 1
