NetLogoInput/pp3_pinchpoints_90.asc
NCOLS 88 
NROWS 127 
XLLCORNER -925625.5599279 
YLLCORNER -56566.5307948138 
CELLSIZE 90 
NODATA_value -9999 
[rows 29 to 57 of 127, columns 0 to 64 of 88]
0.023684 0.025316 0.026947 0.022225 0.019865 0.01986 0.025798 0.031736 0.026992 0.022246 0.026867 0.031486 0.037208 0.042924 0.037358 0.034593 0.034522 0.032362 0.030211 0.028492 0.026789 0.025442 0.024123 0.023172 0.022319 0.021503 0.02023 0.018673 0.017065 0.015521 0.014098 0.012808 0.011655 0.010745 0.010312 0.010373 0.010506 0.010404 0.010278 0.010296 0.010327 0.010321 0.010347 0.01046 0.010635 0.010796 0.010905 0.010989 0.011105 0.011292 0.011544 0.011856 0.012193 0.012173 0.01161 0.010897 0.010275 0.009816 0.00977 0.010177 0.009871 0.009299 0.008882 0.008929 0.008002
0.021237 0.023684 0.025316 0.026947 0.022227 0.01987 0.01986 0.025798 0.031736 0.026993 0.022246 0.026868 0.031486 0.037213 0.042924 0.037393 0.034664 0.034522 0.032352 0.030211 0.028475 0.026789 0.025415 0.024123 0.023075 0.021918 0.020572 0.019082 0.017546 0.016048 0.014634 0.013326 0.012121 0.01103 0.010303 0.010257 0.010533 0.010165 0.00999 0.010268 0.010313 0.010212 0.010096 0.010158 0.010386 0.010629 0.010817 0.010954 0.011104 0.011373 0.011779 0.012148 0.012538 0.012344 0.011073 0.010058 0.009266 0.008561 0.007969 0.007193 0.005523 0.002109 0.003579 0.00552 0.006287
0.018789 0.021237 0.023684 0.025316 0.026947 0.022232 0.01988 0.01986 0.025799 0.031736 0.026996 0.022246 0.026871 0.031486 0.037228 0.042924 0.037461 0.034807 0.034522 0.032322 0.030211 0.028424 0.026789 0.025334 0.023931 0.022517 0.021045 0.019523 0.017992 0.016499 0.015079 0.013753 0.012532 0.011424 0.010615 0.010312 0.009627 0.009051 0.009685 0.010408 0.010136 0.009958 0.00955 0.009743 0.010157 0.01052 0.010789 0.010925 0.011005 0.011278 0.011836 0.011755 0.0106 0.009029 0.007264 0.006404 0.005777 0.005159 0.004288 0.001985 0.000657 0.000145 0.000305 0.000471 0.003008
0.015326 0.018789 0.021237 0.023684 0.025316 0.026947 0.022242 0.019899 0.01986 0.0258 0.031736 0.027005 0.022246 0.02688 0.031486 0.037274 0.042924 0.037593 0.035092 0.034522 0.032233 0.030211 0.028273 0.026477 0.024795 0.023171 0.021566 0.019971 0.018404 0.016888 0.015445 0.014092 0.012854 0.01178 0.011058 0.01068 0.007498 0.007508 0.00992 0.009835 0.008973 0.00856 0.008489 0.009334 0.009991 0.010477 0.010886 0.011013 0.010759 0.010665 0.010528 0.008635 0.005032 0.001801 0.001279 0.00106 0.000898 0.000747 0.000562 0.000175 2e-06 0 0 0 0.000213
0.011863 0.015326 0.018789 0.021237 0.023684 0.025316 0.026947 0.022261 0.019938 0.01986 0.025805 0.031736 0.027034 0.022246 0.026909 0.031486 0.037412 0.042924 0.037833 0.035663 0.034522 0.031966 0.02961 0.027514 0.025609 0.023814 0.022082 0.020398 0.01877 0.017214 0.015739 0.014365 0.013131 0.012107 0.01135 0.01042 0.008039 0.008516 0.009915 0.006585 0.006749 0.005528 0.007843 0.009293 0.00991 0.010463 0.011111 0.01122 0.010029 0.008704 0.006174 0.001876 0.00081 7e-06 0 0 0 0 0 0 0 0 0 0 0
0.011685 0.011863 0.015326 0.018789 0.021237 0.023684 0.025317 0.026947 0.0223 0.020015 0.01986 0.02582 0.031736 0.02712 0.022246 0.026996 0.031486 0.037825 0.042924 0.038223 0.036805 0.033472 0.030706 0.02839 0.026335 0.024412 0.022561 0.020775 0.019076 0.017484 0.016014 0.01472 0.013601 0.012599 0.011628 0.010391 0.009568 0.009567 0.00889 0.004758 0.006292 0.007464 0.009148 0.009533 0.009823 0.010371 0.010876 0.009901 0.007236 0.004632 0.001219 0 0 0 0 0 0 0 0 0 2e-06 8e-05 2.2e-05 0 0
0.011506 0.011685 0.011863 0.015326 0.018789 0.021238 0.023684 0.02532 0.026947 0.022378 0.02017 0.01986 0.025863 0.031736 0.027377 0.022246 0.027257 0.031486 0.039065 0.042924 0.038641 0.034415 0.031441 0.029067 0.026965 0.024962 0.022989 0.021083 0.019319 0.017787 0.016523 0.015438 0.014383 0.013265 0.012089 0.010968 0.010096 0.009452 0.008158 0.007583 0.009088 0.010116 0.009929 0.009525 0.009572 0.009815 0.0084 0.003382 0.001704 0.000885 0 0 0 0 0 0 2e-06 5.6e-05 0.000132 0.000178 0.000233 0.000828 0.000368 3.1e-05 0
0.011524 0.011506 0.011685 0.011863 0.015327 0.018789 0.021242 0.023684 0.02533 0.026947 0.022537 0.020479 0.01986 0.025992 0.031736 0.028149 0.022246 0.02804 0.031486 0.042786 0.03854 0.034474 0.03175 0.029552 0.027536 0.025506 0.02339 0.021388 0.019706 0.018406 0.017435 0.0165 0.01535 0.013981 0.012581 0.011385 0.010469 0.009652 0.008712 0.009273 0.010315 0.010265 0.009087 0.009269 0.008874 0.007286 0.002168 0.000286 0 0 0 0 2e-06 6e-06 4e-06 1e-05 5.4e-05 0.000833 0.001892 0.002534 0.003101 0.002851 0.002791 0.000564 0.000127
0.011542 0.011524 0.011506 0.011685 0.011863 0.015329 0.018789 0.021252 0.023684 0.025359 0.026947 0.022861 0.021098 0.01986 0.02638 0.031736 0.030464 0.022246 0.030389 0.037853 0.036213 0.033703 0.031703 0.029922 0.028143 0.02622 0.024219 0.022197 0.020352 0.019193 0.018556 0.017817 0.016534 0.014729 0.012857 0.011505 0.010712 0.010081 0.009488 0.009332 0.009251 0.00604 0.008253 0.008803 0.006182 0.002109 5.3e-05 7e-06 0 0 0 3e-06 9.2e-05 0.000247 0.000174 0.000412 0.001344 0.002556 0.00351 0.004198 0.00457 0.004485 0.005086 0.005823 0.005211
0.011543 0.011542 0.011524 0.011506 0.011685 0.011863 0.015334 0.018789 0.021284 0.023684 0.025447 0.026947 0.023539 0.022336 0.01986 0.027545 0.031736 0.03741 0.032529 0.033691 0.033571 0.032591 0.031522 0.030326 0.028927 0.027558 0.026447 0.02368 0.020418 0.019299 0.020065 0.01959 0.018266 0.015663 0.0124 0.011013 0.010992 0.010588 0.01 0.009358 0.00828 0.006849 0.007969 0.004431 0.001898 0.000191 0 0 0 0 6e-06 0.000172 0.00054 0.000469 0.000548 0.000963 0.002124 0.0036 0.004569 0.005018 0.005246 0.005386 0.006151 0.007196 0.007432
0.014988 0.011543 0.011542 0.011524 0.011506 0.011686 0.011863 0.015351 0.018789 0.021379 0.023684 0.025711 0.026947 0.025012 0.024812 0.01986 0.03104 0.037829 0.033542 0.031671 0.031507 0.031596 0.031476 0.030947 0.029991 0.02938 0.029723 0.02544 0.014906 0.021125 0.022763 0.021674 0.019796 0.014282 0.009227 0.011049 0.011656 0.011201 0.010544 0.009698 0.008429 0.007307 0.004327 0.001128 0.000215 6e-06 0 0 2e-06 6e-05 0.000342 0.000454 0.000198 0.00015 0.000178 0.000455 0.003378 0.005892 0.005789 0.005842 0.005948 0.006098 0.006537 0.00713 0.007478
0.021878 0.014988 0.011543 0.011542 0.011524 0.011506 0.01169 0.011863 0.015401 0.018789 0.021663 0.023684 0.026501 0.026947 0.028431 0.029763 0.034094 0.035264 0.032197 0.029957 0.029845 0.030854 0.031839 0.032052 0.031429 0.031039 0.031507 0.025541 0.010143 0.02554 0.026256 0.023641 0.019708 0.011317 0.00764 0.012575 0.012535 0.01186 0.011429 0.010197 0.007505 0.004141 0.001238 0.000154 5e-06 0 0 1.4e-05 0.000138 0.00032 0.000425 0.000186 2.5e-05 0.000117 0.001698 0.005006 0.007436 0.007676 0.006888 0.006678 0.006641 0.006709 0.006911 0.007196 0.007444
0.048607 0.021878 0.014988 0.011544 0.011542 0.011524 0.011506 0.011702 0.011863 0.015552 0.018789 0.022515 0.023684 0.028871 0.026947 0.037153 0.036089 0.032809 0.029017 0.02739 0.027985 0.03014 0.033063 0.034352 0.033253 0.032415 0.031273 0.025094 0.016468 0.028568 0.028753 0.024927 0.017096 0.008724 0.010353 0.013835 0.012754 0.012007 0.011589 0.007793 0.004215 0.001409 0.000192 8e-06 0 0 9e-06 0.000115 0.000279 0.000342 0.000508 0.001706 0.003267 0.004853 0.00688 0.00863 0.009317 0.008613 0.007787 0.007416 0.007259 0.007227 0.00729 0.007409 0.007535
0.075335 0.048607 0.021878 0.014989 0.011546 0.011542 0.011523 0.011506 0.011738 0.011863 0.016004 0.018789 0.025072 0.023684 0.035983 0.040872 0.037361 0.030143 0.02239 0.024616 0.028095 0.025156 0.036022 0.037759 0.035428 0.033952 0.031741 0.027379 0.025292 0.028993 0.029045 0.023528 0.011505 0.009762 0.014592 0.013119 0.012104 0.011368 0.009867 0.005471 0.001786 0.000301 1.3e-05 0 0 1e-06 2e-05 0.00018 0.000437 0.000203 0.001375 0.005163 0.006835 0.00859 0.009778 0.009917 0.009656 0.009025 0.008404 0.008005 0.007778 0.007666 0.007632 0.007645 0.007672
0.061176 0.075335 0.048608 0.021878 0.014991 0.01155 0.011542 0.011521 0.011506 0.011846 0.011863 0.017359 0.018789 0.032742 0.042195 0.04469 0.035039 0.02286 0.016335 0.024486 0.02421 0.023611 0.039115 0.040576 0.037637 0.035868 0.034233 0.031353 0.029312 0.028097 0.02683 0.020298 0.012131 0.013093 0.012306 0.011273 0.012699 0.01061 0.00738 0.003333 0.000624 3.4e-05 0 0 0 1e-06 1.3e-05 0.000108 0.000613 0.002439 0.00565 0.00837 0.00894 0.009871 0.010333 0.010142 0.009748 0.009284 0.008824 0.00846 0.008204 0.008037 0.007934 0.00787 0.007822
0.047012 0.061182 0.075335 0.048612 0.021878 0.014995 0.011557 0.011542 0.011515 0.011506 0.012169 0.011863 0.021425 0.040123 0.046778 0.046436 0.027961 0.013243 0.01484 0.022708 0.020391 0.031324 0.040866 0.041677 0.039339 0.037585 0.036939 0.033998 0.025502 0.029288 0.021074 0.020741 0.016163 0.012759 0.007587 0.01145 0.012771 0.007949 0.004362 0.001294 0.000126 0 0 0 0 0 3e-06 6.6e-05 0.00147 0.007071 0.009409 0.010218 0.010093 0.010312 0.010398 0.010224 0.009901 0.009525 0.00915 0.008821 0.008556 0.008354 0.008201 0.00808 0.007975
0.033013 0.047012 0.061199 0.075335 0.048624 0.021878 0.015004 0.011572 0.011542 0.011498 0.011506 0.013137 0.025456 0.044081 0.04819 0.044807 0.023108 0.009237 0.013602 0.016793 0.02699 0.038419 0.041718 0.0418 0.04089 0.038435 0.036449 0.033264 0.025068 0.032778 0.02113 0.020732 0.014135 0.010005 0.00805 0.012633 0.009413 0.004124 0.001656 0.000222 0 0 0 0 0 0 0.000473 0.003811 0.007186 0.011347 0.011326 0.011174 0.010866 0.010732 0.010606 0.010394 0.010101 0.009768 0.009433 0.009124 0.008855 0.008628 0.008439 0.008276 0.008127
0.019032 0.032995 0.047012 0.061251 0.075335 0.048658 0.021878 0.015025 0.011601 0.011542 0.011445 0.016681 0.03203 0.043351 0.045739 0.041993 0.023162 0.009649 0.014337 0.017337 0.033937 0.041331 0.041641 0.041606 0.042367 0.039046 0.027052 0.035665 0.034461 0.034513 0.020588 0.015278 0.009361 0.00845 0.011416 0.012761 0.004793 0.001372 0.000289 0 0 0 0 0 0.000365 0.002981 0.005697 0.00986 0.012844 0.013506 0.012394 0.011853 0.011458 0.011163 0.010906 0.010635 0.010333 0.010013 0.009693 0.009391 0.009115 0.008871 0.008654 0.008458 0.008276
0.013223 0.019032 0.032942 0.047012 0.061407 0.075335 0.04876 0.021878 0.01508 0.01166 0.012167 0.021056 0.036751 0.040936 0.041621 0.038254 0.025626 0.013514 0.017884 0.024496 0.035291 0.040809 0.040673 0.040558 0.041826 0.038082 0.020879 0.041694 0.04266 0.031933 0.012912 0.010246 0.011502 0.012559 0.014046 0.010211 0.001731 0.000245 0 0 0 0 0 0.000504 0.004095 0.008795 0.01218 0.013848 0.014631 0.014068 0.013074 0.012418 0.011943 0.011562 0.011227 0.010905 0.010582 0.010257 0.009938 0.009633 0.009349 0.009088 0.00885 0.008629 0.008422
0.007354 0.013284 0.019032 0.032782 0.047012 0.061874 0.075335 0.049067 0.021878 0.015242 0.015749 0.025579 0.036088 0.039451 0.039112 0.035141 0.027551 0.020127 0.021738 0.027336 0.034226 0.039396 0.039699 0.037843 0.038314 0.036191 0.029391 0.04476 0.042875 0.02714 0.007704 0.011699 0.017106 0.015369 0.01207 0.0053 0.00038 0 0 0 0.000178 0.001007 0.000829 0.004777 0.010736 0.013605 0.014991 0.015084 0.014745 0.014181 0.013476 0.012857 0.01235 0.011921 0.011538 0.01118 0.010834 0.010496 0.010169 0.009857 0.009562 0.009287 0.009029 0.008789 0.008572
0.007803 0.007354 0.013466 0.019032 0.032303 0.047012 0.063274 0.075335 0.049986 0.028445 0.02281 0.025439 0.032448 0.040717 0.040716 0.035422 0.028836 0.024838 0.022636 0.023581 0.031894 0.043621 0.036847 0.032456 0.037001 0.033658 0.044895 0.046715 0.039612 0.022656 0.008285 0.014793 0.01847 0.010674 0.005426 0.001243 0 0 0 0.00034 0.002585 0.005465 0.007104 0.012889 0.015886 0.015857 0.015641 0.015347 0.014878 0.014343 0.013762 0.013199 0.012693 0.012241 0.01183 0.011445 0.011079 0.010727 0.010388 0.010065 0.009758 0.009469 0.009196 0.008943 0.008745
0.008276 0.008251 0.007354 0.014013 0.019032 0.030866 0.047012 0.067475 0.076225 0.04719 0.030587 0.017811 0.029894 0.047382 0.046183 0.036387 0.028848 0.024834 0.019009 0.019868 0.034369 0.049759 0.03002 0.025753 0.038925 0.037737 0.058877 0.05021 0.03261 0.019219 0.008395 0.015172 0.016666 0.005223 0.000717 0 0 0 0.000377 0.003205 0.008947 0.012975 0.017106 0.019034 0.018004 0.016753 0.016068 0.015594 0.0151 0.014566 0.014019 0.013486 0.012988 0.012528 0.0121 0.011697 0.011313 0.010946 0.010594 0.010258 0.009939 0.009636 0.009353 0.009113 0.008961
0.008754 0.008747 0.009147 0.007354 0.015652 0.019032 0.026554 0.047706 0.06887 0.054269 0.037833 0.0141 0.031101 0.057546 0.050822 0.031723 0.024628 0.021271 0.014735 0.020183 0.046654 0.047875 0.027133 0.027393 0.043184 0.059168 0.06804 0.04908 0.022099 0.015937 0.009264 0.01624 0.013113 0.00203 0 0 0 0.000341 0.003151 0.010316 0.01657 0.019284 0.021426 0.0205 0.018312 0.017069 0.016421 0.015893 0.015356 0.014805 0.014262 0.013742 0.01325 0.012786 0.012348 0.011932 0.011533 0.011152 0.010786 0.010438 0.010106 0.009793 0.009519 0.009325 0.009208
0.006163 0.008754 0.009731 0.010941 0.007354 0.020571 0.03241 0.053002 0.051495 0.044412 0.045261 0.023614 0.037611 0.065494 0.048343 0.021486 0.019291 0.017902 0.012138 0.020617 0.057929 0.050333 0.039615 0.046073 0.060042 0.078535 0.066098 0.040433 0.016657 0.011265 0.011579 0.016376 0.007528 0 0 0 0.000282 0.002806 0.010191 0.017978 0.021692 0.022652 0.021456 0.019266 0.017445 0.017064 0.016739 0.016219 0.015623 0.015036 0.014486 0.013972 0.013487 0.013024 0.012579 0.012151 0.011739 0.011344 0.010965 0.010603 0.010261 0.009955 0.009724 0.009576 0.009461
0.00307 0.006664 0.008754 0.011876 0.014528 0.026463 0.037664 0.043203 0.042921 0.034934 0.046625 0.036211 0.046355 0.067865 0.041367 0.014887 0.017024 0.018769 0.012024 0.019658 0.061689 0.06895 0.060271 0.066329 0.07312 0.073454 0.052921 0.022978 0.013259 0.009656 0.014058 0.011178 0.002315 0 0 0.000217 0.002397 0.009577 0.01785 0.021769 0.023083 0.021304 0.017488 0.015403 0.016035 0.017287 0.017222 0.016592 0.015869 0.01523 0.01468 0.014181 0.013707 0.013246 0.012796 0.012357 0.011931 0.011521 0.011128 0.010755 0.010418 0.010154 0.009975 0.00984 0.009714
0.003997 0.00307 0.008169 0.008754 0.016871 0.030105 0.030523 0.026249 0.038929 0.046409 0.041745 0.036955 0.052045 0.068626 0.040678 0.015322 0.015855 0.023685 0.023849 0.036804 0.072328 0.077685 0.071733 0.066801 0.054352 0.065274 0.028303 0.009885 0.009027 0.011494 0.012939 0.003661 0 0 0.000137 0.001895 0.008761 0.017709 0.021716 0.02205 0.019934 0.012028 0.008435 0.010226 0.016766 0.018471 0.018095 0.016969 0.016006 0.015349 0.014838 0.014373 0.013917 0.01346 0.013003 0.012551 0.01211 0.011684 0.011278 0.010909 0.010615 0.010406 0.010248 0.010104 0.009965
0.003148 0.005772 0.00307 0.012683 0.017547 0.036579 0.024088 0.00909 0.033012 0.05609 0.045822 0.0282 0.048188 0.0746 0.043325 0.017228 0.019287 0.032727 0.045806 0.062458 0.075985 0.075716 0.069305 0.059264 0.048075 0.054513 0.013217 0.010166 0.009657 0.010137 0.007712 0 0 2.1e-05 0.001115 0.007307 0.017364 0.022705 0.02297 0.021344 0.016393 0.008028 0.007953 0.015573 0.020422 0.020719 0.019412 0.016964 0.015883 0.015375 0.014969 0.014563 0.01413 0.013674 0.013205 0.012736 0.012276 0.011834 0.011429 0.011106 0.010872 0.010687 0.010521 0.010363 0.010213
0.006753 0.003148 0.011098 0.024241 0.025889 0.036398 0.013194 0.001553 0.022859 0.062797 0.045482 0.027759 0.047773 0.071682 0.042489 0.019852 0.033179 0.048252 0.057017 0.066875 0.074636 0.071634 0.061068 0.057508 0.05835 0.039242 0.011924 0.009898 0.008536 0.00593 0.002477 0 0 0.000301 0.003919 0.015603 0.025176 0.025561 0.024282 0.022451 0.018966 0.016985 0.019698 0.023144 0.023424 0.022179 0.019669 0.015601 0.015509 0.015354 0.015115 0.014777 0.014363 0.013897 0.013406 0.012912 0.012433 0.011995 0.011639 0.011377 0.011163 0.010968 0.010786 0.010616 0.010456
0.002357 0.014754 0.03054 0.036284 0.037032 0.019838 0 0.001633 0.022701 0.056021 0.039277 0.036835 0.052127 0.067928 0.035952 0.025162 0.045217 0.061063 0.061937 0.06738 0.074128 0.059952 0.052658 0.062431 0.052262 0.021625 0.00874 0.006399 0.003672 0.001591 0 0 4.4e-05 0.002139 0.012943 0.027388 0.030753 0.02798 0.025916 0.024618 0.02331 0.02254 0.024822 0.024801 0.024101 0.019638 0.010763 0.014324 0.015149 0.015428 0.015343 0.015056 0.014638 0.014139 0.013608 0.013085 0.012616 0.012233 0.011936 0.011685 0.011452 0.011238 0.011042 0.010862 0.010693
