NetLogoInput/pp3_pinchpoints_30.asc
NCOLS 263 
NROWS 382 
XLLCORNER -925595.5599279 
YLLCORNER -56566.5307948138 
CELLSIZE 30 
NODATA_value -9999 
[rows 140 to 167 of 382, columns 128 to 191 of 263]
0 0 8.5e-05 0.000225 0.000365 0.001103 0.002042 0.002981 0.003884 0.004783 0.005697 0.007104 0.008511 0.00986 0.010931 0.012002 0.012844 0.013176 0.013509 0.013506 0.013092 0.012677 0.012394 0.012202 0.012009 0.011853 0.011711 0.011568 0.011458 0.011353 0.011248 0.011163 0.011078 0.010992 0.010906 0.01082 0.010731 0.010635 0.010539 0.010439 0.010333 0.010228 0.010121 0.010013 0.009905 0.009799 0.009693 0.009588 0.009489 0.009391 0.009292 0.009204 0.009115 0.009028 0.008949 0.008871 0.008794 0.008724 0.008654 0.008586 0.008522 0.008458 0.008397 0.008336
0 0 0.000135 0.000355 0.000576 0.001743 0.003226 0.004709 0.006003 0.007273 0.008539 0.009675 0.010811 0.01189 0.01269 0.013491 0.014045 0.014049 0.014054 0.013863 0.013431 0.013 0.01269 0.012464 0.012239 0.012065 0.011911 0.011757 0.011635 0.011518 0.011401 0.011303 0.011205 0.011108 0.011013 0.010919 0.010823 0.010723 0.010623 0.01052 0.010415 0.010309 0.010202 0.010095 0.009987 0.009882 0.009777 0.009672 0.009573 0.009475 0.009377 0.009287 0.009197 0.009109 0.009028 0.008947 0.008868 0.008795 0.008722 0.008652 0.008584 0.008517 0.008452 0.008389
0.000109 0.000184 0.000611 0.001265 0.001918 0.003332 0.004999 0.006667 0.00802 0.009335 0.010635 0.011492 0.012348 0.013153 0.013701 0.014249 0.014583 0.01444 0.014296 0.014034 0.013626 0.013218 0.01291 0.012672 0.012434 0.012251 0.012089 0.011927 0.011795 0.011669 0.011542 0.011435 0.011328 0.011221 0.01112 0.011019 0.010916 0.010813 0.01071 0.010605 0.010498 0.010391 0.010284 0.010176 0.010069 0.009963 0.009858 0.009754 0.009654 0.009556 0.009457 0.009366 0.009275 0.009185 0.009102 0.009019 0.008938 0.008863 0.008787 0.008714 0.008644 0.008574 0.008506 0.00844
3e-04 0.000504 0.001404 0.00275 0.004095 0.005622 0.007209 0.008795 0.009963 0.01108 0.01218 0.012751 0.013322 0.013848 0.014157 0.014467 0.014631 0.014473 0.014315 0.014068 0.013713 0.013358 0.013074 0.012839 0.012604 0.012418 0.012249 0.012081 0.011943 0.011809 0.011676 0.011562 0.011447 0.011334 0.011227 0.011119 0.011012 0.010905 0.010798 0.010691 0.010582 0.010474 0.010365 0.010257 0.010149 0.010043 0.009938 0.009833 0.009732 0.009633 0.009533 0.009441 0.009349 0.009258 0.009173 0.009088 0.009005 0.008928 0.00885 0.008774 0.008701 0.008629 0.008559 0.00849
0.00049 0.000823 0.002197 0.004235 0.006273 0.007912 0.009418 0.010923 0.011907 0.012825 0.013725 0.01401 0.014295 0.014544 0.014614 0.014684 0.014679 0.014507 0.014334 0.014103 0.013801 0.013498 0.013238 0.013006 0.012774 0.012584 0.01241 0.012236 0.012091 0.01195 0.01181 0.011688 0.011566 0.011446 0.011333 0.01122 0.011108 0.010998 0.010887 0.010777 0.010667 0.010556 0.010447 0.010338 0.010229 0.010122 0.010017 0.009911 0.00981 0.00971 0.00961 0.009516 0.009423 0.00933 0.009244 0.009157 0.009072 0.008992 0.008912 0.008834 0.008759 0.008684 0.008611 0.008541
0.001357 0.002131 0.003847 0.006165 0.008483 0.010022 0.011302 0.012582 0.013345 0.014044 0.014726 0.014822 0.014919 0.014985 0.014907 0.014829 0.014718 0.014538 0.014357 0.01414 0.013878 0.013616 0.013375 0.013149 0.012923 0.012733 0.012555 0.012378 0.012227 0.012081 0.011936 0.011808 0.011681 0.011555 0.011437 0.01132 0.011203 0.011089 0.010976 0.010863 0.010751 0.010639 0.010528 0.010418 0.010308 0.010201 0.010094 0.009988 0.009886 0.009785 0.009684 0.009589 0.009494 0.0094 0.009312 0.009224 0.009137 0.009055 0.008972 0.008892 0.008814 0.008737 0.008663 0.008592
0.003141 0.004777 0.006658 0.008697 0.010736 0.011889 0.012747 0.013605 0.014101 0.014552 0.014991 0.01503 0.01507 0.015084 0.014979 0.014873 0.014745 0.014566 0.014388 0.014181 0.013942 0.013702 0.013476 0.01326 0.013045 0.012857 0.01268 0.012503 0.01235 0.012201 0.012052 0.011921 0.011789 0.011659 0.011538 0.011417 0.011297 0.01118 0.011063 0.010948 0.010834 0.01072 0.010607 0.010496 0.010385 0.010277 0.010169 0.010062 0.009959 0.009857 0.009754 0.009658 0.009562 0.009467 0.009377 0.009287 0.009198 0.009114 0.009029 0.008947 0.008868 0.008789 0.008714 0.008643
0.004924 0.007422 0.00947 0.01123 0.01299 0.013756 0.014192 0.014627 0.014856 0.01506 0.015257 0.015239 0.015221 0.015183 0.01505 0.014918 0.014771 0.014595 0.014418 0.014223 0.014005 0.013788 0.013577 0.013371 0.013166 0.012981 0.012804 0.012628 0.012472 0.01232 0.012168 0.012033 0.011898 0.011764 0.011639 0.011513 0.01139 0.01127 0.011151 0.011033 0.010917 0.010801 0.010687 0.010575 0.010462 0.010353 0.010244 0.010136 0.010032 0.009928 0.009825 0.009727 0.00963 0.009533 0.009441 0.00935 0.009259 0.009173 0.009087 0.009003 0.008921 0.00884 0.008765 0.008694
0.007171 0.010105 0.012102 0.013499 0.014896 0.015307 0.015391 0.015474 0.015486 0.015489 0.015491 0.015423 0.015356 0.015275 0.015122 0.014969 0.014809 0.014634 0.014459 0.014272 0.014072 0.013873 0.013675 0.013477 0.01328 0.013099 0.012923 0.012747 0.012589 0.012435 0.01228 0.012142 0.012003 0.011866 0.011737 0.011609 0.011482 0.01136 0.011237 0.011117 0.010999 0.010882 0.010766 0.010652 0.010538 0.010427 0.010318 0.010208 0.010103 0.009998 0.009894 0.009795 0.009696 0.009598 0.009504 0.009411 0.009319 0.009231 0.009143 0.009057 0.008974 0.008892 0.008817 0.008748
0.01064 0.012889 0.014262 0.015074 0.015886 0.016026 0.015941 0.015857 0.015784 0.015713 0.015641 0.015547 0.015452 0.015347 0.015193 0.015039 0.014878 0.014703 0.014527 0.014343 0.014149 0.013955 0.013762 0.01357 0.013378 0.013199 0.013025 0.012851 0.012693 0.012537 0.012382 0.012241 0.0121 0.011961 0.01183 0.011699 0.01157 0.011445 0.011321 0.011199 0.011079 0.010959 0.010842 0.010727 0.010611 0.010499 0.010388 0.010277 0.010171 0.010065 0.009959 0.009859 0.009758 0.009658 0.009564 0.009469 0.009375 0.009285 0.009196 0.009109 0.009026 0.008943 0.008871 0.008808
0.014108 0.015673 0.016421 0.016649 0.016877 0.016744 0.016492 0.01624 0.016083 0.015937 0.015792 0.01567 0.015548 0.01542 0.015264 0.015109 0.014947 0.014771 0.014596 0.014414 0.014226 0.014037 0.013849 0.013662 0.013476 0.0133 0.013127 0.012954 0.012796 0.01264 0.012484 0.012341 0.012198 0.012056 0.011923 0.011789 0.011658 0.011531 0.011405 0.01128 0.011159 0.011037 0.010918 0.010801 0.010684 0.010571 0.010459 0.010346 0.010238 0.010131 0.010024 0.009922 0.00982 0.009719 0.009623 0.009526 0.009431 0.00934 0.009248 0.00916 0.009077 0.008994 0.008926 0.008869
0.017302 0.018211 0.01838 0.018076 0.017772 0.017396 0.016995 0.016595 0.016362 0.01615 0.01594 0.015793 0.015645 0.015496 0.015338 0.015181 0.015017 0.014842 0.014666 0.014487 0.014303 0.014119 0.013936 0.013754 0.013572 0.013398 0.013228 0.013057 0.012898 0.012741 0.012584 0.012439 0.012294 0.01215 0.012014 0.011879 0.011745 0.011616 0.011488 0.011361 0.011238 0.011115 0.010994 0.010876 0.010757 0.010642 0.010528 0.010415 0.010306 0.010197 0.010088 0.009985 0.009882 0.009779 0.009681 0.009583 0.009487 0.009394 0.009301 0.009212 0.00913 0.009048 0.008982 0.008931
0.01857 0.019034 0.018932 0.018468 0.018004 0.017579 0.017166 0.016753 0.01651 0.016288 0.016068 0.01591 0.015753 0.015594 0.015431 0.015268 0.0151 0.014923 0.014746 0.014566 0.014383 0.0142 0.014019 0.013839 0.013659 0.013486 0.013317 0.013147 0.012988 0.012831 0.012674 0.012528 0.012382 0.012237 0.0121 0.011962 0.011827 0.011697 0.011566 0.011438 0.011313 0.011188 0.011066 0.010946 0.010826 0.010709 0.010594 0.010479 0.010368 0.010258 0.010149 0.010044 0.009939 0.009835 0.009736 0.009636 0.009539 0.009446 0.009353 0.009266 0.00919 0.009113 0.009053 0.009007
0.019838 0.019857 0.019484 0.01886 0.018236 0.017761 0.017336 0.016911 0.016658 0.016426 0.016196 0.016028 0.01586 0.015692 0.015523 0.015355 0.015183 0.015005 0.014826 0.014646 0.014464 0.014282 0.014102 0.013924 0.013746 0.013574 0.013406 0.013237 0.013078 0.012921 0.012764 0.012616 0.012469 0.012323 0.012185 0.012046 0.011909 0.011777 0.011645 0.011515 0.011388 0.011261 0.011138 0.011016 0.010894 0.010776 0.01066 0.010543 0.010431 0.01032 0.010209 0.010102 0.009996 0.009891 0.00979 0.009689 0.00959 0.009497 0.009404 0.00932 0.009249 0.009178 0.009124 0.009083
0.021106 0.02068 0.020036 0.019252 0.018468 0.017944 0.017507 0.017069 0.016806 0.016564 0.016325 0.016146 0.015968 0.01579 0.015616 0.015442 0.015266 0.015086 0.014906 0.014726 0.014544 0.014363 0.014185 0.014008 0.013832 0.013662 0.013495 0.013327 0.013169 0.013011 0.012854 0.012705 0.012557 0.01241 0.01227 0.012129 0.011991 0.011857 0.011723 0.011591 0.011463 0.011335 0.011209 0.011086 0.010963 0.010844 0.010726 0.010608 0.010494 0.010381 0.010269 0.010161 0.010054 0.009947 0.009844 0.009742 0.009642 0.009549 0.009456 0.009374 0.009309 0.009243 0.009194 0.009159
0.021034 0.0205 0.019829 0.019071 0.018312 0.017835 0.017452 0.017069 0.01684 0.01663 0.016421 0.016245 0.01607 0.015893 0.015715 0.015536 0.015356 0.015172 0.014988 0.014805 0.014623 0.014441 0.014262 0.014086 0.013911 0.013742 0.013575 0.013408 0.01325 0.013092 0.012935 0.012786 0.012638 0.01249 0.012348 0.012207 0.012067 0.011932 0.011796 0.011663 0.011533 0.011403 0.011276 0.011152 0.011027 0.010906 0.010786 0.010667 0.010552 0.010438 0.010324 0.010215 0.010106 0.009998 0.009896 0.009793 0.009695 0.009607 0.009519 0.009443 0.009384 0.009325 0.009279 0.009243
0.020929 0.020294 0.019603 0.018875 0.018147 0.017719 0.017392 0.017065 0.016871 0.016694 0.016516 0.016344 0.016172 0.015997 0.015814 0.01563 0.015446 0.015258 0.01507 0.014885 0.014701 0.014518 0.014339 0.014164 0.013989 0.013821 0.013655 0.013489 0.013331 0.013174 0.013017 0.012867 0.012718 0.012569 0.012427 0.012284 0.012143 0.012006 0.011869 0.011735 0.011603 0.011472 0.011343 0.011217 0.011091 0.010968 0.010847 0.010726 0.01061 0.010494 0.010379 0.010268 0.010158 0.010049 0.009947 0.009844 0.009747 0.009665 0.009583 0.009512 0.00946 0.009407 0.009364 0.009328
0.020823 0.020088 0.019376 0.018679 0.017982 0.017604 0.017332 0.017061 0.016902 0.016757 0.016612 0.016443 0.016274 0.016101 0.015913 0.015725 0.015535 0.015344 0.015152 0.014964 0.01478 0.014595 0.014417 0.014242 0.014068 0.0139 0.013735 0.01357 0.013412 0.013255 0.013098 0.012948 0.012798 0.012649 0.012505 0.012361 0.012219 0.012081 0.011942 0.011806 0.011673 0.01154 0.01141 0.011282 0.011155 0.011031 0.010908 0.010786 0.010668 0.010551 0.010434 0.010322 0.01021 0.0101 0.009998 0.009895 0.0098 0.009723 0.009646 0.009582 0.009535 0.009489 0.009448 0.009412
0.020033 0.019266 0.018611 0.018028 0.017445 0.017235 0.017149 0.017064 0.016958 0.016849 0.016739 0.016567 0.016395 0.016219 0.01602 0.015822 0.015623 0.015426 0.015228 0.015036 0.01485 0.014664 0.014486 0.014312 0.014139 0.013972 0.013809 0.013645 0.013487 0.013331 0.013174 0.013024 0.012874 0.012724 0.012579 0.012434 0.012291 0.012151 0.012011 0.011874 0.011739 0.011605 0.011473 0.011344 0.011214 0.011089 0.010965 0.010841 0.010721 0.010603 0.010484 0.010373 0.010261 0.010151 0.010053 0.009955 0.009865 0.009795 0.009724 0.009665 0.00962 0.009576 0.009536 0.009498
0.019099 0.018314 0.017732 0.017281 0.016829 0.016812 0.01694 0.017069 0.017019 0.016947 0.016872 0.016696 0.016521 0.016339 0.016129 0.015919 0.015711 0.015507 0.015302 0.015106 0.014919 0.014732 0.014554 0.014381 0.014209 0.014044 0.013881 0.013718 0.013561 0.013405 0.013249 0.013099 0.012948 0.012798 0.012652 0.012506 0.012362 0.012221 0.01208 0.011941 0.011804 0.011668 0.011535 0.011404 0.011273 0.011146 0.01102 0.010895 0.010774 0.010654 0.010534 0.010422 0.010311 0.010202 0.010109 0.010017 0.009933 0.009869 0.009806 0.009751 0.009707 0.009664 0.009623 0.009584
0.018165 0.017362 0.016853 0.016533 0.016214 0.01639 0.016732 0.017073 0.01708 0.017045 0.017005 0.016826 0.016646 0.016459 0.016238 0.016017 0.015799 0.015588 0.015377 0.015176 0.014988 0.0148 0.014621 0.01445 0.014279 0.014115 0.013953 0.013792 0.013636 0.01348 0.013325 0.013174 0.013023 0.012872 0.012725 0.012579 0.012433 0.01229 0.012148 0.012007 0.01187 0.011732 0.011597 0.011464 0.011332 0.011203 0.011076 0.010949 0.010827 0.010705 0.010584 0.010472 0.010361 0.010252 0.010166 0.010079 0.01 0.009944 0.009887 0.009837 0.009794 0.009752 0.00971 0.00967
0.015953 0.015403 0.015387 0.015711 0.016035 0.016435 0.016861 0.017287 0.017301 0.017264 0.017222 0.017014 0.016806 0.016592 0.016348 0.016104 0.015869 0.015651 0.015433 0.01523 0.015043 0.014856 0.01468 0.014512 0.014343 0.014181 0.014022 0.013862 0.013707 0.013552 0.013398 0.013246 0.013095 0.012944 0.012796 0.012648 0.012501 0.012357 0.012213 0.012071 0.011931 0.011792 0.011656 0.011521 0.011387 0.011257 0.011128 0.010999 0.010877 0.010755 0.010633 0.010526 0.010418 0.010314 0.010234 0.010154 0.010081 0.010028 0.009975 0.009926 0.009883 0.00984 0.009797 0.009756
0.013126 0.01296 0.013637 0.014852 0.016067 0.016706 0.017154 0.017602 0.0176 0.017542 0.017478 0.017231 0.016983 0.016731 0.016459 0.016187 0.01593 0.015706 0.015482 0.015276 0.015092 0.014907 0.014735 0.01457 0.014405 0.014245 0.014088 0.013931 0.013777 0.013623 0.013469 0.013318 0.013166 0.013015 0.012865 0.012716 0.012568 0.012423 0.012277 0.012133 0.011992 0.011851 0.011712 0.011576 0.01144 0.011309 0.011178 0.011048 0.010925 0.010804 0.010682 0.010581 0.01048 0.010382 0.010309 0.010236 0.010169 0.010117 0.010066 0.010017 0.009973 0.009928 0.009884 0.009841
0.010299 0.010518 0.011887 0.013993 0.016099 0.016977 0.017447 0.017916 0.017898 0.01782 0.017735 0.017447 0.017159 0.01687 0.01657 0.01627 0.015992 0.015761 0.01553 0.015321 0.01514 0.014959 0.014789 0.014628 0.014466 0.01431 0.014155 0.014 0.013847 0.013694 0.013541 0.013389 0.013237 0.013085 0.012935 0.012785 0.012635 0.012488 0.012341 0.012195 0.012052 0.011909 0.011769 0.011632 0.011494 0.01136 0.011229 0.011097 0.010974 0.010853 0.010732 0.010636 0.010541 0.01045 0.010384 0.010318 0.010257 0.010207 0.010157 0.010108 0.010062 0.010016 0.009971 0.009926
0.00937 0.010226 0.01201 0.014388 0.016766 0.017663 0.018067 0.018471 0.018388 0.018245 0.018095 0.017717 0.017339 0.016969 0.016637 0.016305 0.016006 0.015779 0.015552 0.015349 0.015175 0.015001 0.014838 0.014682 0.014526 0.014373 0.014221 0.014069 0.013917 0.013765 0.013613 0.01346 0.013307 0.013155 0.013003 0.012851 0.0127 0.012551 0.012402 0.012255 0.01211 0.011965 0.011824 0.011684 0.011544 0.01141 0.011278 0.011145 0.011026 0.010909 0.010792 0.010703 0.010615 0.01053 0.010468 0.010406 0.010348 0.010298 0.010248 0.010199 0.010151 0.010104 0.010057 0.010011
0.010157 0.01188 0.013827 0.015917 0.018007 0.018724 0.018983 0.019243 0.019051 0.018803 0.018548 0.018034 0.017521 0.017032 0.016664 0.016296 0.015977 0.015764 0.015551 0.01536 0.015198 0.015036 0.014881 0.014733 0.014584 0.014435 0.014287 0.014138 0.013987 0.013836 0.013684 0.013531 0.013377 0.013224 0.013071 0.012917 0.012764 0.012613 0.012462 0.012313 0.012166 0.012019 0.011875 0.011734 0.011592 0.011458 0.011326 0.011194 0.011081 0.010971 0.010862 0.01078 0.010699 0.01062 0.01056 0.0105 0.010442 0.01039 0.010339 0.010288 0.010239 0.01019 0.010142 0.010095
0.010945 0.013534 0.015643 0.017446 0.019249 0.019785 0.0199 0.020015 0.019714 0.019362 0.019001 0.018352 0.017703 0.017095 0.016691 0.016288 0.015947 0.015748 0.015549 0.015372 0.015221 0.01507 0.014925 0.014783 0.014642 0.014497 0.014352 0.014207 0.014057 0.013907 0.013756 0.013602 0.013448 0.013293 0.013138 0.012983 0.012828 0.012675 0.012522 0.012371 0.012222 0.012073 0.011927 0.011784 0.01164 0.011505 0.011374 0.011243 0.011136 0.011034 0.010932 0.010857 0.010783 0.01071 0.010652 0.010593 0.010536 0.010483 0.01043 0.010378 0.010328 0.010277 0.010228 0.010179
0.012669 0.015573 0.017574 0.018998 0.020422 0.020762 0.02074 0.020719 0.020319 0.019871 0.019412 0.01857 0.017728 0.016964 0.016582 0.0162 0.015883 0.015708 0.015533 0.015375 0.01524 0.015104 0.014969 0.014836 0.014702 0.014563 0.014421 0.014279 0.01413 0.01398 0.013829 0.013674 0.013518 0.013362 0.013205 0.013048 0.012891 0.012736 0.012581 0.012427 0.012276 0.012125 0.011978 0.011834 0.01169 0.011557 0.011429 0.011301 0.011201 0.011106 0.011011 0.010941 0.010872 0.010804 0.010745 0.010687 0.01063 0.010575 0.010521 0.010467 0.010415 0.010363 0.010312 0.010263
