NetLogoInput/pp3_60_flow.asc
NCOLS 132 
NROWS 191 
XLLCORNER -925625.5599279 
YLLCORNER -56596.530794814 
CELLSIZE 60 
NODATA_value -9999 
[rows 140 to 174 of 191, columns 0 to 77 of 132]
0 0 0 0 0 0 0 0 0 0 0 0 0 0 0 0 0 0 0 0 0 0 0.11 0.22 0.7 0.94 0.93 1.23 1.38 1.33 1.82 1.99 2.34 2.22 2.1 2.01 2.04 2.91 4.63 7.81 11.3 14.04 15.36 15.7 15.72 15.34 12.97 11.94 12.02 13.56 15.11 16.46 17.46 18.08 18.52 18.81 18.92 18.96 18.94 18.87 18.75 18.61 18.45 18.25 18.04 17.81 17.57 17.32 17.06 16.8 16.55 16.3 16.07 15.87 15.7 15.56 15.52 15.62
0 0 0 0 0 0 0 0 0 0 0 0 0 0 0 0 0 0 0 0 0 0.11 0.22 0.7 0.93 0.93 1.21 1.35 1.33 1.75 1.95 1.92 2.25 2.17 2.07 2 2.01 2.14 2.86 5.38 10.15 14.12 15.7 15.49 15.11 14.65 13.83 13.24 13.06 13.86 14.92 15.97 16.87 17.49 17.97 18.31 18.48 18.57 18.6 18.57 18.49 18.38 18.25 18.07 17.88 17.67 17.44 17.2 16.95 16.69 16.44 16.2 15.98 15.79 15.64 15.53 15.53 15.71
0 0 0 0 0 0 0 0 0 0 0 0 0 0 0 0 0 0 0 0 0.11 0.22 0.69 0.93 0.93 1.2 1.34 1.33 1.73 1.93 1.92 2.05 2.07 2.07 2.02 1.95 1.93 2.05 2.65 4.6 9.11 13.01 14.69 14.57 14.29 13.98 13.6 13.42 13.49 14.08 14.9 15.74 16.53 17.12 17.6 17.95 18.15 18.27 18.32 18.32 18.27 18.19 18.08 17.92 17.75 17.55 17.32 17.08 16.83 16.58 16.33 16.09 15.86 15.68 15.52 15.41 15.4 15.5
0 0 0 0 0 0 0 0 0 0 0 0 0 0 0 0 0 0 0 0.11 0.22 0.69 0.93 0.93 1.2 1.34 1.33 1.73 1.92 1.92 1.98 2.01 1.96 2.04 2.01 1.89 1.82 1.9 2.55 4.86 8.71 11.95 13.45 13.54 13.48 13.36 13.29 13.38 13.62 14.14 14.83 15.56 16.29 16.86 17.33 17.68 17.88 18.01 18.08 18.1 18.07 18.02 17.93 17.8 17.64 17.45 17.22 16.98 16.72 16.46 16.2 15.95 15.72 15.53 15.37 15.25 15.21 15.22
0 0 0 0 0 0 0 0 0 0 0 0 0 0 0 0 0 0 0.11 0.22 0.69 0.93 0.93 1.2 1.33 1.33 1.72 1.92 1.92 1.96 1.98 1.96 2.02 2.07 2.03 1.81 1.7 1.72 2.54 5.84 8.74 10.93 12.05 12.43 12.66 12.78 12.92 13.17 13.53 14.07 14.73 15.43 16.12 16.68 17.14 17.48 17.67 17.79 17.87 17.9 17.9 17.87 17.81 17.69 17.54 17.36 17.13 16.88 16.62 16.34 16.07 15.81 15.56 15.36 15.18 15.04 14.96 14.89
0 0 0 0 0 0 0 0 0 0 0 0 0 0 0 0 0 0.11 0.22 0.69 0.93 0.93 1.2 1.33 1.33 1.72 1.92 1.92 1.95 1.97 1.96 2.02 2.07 2.01 2.02 1.82 1.7 1.68 2.51 6.04 8.71 10.53 11.26 11.63 11.92 12.17 12.42 12.77 13.21 13.82 14.56 15.34 16.11 16.69 17.13 17.43 17.55 17.63 17.69 17.74 17.77 17.77 17.74 17.64 17.5 17.31 17.07 16.8 16.52 16.22 15.92 15.64 15.37 15.14 14.94 14.77 14.66 14.57
0 0 0 0 0 0 0 0 0 0 0 0 0 0 0 0 0.11 0.22 0.69 0.93 0.93 1.2 1.33 1.33 1.72 1.92 1.92 1.95 1.96 1.96 2.01 2.07 2 1.98 1.94 1.91 1.83 1.9 2.78 6.17 8.49 9.97 10.48 10.86 11.21 11.55 11.9 12.3 12.8 13.48 14.37 15.3 16.22 16.84 17.25 17.44 17.45 17.47 17.5 17.58 17.65 17.71 17.71 17.63 17.49 17.29 17.03 16.74 16.42 16.1 15.77 15.46 15.16 14.9 14.67 14.48 14.34 14.23
0 0 0 0 0 0 0 0 0 0 0 0 0 0 0 0.11 0.22 0.69 0.93 0.93 1.2 1.33 1.33 1.72 1.92 1.92 1.95 1.96 1.96 2.01 2.07 1.99 1.96 1.94 2.03 2.1 2.11 2.43 3.43 6.22 8.04 9.21 9.71 10.14 10.55 10.94 11.32 11.75 12.26 13.02 14.13 15.33 16.49 17.17 17.51 17.54 17.38 17.29 17.29 17.42 17.56 17.68 17.73 17.66 17.52 17.3 17.01 16.68 16.34 15.97 15.61 15.26 14.92 14.63 14.37 14.15 13.99 13.88
0 0 0 0 0 0 0 0 0 0 0 0 0 0 0.11 0.22 0.69 0.93 0.93 1.2 1.33 1.33 1.72 1.92 1.92 1.94 1.96 1.96 2.01 2.07 1.99 1.95 1.94 2.06 2.12 2.14 2.36 2.98 4.07 6.03 7.41 8.41 9.01 9.48 9.91 10.33 10.73 11.13 11.54 12.02 13.7 15.68 17.57 18.19 18.21 17.7 17.16 16.91 16.92 17.23 17.54 17.78 17.88 17.8 17.63 17.39 17.04 16.66 16.26 15.84 15.43 15.03 14.65 14.31 14.01 13.76 13.59 13.48
0 0 0 0 0 0 0 0 0 0 0 0 0 0.11 0.22 0.69 0.93 0.93 1.2 1.33 1.33 1.72 1.92 1.92 1.94 1.96 1.96 2.01 2.07 1.99 1.95 1.94 2.07 2.13 2.14 2.3 2.46 3.35 4.53 5.83 6.86 7.72 8.37 8.87 9.3 9.69 10.15 10.54 10.84 11.01 12.72 15.24 18.49 19.31 19.02 17.8 16.65 16.24 16.4 17.09 17.62 17.97 18.09 18.01 17.81 17.5 17.09 16.64 16.18 15.71 15.25 14.8 14.36 13.97 13.62 13.32 13.14 13.04
0 0 0 0 0 0 0 0 0 0 0 0 0.11 0.22 0.69 0.93 0.93 1.2 1.33 1.33 1.72 1.92 1.92 1.94 1.96 1.96 2.01 2.07 1.99 1.95 1.94 2.07 2.14 2.14 2.25 2.34 2.22 3.23 4.55 5.72 6.59 7.31 7.89 8.38 8.71 8.95 9.61 10.06 10.31 10.17 10.42 12.75 18.67 20.41 19.98 17.72 15.51 14.94 15.55 17.07 17.92 18.37 18.44 18.33 18.08 17.7 17.17 16.64 16.1 15.58 15.05 14.54 14.03 13.57 13.16 12.81 12.62 12.54
0 0 0 0 0 0 0 0 0 0 0 0.11 0.22 0.69 0.93 0.93 1.2 1.33 1.33 1.72 1.92 1.92 1.94 1.96 1.96 2.01 2.07 1.99 1.95 1.94 2.07 2.14 2.14 2.22 2.28 2.22 2.79 2.98 4.28 5.6 6.36 6.92 7.4 7.98 8.41 8.67 8.62 9.39 10.15 9.29 8.37 10.4 17.81 20.75 21.12 19.04 14.06 11.99 12.37 15.83 17.56 18.5 18.93 18.89 18.55 17.92 17.25 16.62 16.02 15.43 14.85 14.26 13.68 13.13 12.62 12.18 11.95 12.05
0 0 0 0 0 0 0 0 0 0 0.11 0.22 0.69 0.93 0.93 1.2 1.33 1.33 1.72 1.92 1.92 1.94 1.96 1.96 2.01 2.07 1.99 1.94 1.94 2.07 2.14 2.14 2.21 2.25 2.22 2.64 2.85 2.73 3.89 5.43 6.09 6.5 6.87 7.57 8.17 8.55 7.6 8.68 10.06 8.41 6.62 8.34 16.5 20.71 22.18 20.73 12.82 8.91 8.76 14.23 16.59 18.01 19.33 19.47 19.05 18.13 17.31 16.58 15.92 15.29 14.65 13.99 13.31 12.65 12.04 11.47 11.17 11.47
0 0 0 0 0 0 0 0 0 0.11 0.22 0.69 0.93 0.93 1.2 1.33 1.33 1.72 1.92 1.92 1.94 1.96 1.96 2.01 2.07 1.98 1.94 1.94 2.07 2.14 2.14 2.2 2.23 2.22 2.59 2.79 2.73 3.4 3.58 4.93 5.46 5.77 6.07 6.78 7.57 8.3 7.41 8.28 9.37 7.73 6.24 7.85 14.99 20.13 22.32 21.22 13.6 9.21 8.25 13.41 13.5 14.21 18.87 19.63 19.25 18.08 17.23 16.49 15.82 15.16 14.46 13.73 12.94 12.12 11.35 10.65 10.1 10.4
0 0 0 0 0 0 0 0 0.11 0.22 0.69 0.93 0.93 1.2 1.33 1.33 1.72 1.92 1.92 1.94 1.96 1.96 2.01 2.07 1.98 1.94 1.94 2.07 2.14 2.14 2.19 2.22 2.22 2.57 2.76 2.73 3.24 3.58 4.28 4.5 4.87 5.11 5.37 5.97 6.79 7.73 8.12 8.43 8.52 7.9 6.48 7.2 12.22 19.27 22.95 22.46 14.05 9.14 7.59 11.22 11.69 13.1 18.06 18.98 18.78 17.78 17.03 16.36 15.72 15.06 14.33 13.52 12.64 11.55 10.55 9.69 9.26 9.11
0 0 0 0 0 0 0 0.11 0.22 0.69 0.93 0.93 1.2 1.33 1.33 1.72 1.92 1.92 1.94 1.96 1.96 2.01 2.07 1.98 1.94 1.94 2.07 2.14 2.14 2.19 2.22 2.22 2.56 2.74 2.73 3.18 3.58 4.07 4.31 4.12 4.31 4.5 4.75 5.16 5.84 6.9 9.53 9.02 7.54 8.75 7.2 6.43 8.48 18.2 23.95 24.28 14.22 8.78 6.8 7.97 10.87 14.09 16.96 17.71 17.77 17.29 16.75 16.21 15.64 14.98 14.22 13.36 12.39 10.95 9.66 8.64 8.6 7.64
0 0 0 0 0 0 0.11 0.22 0.69 0.93 0.93 1.2 1.33 1.33 1.72 1.92 1.92 1.94 1.96 1.96 2.01 2.07 1.98 1.94 1.94 2.07 2.14 2.14 2.19 2.22 2.22 2.56 2.73 2.73 3.16 3.58 4 4.21 4.12 4.14 4.11 4.26 4.51 4.71 5.06 5.79 9.51 9.86 8.82 9.6 8.28 7.53 8.87 17.03 22.19 23.14 15.46 10.45 7.76 8.07 11.09 14.16 15.85 16.53 16.8 16.73 16.46 16.12 15.68 15.06 14.23 13.33 12.39 11.17 9.3 6.87 7.17 6.82
0 0 0 0 0 0.11 0.22 0.69 0.93 0.93 1.2 1.33 1.33 1.72 1.92 1.92 1.94 1.96 1.96 2.01 2.07 1.98 1.94 1.94 2.07 2.14 2.14 2.19 2.22 2.22 2.56 2.73 2.73 3.16 3.58 3.97 4.17 4.12 4.08 4.06 4 4.13 4.33 4.33 4.35 4.71 8.88 10.15 9.94 10.25 9.36 8.96 10.03 16.02 20.02 21.17 16.15 12.06 9.2 8.96 11.41 13.88 14.92 15.57 16.01 16.24 16.23 16.11 15.86 15.32 14.37 13.29 12.18 11.15 9.06 5.95 6.19 6.42
0 0 0 0 0.11 0.22 0.69 0.93 0.93 1.2 1.33 1.33 1.72 1.92 1.92 1.94 1.96 1.96 2.01 2.07 1.98 1.94 1.94 2.07 2.14 2.14 2.19 2.22 2.22 2.56 2.73 2.73 3.16 3.58 3.95 4.14 4.12 4.06 4.03 4 4.13 4.14 4.26 4.06 3.76 3.69 7.4 9.67 10.78 10.6 10.46 10.84 12.19 15.25 17.32 18.05 16.03 13.55 11.28 10.92 11.86 13.12 14.23 14.93 15.47 15.86 16.08 16.22 16.21 15.86 14.7 13.24 11.68 10.75 8.96 6.24 5.85 6.62
0 0 0 0.11 0.22 0.69 0.93 0.93 1.2 1.33 1.33 1.72 1.92 1.92 1.94 1.96 1.96 2.01 2.07 1.98 1.94 1.94 2.07 2.14 2.14 2.19 2.22 2.22 2.56 2.73 2.73 3.16 3.58 3.95 4.13 4.12 4.05 4.02 4 4.14 4.19 4.24 4.91 4.49 4.14 4.08 6.02 7.58 9.25 12.16 10.84 10.25 13.06 15.01 16.08 16.25 15.15 13.68 12.26 11.89 12.31 13.03 13.88 14.54 15.1 15.59 16.02 16.46 16.85 17.13 16.38 14.2 9.79 8.79 7.73 6.28 6.67 7.45
0 0 0.11 0.22 0.69 0.93 0.93 1.2 1.33 1.33 1.72 1.92 1.92 1.94 1.96 1.96 2.01 2.07 1.98 1.94 1.94 2.07 2.14 2.14 2.19 2.22 2.22 2.56 2.73 2.73 3.16 3.58 3.94 4.12 4.12 4.05 4.01 4 4.15 4.21 4.24 4.97 5.44 4.86 4.53 4.56 4.8 5.65 7.79 13.32 11.02 9.53 13.4 14.73 15.18 14.92 14.25 13.51 12.83 12.51 12.66 13.05 13.63 14.21 14.78 15.33 15.96 16.69 17.53 18.56 18.43 15.61 8.15 6.85 6.47 6.43 7.53 8.23
0 0.11 0.22 0.69 0.93 0.93 1.2 1.33 1.33 1.72 1.92 1.92 1.94 1.96 1.96 2.01 2.07 1.98 1.94 1.94 2.07 2.14 2.14 2.19 2.22 2.22 2.56 2.73 2.73 3.16 3.58 3.94 4.12 4.12 4.04 4.01 4 4.16 4.23 4.24 4.96 5.36 5.27 4.65 4.44 4.59 3.95 5.09 7.81 12.71 11.02 9.85 12.94 14.05 14.42 14.17 13.73 13.25 12.82 12.62 12.73 13.02 13.45 13.95 14.48 15.05 15.82 16.84 18.14 20.04 20.8 17.76 7.91 5.81 5.76 7.04 7.9 8.56
0.11 0.22 0.69 0.93 0.93 1.2 1.33 1.33 1.72 1.92 1.92 1.94 1.96 1.96 2.01 2.07 1.98 1.94 1.94 2.07 2.14 2.14 2.19 2.22 2.22 2.56 2.73 2.73 3.16 3.58 3.94 4.12 4.12 4.04 4.01 4 4.16 4.23 4.24 4.95 5.31 5.27 4.87 4.71 4.41 4.42 4.08 5.62 8.31 11.42 10.87 10.54 12.39 13.31 13.7 13.61 13.29 12.94 12.61 12.48 12.61 12.87 13.26 13.67 14.11 14.61 15.44 16.66 18.28 20.57 21.8 19.71 11.7 8.4 7.19 7.76 8.45 9.02
0.22 0.69 0.93 0.93 1.2 1.33 1.33 1.72 1.92 1.92 1.94 1.96 1.96 2.01 2.07 1.98 1.94 1.94 2.07 2.14 2.14 2.19 2.22 2.22 2.56 2.73 2.73 3.16 3.58 3.94 4.12 4.12 4.04 4.01 4 4.16 4.24 4.24 4.94 5.29 5.27 4.95 4.71 4.84 4.54 4.32 4.72 6.58 8.89 9.94 10.66 11.28 11.86 12.62 13.07 13.17 12.93 12.6 12.27 12.17 12.36 12.68 13.07 13.38 13.7 14.05 14.83 16.24 18.16 20.65 22.09 21.33 16.85 12.38 9.56 8.63 9.12 9.57
0.69 0.93 0.93 1.2 1.33 1.33 1.72 1.92 1.92 1.94 1.96 1.96 2.01 2.07 1.98 1.94 1.94 2.07 2.14 2.14 2.19 2.22 2.22 2.56 2.73 2.73 3.16 3.58 3.94 4.12 4.12 4.04 4.01 4 4.16 4.24 4.24 4.93 5.28 5.27 4.97 4.71 5.08 5.12 5.69 5.41 5.82 6.99 8.47 9.54 10.39 11.16 11.89 12.52 12.91 13.04 12.83 12.26 11.63 11.49 11.9 12.47 13.02 13.14 13.2 13.27 13.36 14.99 17.62 20.62 21.66 21.01 18.2 14.43 11.67 10.2 10.17 10.27
0.93 0.93 1.2 1.33 1.33 1.72 1.92 1.92 1.94 1.96 1.96 2.01 2.07 1.98 1.94 1.94 2.07 2.14 2.14 2.19 2.22 2.22 2.56 2.73 2.73 3.16 3.58 3.94 4.12 4.12 4.04 4.01 4 4.16 4.24 4.24 4.93 5.27 5.27 4.98 4.71 5.22 5.4 5.69 6.22 6.42 6.62 7.26 8.19 9.28 10.3 11.25 12.09 12.66 13 13.12 12.9 12.3 11.32 9.7 10.9 12.38 12.83 12.85 12.74 12.51 12.04 12.7 14.78 19.88 21.21 20.62 18.5 15.49 13.08 11.49 11.09 10.91
0.93 1.2 1.33 1.33 1.72 1.92 1.92 1.94 1.96 1.96 2.01 2.07 1.98 1.94 1.94 2.07 2.14 2.14 2.19 2.22 2.22 2.56 2.73 2.73 3.16 3.58 3.94 4.12 4.12 4.04 4.01 4 4.16 4.24 4.24 4.93 5.27 5.27 4.99 4.71 5.29 5.54 5.69 6.55 6.9 7.38 7.16 7.41 8.04 9.14 10.36 11.5 12.44 13 13.3 13.36 13.13 12.67 11.31 6.95 9.43 12.4 12.51 12.54 12.31 11.78 10.84 9.53 9.95 18.53 20.75 20.16 17.89 15.69 13.88 12.52 11.88 11.49
1.2 1.33 1.33 1.72 1.92 1.92 1.94 1.96 1.96 2.01 2.07 1.98 1.94 1.94 2.07 2.14 2.14 2.19 2.22 2.22 2.56 2.73 2.73 3.16 3.58 3.94 4.12 4.12 4.04 4.01 4 4.16 4.24 4.24 4.93 5.27 5.27 4.99 4.71 5.32 5.61 5.69 6.69 7.14 7.38 7.24 7.25 7.03 7.35 9.07 10.75 12.18 13.15 13.68 14.02 14.16 13.59 12.46 10.58 7.03 9.03 12.09 14.11 11.2 10.91 13.51 9.63 7.23 7.69 16.32 19.2 19.25 17.21 15.46 14.02 12.91 12.28 11.84
1.33 1.33 1.72 1.92 1.92 1.94 1.96 1.96 2.01 2.07 1.98 1.94 1.94 2.07 2.14 2.14 2.19 2.22 2.22 2.56 2.73 2.73 3.16 3.58 3.94 4.12 4.12 4.04 4.01 4 4.16 4.24 4.24 4.93 5.27 5.27 4.99 4.71 5.34 5.65 5.69 6.75 7.26 7.38 7.26 7.22 7.18 6.28 6.3 8.19 10.76 12.85 13.72 14.33 14.9 15.38 14.64 12.27 9.15 6.75 8.65 11.51 13.83 11.71 11.53 13.42 8.31 5.59 6.19 14.56 17.65 18.06 16.37 15.07 14 13.14 12.56 12.34
1.33 1.72 1.92 1.92 1.94 1.96 1.96 2.01 2.07 1.98 1.94 1.94 2.07 2.14 2.14 2.19 2.22 2.22 2.56 2.73 2.73 3.16 3.58 3.94 4.12 4.12 4.04 4.01 4 4.16 4.24 4.24 4.93 5.27 5.27 4.99 4.71 5.35 5.67 5.69 6.78 7.32 7.38 7.26 7.2 7.18 5.69 4.99 4.73 6 10.13 13.5 14.06 14.93 16.03 17.21 16.6 12.16 6.69 5.74 8.26 10.53 10.45 15.25 15.42 10.29 6.81 4.95 5.75 13.54 16.17 16.46 15.28 14.46 13.77 13.19 12.68 12.62
1.72 1.92 1.92 1.94 1.96 1.96 2.01 2.07 1.98 1.94 1.94 2.07 2.14 2.14 2.19 2.22 2.22 2.56 2.73 2.73 3.16 3.58 3.94 4.12 4.12 4.04 4.01 4 4.16 4.24 4.24 4.93 5.27 5.27 4.99 4.71 5.35 5.68 5.69 6.8 7.35 7.38 7.25 7.19 7.18 5.46 4.66 4.32 4.18 5.64 9.32 12.25 12.72 14.88 17.33 19.76 19.61 13.45 5.73 5.29 7.3 8.79 7.95 15.66 17.27 11.69 7.97 6.36 7.2 12.97 14.68 14.71 13.87 13.69 13.54 13.33 13.07 12.68
1.92 1.92 1.94 1.96 1.96 2.01 2.07 1.98 1.94 1.94 2.07 2.14 2.14 2.19 2.22 2.22 2.56 2.73 2.73 3.16 3.58 3.94 4.12 4.12 4.04 4.01 4 4.16 4.24 4.24 4.93 5.27 5.27 4.99 4.71 5.36 5.68 5.69 6.81 7.36 7.38 7.25 7.19 7.18 5.37 4.49 4.32 4.22 4.17 5.89 8.48 10.44 10.8 13.83 17.77 22.13 22.26 15.31 6.42 5.8 6.8 7.46 6.55 14.91 17.68 13.62 9.68 8.24 8.99 12.57 13.52 13.13 11.7 12.73 13.42 13.43 13.33 13.03
1.92 1.94 1.96 1.96 2.01 2.07 1.98 1.94 1.94 2.07 2.14 2.14 2.19 2.22 2.22 2.56 2.73 2.73 3.16 3.58 3.94 4.12 4.12 4.04 4.01 4 4.16 4.24 4.24 4.93 5.27 5.27 4.99 4.71 5.36 5.68 5.69 6.81 7.37 7.38 7.25 7.19 7.18 5.32 4.4 4.32 4.24 4.17 6.03 6.79 7.74 8.21 8.18 10.05 15.36 23.41 22.98 17.92 11.31 9 8.2 7.98 8.05 12.79 14.98 13.92 11.19 10.13 10.46 12.4 13.38 12.2 7.32 11.28 12.48 13.42 13.4 13.33
1.94 1.96 1.96 2.01 2.07 1.98 1.94 1.94 2.07 2.14 2.14 2.19 2.22 2.22 2.56 2.73 2.73 3.16 3.58 3.94 4.12 4.12 4.04 4.01 4 4.16 4.24 4.24 4.93 5.27 5.27 4.99 4.71 5.36 5.68 5.69 6.81 7.37 7.38 7.25 7.19 7.18 5.3 4.36 4.32 4.24 4.17 6.13 7.04 7.29 7.55 7.18 6.12 8.13 13.4 21.19 20.92 18.12 14.22 11.66 10.25 9.61 9.8 12.04 13.36 13.4 11.89 11.25 11.36 12.42 13.03 11.81 7.24 8.61 11.28 12.39 13.42 13.38
1.96 1.96 2.01 2.07 1.98 1.94 1.94 2.07 2.14 2.14 2.19 2.22 2.22 2.56 2.73 2.73 3.16 3.58 3.94 4.12 4.12 4.04 4.01 4 4.16 4.24 4.24 4.93 5.27 5.27 4.99 4.71 5.36 5.69 5.69 6.81 7.38 7.38 7.25 7.19 7.18 5.29 4.34 4.32 4.24 4.17 6.19 7.16 7.29 7.6 7.66 6.82 4.62 7.34 11.75 17.13 17.37 16.97 15.95 13.98 12.6 11.76 11.62 12.04 12.38 12.55 12.15 11.92 11.93 12.5 12.57 11.7 10.25 7.24 9.04 11.28 12.37 13.42
