NetLogoInput/pp3_30_flow.asc
NCOLS 263 
NROWS 382 
XLLCORNER -925595.5599279 
YLLCORNER -56566.530794814 
CELLSIZE 30 
NODATA_value -9999 
[rows 245 to 279 of 382, columns 158 to 236 of 263]
16.84 16.75 16.66 16.58 16.5 16.43 16.35 16.27 16.2 16.11 16.02 15.92 15.81 15.7 15.58 15.45 15.31 15.18 15.05 14.91 14.78 14.66 14.54 14.43 14.33 14.23 14.13 14.05 13.96 13.88 13.81 13.73 13.66 13.59 13.51 13.45 13.38 13.31 13.25 13.19 13.13 13.08 13.02 12.97 12.92 12.88 12.83 12.79 12.75 12.71 12.68 12.64 12.61 12.59 12.56 12.54 12.52 12.5 12.48 12.47 12.45 12.45 12.44 12.44 12.43 12.43 12.44 12.44 12.45 12.45 12.46 12.47 12.49 12.5 12.5 12.51 12.51 12.51 12.51
16.74 16.65 16.57 16.48 16.4 16.32 16.24 16.16 16.08 15.99 15.9 15.81 15.71 15.6 15.49 15.38 15.26 15.14 15.02 14.9 14.78 14.67 14.56 14.46 14.36 14.26 14.17 14.08 13.99 13.91 13.83 13.75 13.67 13.59 13.52 13.45 13.38 13.31 13.25 13.18 13.12 13.07 13.01 12.95 12.91 12.86 12.81 12.77 12.73 12.69 12.66 12.63 12.6 12.57 12.54 12.52 12.5 12.49 12.47 12.46 12.45 12.44 12.44 12.43 12.43 12.43 12.43 12.44 12.45 12.46 12.47 12.48 12.5 12.5 12.5 12.5 12.51 12.51 12.51
16.65 16.56 16.46 16.37 16.29 16.21 16.12 16.04 15.96 15.88 15.79 15.7 15.61 15.51 15.41 15.31 15.2 15.1 14.99 14.88 14.78 14.68 14.58 14.48 14.39 14.29 14.2 14.11 14.02 13.93 13.85 13.76 13.68 13.6 13.52 13.45 13.38 13.31 13.24 13.17 13.11 13.05 12.99 12.94 12.89 12.84 12.79 12.75 12.71 12.68 12.64 12.61 12.58 12.55 12.53 12.51 12.49 12.47 12.46 12.45 12.44 12.43 12.43 12.42 12.43 12.43 12.43 12.44 12.45 12.46 12.47 12.49 12.49 12.5 12.5 12.5 12.51 12.51 12.51
16.55 16.46 16.36 16.27 16.18 16.1 16.01 15.93 15.85 15.77 15.68 15.6 15.51 15.42 15.33 15.24 15.15 15.06 14.96 14.87 14.78 14.69 14.6 14.5 14.41 14.32 14.23 14.14 14.05 13.96 13.87 13.78 13.7 13.61 13.53 13.45 13.37 13.3 13.23 13.16 13.09 13.04 12.98 12.92 12.87 12.82 12.78 12.73 12.69 12.66 12.62 12.59 12.56 12.54 12.51 12.49 12.47 12.46 12.45 12.44 12.43 12.42 12.42 12.42 12.42 12.42 12.43 12.44 12.45 12.46 12.48 12.48 12.49 12.49 12.5 12.5 12.5 12.51 12.51
16.45 16.35 16.26 16.16 16.07 15.99 15.9 15.82 15.73 15.65 15.57 15.49 15.41 15.33 15.25 15.17 15.1 15.02 14.94 14.86 14.78 14.69 14.61 14.53 14.44 14.35 14.26 14.17 14.07 13.98 13.89 13.8 13.71 13.62 13.53 13.45 13.37 13.29 13.22 13.15 13.08 13.02 12.96 12.9 12.85 12.8 12.75 12.71 12.67 12.63 12.6 12.57 12.54 12.52 12.49 12.47 12.46 12.44 12.43 12.42 12.41 12.41 12.41 12.41 12.41 12.42 12.42 12.44 12.45 12.46 12.48 12.48 12.48 12.49 12.49 12.5 12.5 12.5 12.51
16.34 16.24 16.14 16.05 15.96 15.87 15.78 15.7 15.62 15.54 15.46 15.39 15.32 15.25 15.18 15.11 15.04 14.98 14.91 14.85 14.78 14.71 14.63 14.56 14.47 14.38 14.29 14.2 14.1 14 13.91 13.81 13.71 13.62 13.53 13.44 13.36 13.27 13.2 13.13 13.06 12.99 12.93 12.87 12.82 12.77 12.73 12.69 12.64 12.61 12.58 12.54 12.52 12.49 12.47 12.45 12.44 12.42 12.41 12.4 12.4 12.4 12.4 12.4 12.4 12.41 12.42 12.43 12.44 12.46 12.47 12.48 12.48 12.48 12.49 12.49 12.5 12.5 12.5
16.23 16.13 16.03 15.93 15.84 15.75 15.67 15.58 15.51 15.43 15.36 15.29 15.22 15.16 15.1 15.05 14.99 14.94 14.89 14.83 14.78 14.72 14.65 14.58 14.5 14.41 14.33 14.23 14.13 14.03 13.92 13.82 13.72 13.62 13.52 13.43 13.34 13.26 13.18 13.11 13.03 12.97 12.91 12.85 12.8 12.75 12.7 12.66 12.62 12.58 12.55 12.52 12.49 12.47 12.45 12.43 12.42 12.4 12.39 12.39 12.38 12.38 12.38 12.38 12.39 12.4 12.41 12.42 12.44 12.45 12.46 12.47 12.48 12.48 12.48 12.49 12.49 12.5 12.5
16.12 16.02 15.92 15.82 15.73 15.64 15.55 15.47 15.39 15.31 15.24 15.18 15.12 15.07 15.02 14.98 14.94 14.9 14.86 14.83 14.79 14.73 14.68 14.62 14.54 14.45 14.37 14.26 14.16 14.05 13.94 13.83 13.72 13.62 13.51 13.42 13.33 13.24 13.16 13.08 13.01 12.94 12.88 12.82 12.77 12.72 12.67 12.63 12.59 12.55 12.52 12.49 12.47 12.44 12.42 12.41 12.39 12.38 12.37 12.37 12.36 12.36 12.37 12.37 12.38 12.39 12.4 12.42 12.43 12.44 12.45 12.46 12.47 12.48 12.48 12.48 12.49 12.49 12.5
16 15.9 15.8 15.7 15.6 15.51 15.42 15.34 15.26 15.19 15.13 15.06 15.01 14.97 14.93 14.91 14.88 14.86 14.84 14.83 14.81 14.76 14.72 14.67 14.59 14.51 14.42 14.31 14.19 14.08 13.96 13.84 13.72 13.61 13.5 13.4 13.3 13.21 13.13 13.05 12.97 12.91 12.85 12.78 12.73 12.68 12.63 12.59 12.55 12.52 12.49 12.46 12.43 12.41 12.39 12.38 12.36 12.35 12.35 12.34 12.34 12.34 12.35 12.35 12.36 12.37 12.39 12.4 12.42 12.43 12.44 12.45 12.46 12.47 12.48 12.48 12.48 12.49 12.49
15.88 15.78 15.68 15.57 15.48 15.39 15.29 15.22 15.14 15.07 15.01 14.95 14.91 14.87 14.84 14.83 14.83 14.83 14.82 14.83 14.83 14.79 14.76 14.72 14.64 14.56 14.47 14.35 14.23 14.1 13.97 13.84 13.72 13.6 13.48 13.38 13.28 13.18 13.1 13.02 12.94 12.87 12.81 12.75 12.7 12.65 12.6 12.56 12.52 12.48 12.45 12.43 12.4 12.38 12.36 12.35 12.34 12.33 12.32 12.32 12.32 12.32 12.33 12.33 12.35 12.36 12.37 12.39 12.4 12.42 12.43 12.44 12.45 12.46 12.47 12.48 12.48 12.48 12.49
15.76 15.66 15.55 15.45 15.35 15.26 15.17 15.09 15.01 14.94 14.88 14.83 14.79 14.77 14.75 14.75 14.77 14.78 14.81 14.83 14.85 14.83 14.82 14.79 14.71 14.62 14.53 14.4 14.26 14.13 13.99 13.84 13.71 13.59 13.46 13.35 13.25 13.15 13.06 12.98 12.9 12.83 12.77 12.71 12.66 12.61 12.56 12.52 12.48 12.45 12.42 12.39 12.37 12.35 12.33 12.32 12.31 12.3 12.29 12.29 12.29 12.3 12.3 12.31 12.33 12.34 12.35 12.36 12.39 12.4 12.42 12.43 12.44 12.45 12.46 12.47 12.48 12.48 12.48
15.64 15.53 15.42 15.32 15.22 15.12 15.03 14.95 14.86 14.79 14.74 14.68 14.65 14.64 14.62 14.65 14.69 14.74 14.79 14.85 14.91 14.92 14.92 14.92 14.82 14.73 14.62 14.46 14.31 14.15 13.99 13.83 13.69 13.56 13.42 13.31 13.2 13.1 13.01 12.93 12.85 12.79 12.72 12.66 12.61 12.56 12.51 12.48 12.44 12.4 12.38 12.35 12.33 12.31 12.29 12.28 12.27 12.26 12.26 12.26 12.26 12.27 12.28 12.29 12.3 12.32 12.34 12.35 12.36 12.39 12.4 12.42 12.43 12.44 12.45 12.46 12.47 12.48 12.48
15.51 15.4 15.29 15.18 15.08 14.98 14.89 14.8 14.72 14.65 14.59 14.54 14.51 14.5 14.5 14.55 14.62 14.69 14.78 14.88 14.98 15 15.03 15.04 14.94 14.84 14.71 14.53 14.35 14.17 14 13.82 13.66 13.52 13.38 13.27 13.16 13.05 12.97 12.88 12.8 12.74 12.67 12.61 12.56 12.51 12.47 12.43 12.39 12.36 12.33 12.31 12.29 12.27 12.25 12.24 12.23 12.23 12.23 12.23 12.23 12.24 12.25 12.26 12.28 12.3 12.32 12.34 12.34 12.36 12.39 12.4 12.42 12.43 12.44 12.45 12.46 12.47 12.48
15.39 15.27 15.16 15.05 14.95 14.85 14.75 14.66 14.58 14.5 14.45 14.39 14.37 14.37 14.37 14.44 14.54 14.63 14.76 14.9 15.04 15.09 15.14 15.17 15.06 14.94 14.81 14.6 14.4 14.2 14 13.81 13.64 13.49 13.34 13.22 13.11 13 12.92 12.83 12.75 12.69 12.62 12.56 12.52 12.47 12.42 12.38 12.35 12.32 12.29 12.27 12.25 12.23 12.21 12.2 12.2 12.19 12.19 12.2 12.2 12.21 12.22 12.24 12.26 12.28 12.3 12.32 12.34 12.34 12.36 12.39 12.4 12.42 12.43 12.44 12.45 12.46 12.47
15.25 15.14 15.02 14.91 14.8 14.7 14.6 14.5 14.41 14.33 14.26 14.2 14.17 14.17 14.16 14.25 14.37 14.49 14.72 14.97 15.22 15.33 15.44 15.51 15.33 15.15 14.95 14.69 14.42 14.18 13.96 13.75 13.57 13.42 13.27 13.15 13.04 12.93 12.85 12.76 12.68 12.62 12.56 12.5 12.45 12.41 12.37 12.33 12.3 12.26 12.24 12.22 12.2 12.18 12.17 12.16 12.15 12.15 12.15 12.15 12.16 12.17 12.2 12.22 12.24 12.26 12.28 12.3 12.32 12.34 12.34 12.36 12.39 12.4 12.42 12.43 12.44 12.45 12.46
15.12 15 14.88 14.77 14.66 14.55 14.44 14.34 14.24 14.16 14.08 14.01 13.97 13.96 13.95 14.05 14.2 14.34 14.68 15.04 15.41 15.57 15.74 15.85 15.6 15.36 15.1 14.77 14.45 14.16 13.93 13.69 13.5 13.35 13.2 13.07 12.97 12.86 12.78 12.7 12.62 12.56 12.5 12.44 12.4 12.35 12.31 12.28 12.24 12.21 12.19 12.17 12.15 12.13 12.12 12.11 12.11 12.11 12.11 12.11 12.12 12.15 12.17 12.2 12.22 12.24 12.26 12.28 12.3 12.32 12.34 12.34 12.36 12.39 12.4 12.42 12.43 12.44 12.45
14.99 14.87 14.75 14.63 14.51 14.4 14.29 14.18 14.08 13.98 13.9 13.82 13.78 13.75 13.73 13.85 14.03 14.2 14.63 15.11 15.59 15.81 16.03 16.19 15.88 15.58 15.25 14.86 14.47 14.14 13.88 13.63 13.43 13.28 13.12 13 12.89 12.79 12.7 12.63 12.55 12.49 12.44 12.38 12.34 12.29 12.25 12.22 12.19 12.16 12.14 12.12 12.1 12.09 12.07 12.07 12.06 12.06 12.07 12.07 12.08 12.12 12.15 12.17 12.2 12.22 12.24 12.26 12.28 12.3 12.32 12.34 12.34 12.36 12.39 12.4 12.42 12.43 12.44
14.85 14.73 14.6 14.48 14.36 14.25 14.13 14.02 13.9 13.79 13.69 13.58 13.52 13.48 13.45 13.5 13.59 13.69 14.26 14.91 15.56 15.9 16.24 16.48 16.1 15.72 15.32 14.86 14.41 14.03 13.77 13.51 13.31 13.16 13.01 12.89 12.79 12.69 12.61 12.54 12.47 12.41 12.36 12.31 12.27 12.23 12.19 12.16 12.13 12.1 12.08 12.06 12.04 12.03 12.02 12.01 12.01 12.01 12.02 12.02 12.05 12.07 12.12 12.15 12.17 12.2 12.22 12.24 12.26 12.28 12.3 12.32 12.34 12.34 12.36 12.39 12.4 12.42 12.43
14.71 14.59 14.46 14.33 14.21 14.09 13.97 13.85 13.73 13.6 13.47 13.34 13.25 13.2 13.15 13.13 13.12 13.12 13.83 14.67 15.51 15.97 16.43 16.77 16.31 15.86 15.38 14.86 14.33 13.91 13.64 13.37 13.17 13.03 12.89 12.78 12.69 12.59 12.52 12.45 12.39 12.33 12.28 12.23 12.2 12.16 12.12 12.09 12.06 12.04 12.02 12 11.99 11.97 11.96 11.96 11.96 11.96 11.97 12 12.02 12.04 12.06 12.12 12.15 12.17 12.2 12.22 12.24 12.26 12.28 12.3 12.32 12.34 12.34 12.36 12.39 12.4 12.42
14.57 14.45 14.32 14.19 14.06 13.94 13.81 13.68 13.55 13.41 13.25 13.09 12.99 12.92 12.85 12.76 12.66 12.56 13.41 14.43 15.46 16.04 16.62 17.05 16.52 15.99 15.44 14.85 14.25 13.78 13.51 13.23 13.03 12.9 12.77 12.67 12.58 12.5 12.43 12.37 12.3 12.25 12.21 12.16 12.13 12.09 12.06 12.03 12 11.98 11.96 11.94 11.93 11.92 11.91 11.91 11.91 11.91 11.94 11.97 12 12.02 12.03 12.06 12.12 12.15 12.17 12.2 12.22 12.24 12.26 12.28 12.3 12.32 12.34 12.34 12.36 12.39 12.4
14.44 14.31 14.17 14.03 13.91 13.78 13.65 13.52 13.4 13.24 13.06 12.88 12.69 12.5 12.3 12.3 12.38 12.45 12.71 12.99 13.28 14.11 14.95 15.67 15.53 15.4 15.15 14.59 14.02 13.58 13.31 13.05 12.86 12.75 12.63 12.54 12.46 12.38 12.33 12.27 12.21 12.17 12.12 12.08 12.05 12.01 11.98 11.96 11.93 11.91 11.89 11.88 11.87 11.86 11.85 11.85 11.85 11.89 11.91 11.94 11.97 12 12.02 12.03 12.06 12.12 12.15 12.17 12.2 12.22 12.24 12.26 12.28 12.3 12.32 12.34 12.34 12.36 12.39
14.31 14.17 14.02 13.88 13.75 13.62 13.49 13.37 13.25 13.09 12.88 12.68 12.38 12.03 11.67 11.82 12.18 12.53 11.9 11.09 10.29 11.42 12.58 13.64 14.09 14.53 14.72 14.22 13.74 13.34 13.09 12.85 12.68 12.58 12.48 12.4 12.33 12.27 12.22 12.17 12.12 12.08 12.04 12 11.97 11.94 11.91 11.89 11.86 11.84 11.83 11.81 11.8 11.79 11.78 11.78 11.82 11.85 11.88 11.91 11.94 11.97 11.99 12.02 12.03 12.06 12.12 12.15 12.17 12.2 12.22 12.24 12.26 12.28 12.3 12.32 12.34 12.34 12.36
14.18 14.02 13.87 13.72 13.59 13.46 13.33 13.22 13.1 12.93 12.71 12.48 12.08 11.56 11.03 11.33 11.97 12.61 11.09 9.19 7.3 8.74 10.21 11.62 12.64 13.65 14.28 13.87 13.45 13.11 12.88 12.65 12.5 12.41 12.32 12.26 12.21 12.15 12.11 12.06 12.02 11.99 11.95 11.92 11.89 11.86 11.83 11.81 11.79 11.77 11.76 11.75 11.74 11.73 11.72 11.74 11.78 11.82 11.85 11.88 11.91 11.94 11.97 11.99 12.02 12.03 12.06 12.12 12.15 12.17 12.2 12.22 12.24 12.26 12.28 12.3 12.32 12.34 12.34
14.08 13.91 13.75 13.59 13.44 13.3 13.16 13.07 12.97 12.84 12.67 12.49 12.06 11.42 10.79 10.76 10.97 11.18 9.79 8.12 6.45 7.89 9.35 10.76 11.83 12.9 13.6 13.31 13.03 12.78 12.6 12.42 12.3 12.23 12.17 12.12 12.08 12.03 12 11.96 11.92 11.89 11.86 11.83 11.81 11.78 11.76 11.74 11.72 11.7 11.69 11.68 11.67 11.66 11.66 11.69 11.72 11.78 11.82 11.85 11.88 11.91 11.94 11.97 11.99 12.02 12.03 12.06 12.12 12.15 12.17 12.2 12.22 12.24 12.26 12.28 12.3 12.32 12.34
14 13.82 13.65 13.47 13.3 13.13 12.99 12.92 12.85 12.79 12.73 12.67 12.25 11.54 10.84 10.11 9.37 8.63 8.12 7.66 7.2 8.4 9.61 10.77 11.5 12.23 12.74 12.62 12.51 12.39 12.28 12.16 12.09 12.05 12.01 11.97 11.94 11.91 11.88 11.85 11.82 11.8 11.77 11.74 11.72 11.7 11.68 11.66 11.64 11.63 11.62 11.6 11.6 11.59 11.63 11.66 11.67 11.71 11.78 11.82 11.85 11.88 11.91 11.94 11.97 11.99 12.02 12.03 12.06 12.12 12.15 12.17 12.2 12.22 12.24 12.26 12.28 12.3 12.32
13.92 13.73 13.54 13.36 13.16 12.97 12.82 12.78 12.74 12.74 12.8 12.85 12.43 11.66 10.89 9.47 7.77 6.08 6.45 7.2 7.94 8.91 9.88 10.77 11.17 11.57 11.87 11.93 11.99 12 11.96 11.91 11.88 11.86 11.84 11.82 11.81 11.79 11.77 11.74 11.72 11.7 11.68 11.66 11.64 11.62 11.6 11.58 11.57 11.55 11.54 11.53 11.53 11.57 11.59 11.63 11.66 11.66 11.7 11.78 11.82 11.85 11.88 11.91 11.94 11.97 11.99 12.02 12.03 12.06 12.12 12.15 12.17 12.2 12.22 12.24 12.26 12.28 12.3
13.87 13.68 13.49 13.3 13.06 12.81 12.62 12.56 12.5 12.57 12.83 13.09 12.86 12.28 11.69 9.76 7.27 4.78 5.48 6.74 8 8.89 9.78 10.59 10.81 11.03 11.24 11.4 11.56 11.66 11.67 11.68 11.68 11.69 11.69 11.68 11.68 11.67 11.65 11.64 11.62 11.6 11.58 11.57 11.55 11.53 11.52 11.5 11.49 11.48 11.47 11.46 11.51 11.53 11.56 11.59 11.62 11.66 11.66 11.7 11.78 11.82 11.85 11.88 11.91 11.94 11.97 11.99 12.02 12.03 12.06 12.12 12.15 12.17 12.2 12.22 12.24 12.26 12.28
13.84 13.68 13.51 13.32 13 12.68 12.4 12.25 12.09 12.25 12.83 13.4 13.62 13.56 13.51 11.32 8.25 5.19 5.45 6.29 7.14 8.17 9.21 10.15 10.42 10.69 10.93 11.1 11.27 11.39 11.43 11.48 11.51 11.53 11.55 11.55 11.55 11.55 11.54 11.53 11.52 11.51 11.49 11.48 11.46 11.45 11.44 11.42 11.41 11.4 11.39 11.44 11.46 11.5 11.53 11.56 11.59 11.62 11.66 11.66 11.7 11.78 11.82 11.85 11.88 11.91 11.94 11.97 11.99 12.02 12.03 12.06 12.12 12.15 12.17 12.2 12.22 12.24 12.26
13.82 13.67 13.53 13.34 12.94 12.54 12.18 11.93 11.69 11.93 12.82 13.72 14.37 14.85 15.32 12.88 9.23 5.59 5.41 5.84 6.28 7.45 8.64 9.71 10.03 10.34 10.62 10.8 10.97 11.11 11.19 11.27 11.33 11.37 11.4 11.42 11.43 11.44 11.43 11.43 11.42 11.41 11.4 11.39 11.38 11.36 11.35 11.34 11.33 11.32 11.37 11.39 11.43 11.46 11.49 11.53 11.56 11.59 11.62 11.66 11.66 11.7 11.78 11.82 11.85 11.88 11.91 11.94 11.97 11.99 12.02 12.03 12.06 12.12 12.15 12.17 12.2 12.22 12.24
13.74 13.64 13.55 13.42 13.06 12.7 12.3 11.78 11.26 11.37 12.31 13.25 14.27 15.34 16.41 14.1 10.4 6.7 6.11 6.08 6.04 7.19 8.34 9.39 9.74 10.08 10.38 10.56 10.73 10.88 10.99 11.1 11.17 11.22 11.27 11.3 11.31 11.32 11.33 11.32 11.32 11.32 11.31 11.3 11.29 11.28 11.27 11.26 11.25 11.27 11.32 11.36 11.39 11.43 11.46 11.49 11.53 11.56 11.59 11.62 11.66 11.66 11.7 11.78 11.82 11.85 11.88 11.91 11.94 11.97 11.99 12.02 12.03 12.06 12.12 12.15 12.17 12.2 12.22
13.5 13.54 13.59 13.63 13.65 13.66 13.31 12.06 10.8 10.2 10.47 10.74 11.9 13.74 15.58 14.43 12.04 9.66 8.75 8.1 7.46 8.12 8.79 9.41 9.73 10.04 10.32 10.48 10.65 10.79 10.89 10.99 11.06 11.11 11.16 11.19 11.2 11.22 11.23 11.23 11.23 11.22 11.22 11.21 11.2 11.2 11.19 11.18 11.17 11.21 11.24 11.32 11.36 11.39 11.42 11.46 11.49 11.53 11.56 11.59 11.62 11.66 11.66 11.7 11.78 11.82 11.85 11.88 11.91 11.94 11.97 11.99 12.02 12.03 12.06 12.12 12.15 12.17 12.2
13.26 13.44 13.63 13.84 14.24 14.63 14.33 12.33 10.34 9.03 8.62 8.22 9.54 12.15 14.76 14.76 13.69 12.62 11.39 10.13 8.88 9.05 9.24 9.44 9.72 10 10.25 10.41 10.56 10.69 10.79 10.88 10.95 11 11.05 11.08 11.1 11.12 11.13 11.13 11.13 11.13 11.13 11.13 11.12 11.11 11.1 11.1 11.15 11.17 11.19 11.23 11.32 11.36 11.39 11.42 11.46 11.49 11.53 11.56 11.59 11.62 11.66 11.66 11.7 11.78 11.82 11.85 11.88 11.91 11.94 11.97 11.99 12.02 12.03 12.06 12.12 12.15 12.17
13.13 13.33 13.53 13.81 14.58 15.36 15.17 12.64 10.12 8.25 7.25 6.25 7.62 10.78 13.94 14.93 15.03 15.13 13.67 11.92 10.18 9.92 9.68 9.5 9.74 9.99 10.21 10.35 10.49 10.6 10.69 10.78 10.85 10.9 10.94 10.97 11 11.02 11.03 11.03 11.04 11.04 11.04 11.04 11.03 11.03 11.02 11.07 11.1 11.14 11.17 11.18 11.23 11.32 11.36 11.39 11.42 11.46 11.49 11.53 11.56 11.59 11.62 11.66 11.66 11.7 11.78 11.82 11.85 11.88 11.91 11.94 11.97 11.99 12.02 12.03 12.06 12.12 12.15
13.79 13.13 12.47 12.09 13.27 14.44 14.81 13.22 11.62 10.24 9.15 8.06 8.83 11.02 13.2 14.01 14.26 14.5 13.4 12.06 10.73 10.41 10.11 9.86 10.01 10.15 10.28 10.39 10.49 10.58 10.65 10.72 10.77 10.82 10.86 10.89 10.91 10.93 10.94 10.95 10.96 10.96 10.96 10.95 10.95 10.94 11 11.02 11.06 11.1 11.13 11.17 11.18 11.22 11.32 11.36 11.39 11.42 11.46 11.49 11.53 11.56 11.59 11.62 11.66 11.66 11.7 11.78 11.82 11.85 11.88 11.91 11.94 11.97 11.99 12.02 12.03 12.06 12.12
14.46 12.94 11.42 10.37 11.95 13.53 14.46 13.79 13.12 12.23 11.05 9.87 10.05 11.26 12.47 13.09 13.48 13.87 13.13 12.21 11.27 10.9 10.54 10.23 10.27 10.31 10.36 10.42 10.49 10.55 10.6 10.66 10.7 10.74 10.77 10.8 10.82 10.84 10.85 10.86 10.87 10.87 10.87 10.87 10.87 10.92 10.94 10.99 11.02 11.06 11.1 11.13 11.17 11.17 11.22 11.32 11.36 11.39 11.42 11.46 11.49 11.53 11.56 11.59 11.62 11.66 11.66 11.7 11.78 11.82 11.85 11.88 11.91 11.94 11.97 11.99 12.02 12.03 12.06
