NetLogoInput/pp3_30_flow.asc
NCOLS 263 
NROWS 382 
XLLCORNER -925595.5599279 
YLLCORNER -56566.530794814 
CELLSIZE 30 
NODATA_value -9999 
[rows 210 to 244 of 382, columns 79 to 157 of 263]
379.64 300.61 229.01 182.31 135.6 100.99 86.97 72.96 60.04 48.19 36.33 30.44 27.77 25.09 23.49 22.18 20.87 20.32 19.84 19.55 21.91 24.27 26.76 29.72 32.69 34.47 34.04 33.62 32.91 31.92 30.92 29.81 28.64 27.46 24.7 21.46 18.22 15.79 13.44 11.32 13.48 15.65 17.72 19.37 21.02 22.29 22.77 23.25 23.5 23.49 23.47 23.36 23.19 23.02 22.8 22.58 22.35 22.11 21.86 21.62 21.38 21.14 20.91 20.69 20.46 20.25 20.04 19.84 19.65 19.46 19.28 19.11 18.94 18.77 18.6 18.43 18.27 18.09 17.91
349.02 268.47 197.89 160.64 123.39 96.15 85.97 75.79 63.48 49.14 34.8 27.98 25.21 22.44 21.59 21.24 20.89 20.27 19.63 19.17 21.05 22.93 25.05 28.08 31.09 33.11 33.26 33.4 33.12 32.38 31.65 30.83 29.94 29.06 26.54 23.53 20.52 17.91 15.33 12.97 14.74 16.51 18.2 19.54 20.87 21.95 22.51 23.06 23.37 23.38 23.39 23.3 23.14 22.99 22.78 22.56 22.35 22.11 21.87 21.63 21.4 21.16 20.93 20.71 20.48 20.27 20.06 19.86 19.66 19.47 19.28 19.1 18.92 18.74 18.56 18.39 18.21 18.03 17.85
275.62 222.87 176.2 149.84 123.48 103.43 94.11 84.8 72.36 56.93 41.5 32.83 27.8 22.77 21.76 21.83 21.89 21.64 21.36 21.2 22.64 24.08 25.75 28.33 30.9 32.69 33.03 33.36 33.31 32.87 32.43 32 31.58 31.15 29.43 27.32 25.2 22.82 20.4 18.13 18.78 19.42 20.09 20.91 21.73 22.41 22.82 23.23 23.45 23.44 23.42 23.32 23.16 23 22.79 22.57 22.35 22.12 21.88 21.64 21.41 21.17 20.94 20.72 20.49 20.28 20.07 19.86 19.66 19.46 19.27 19.08 18.9 18.71 18.53 18.35 18.16 17.98 17.79
202.22 177.27 154.5 139.04 123.57 110.7 102.25 93.81 81.24 64.72 48.2 37.68 30.39 23.1 21.94 22.42 22.9 23.01 23.09 23.24 24.23 25.22 26.45 28.58 30.71 32.27 32.8 33.31 33.51 33.36 33.22 33.18 33.21 33.24 32.31 31.1 29.88 27.72 25.47 23.3 22.81 22.32 21.98 22.28 22.59 22.87 23.14 23.4 23.53 23.49 23.45 23.34 23.17 23 22.8 22.58 22.36 22.13 21.89 21.65 21.42 21.18 20.95 20.73 20.5 20.28 20.07 19.86 19.65 19.46 19.26 19.06 18.87 18.68 18.49 18.3 18.11 17.92 17.73
136.32 136.25 134.93 129.42 123.9 117.66 110.18 102.71 90.25 72.99 55.74 43.48 33.91 24.34 22.79 23.39 23.98 24.5 25.02 25.53 26.09 26.65 27.44 29.08 30.73 32.02 32.68 33.34 33.74 33.86 33.99 34.32 34.76 35.21 35.01 34.61 34.21 32.27 30.17 28.1 26.58 25.07 23.81 23.63 23.45 23.37 23.48 23.6 23.63 23.56 23.49 23.36 23.19 23.01 22.81 22.59 22.37 22.13 21.9 21.66 21.43 21.2 20.96 20.74 20.51 20.29 20.08 19.86 19.65 19.45 19.24 19.04 18.85 18.65 18.45 18.26 18.06 17.87 17.67
122.9 127.3 130.2 128.06 125.91 122.42 116.64 110.85 100.13 84.66 69.19 55.98 43.97 31.97 28.37 27.01 25.65 26.87 28.28 29.61 29.87 30.13 30.51 31.36 32.2 32.92 33.39 33.86 34.22 34.46 34.69 35.15 35.75 36.35 36.38 36.23 36.09 34.27 32.29 30.31 28.5 26.69 25.15 24.74 24.34 24.05 24 23.96 23.88 23.75 23.62 23.45 23.26 23.06 22.84 22.61 22.38 22.15 21.91 21.67 21.44 21.2 20.97 20.74 20.51 20.29 20.07 19.85 19.64 19.43 19.22 19.02 18.82 18.62 18.41 18.21 18.01 17.81 17.61
109.49 118.35 125.46 126.7 127.93 127.19 123.09 119 110.01 96.33 82.64 68.47 54.04 39.61 33.95 30.64 27.32 29.23 31.54 33.69 33.65 33.6 33.58 33.63 33.68 33.82 34.1 34.38 34.7 35.05 35.39 35.99 36.74 37.48 37.74 37.86 37.97 36.28 34.41 32.52 30.42 28.31 26.49 25.86 25.23 24.73 24.53 24.32 24.12 23.94 23.75 23.54 23.32 23.11 22.88 22.64 22.4 22.16 21.92 21.68 21.44 21.2 20.97 20.74 20.51 20.28 20.06 19.84 19.63 19.42 19.21 19 18.79 18.58 18.38 18.17 17.96 17.75 17.55
96.07 109.4 120.72 125.33 129.94 131.96 129.55 127.14 119.89 107.99 96.09 80.97 64.1 47.24 39.53 34.26 28.98 31.6 34.81 37.76 37.42 37.08 36.65 35.91 35.16 34.71 34.81 34.91 35.18 35.64 36.1 36.83 37.73 38.62 39.11 39.48 39.85 38.28 36.52 34.73 32.33 29.93 27.83 26.97 26.12 25.42 25.05 24.68 24.37 24.12 23.88 23.63 23.39 23.15 22.91 22.66 22.42 22.17 21.93 21.69 21.45 21.21 20.97 20.74 20.51 20.28 20.06 19.84 19.62 19.4 19.19 18.97 18.76 18.55 18.34 18.12 17.91 17.7 17.49
79.85 92.61 104.19 111.79 119.39 124.53 125.49 126.45 121.83 111.83 101.83 88.81 74.14 59.48 51.19 44.59 38 38.55 39.64 40.61 39.92 39.23 38.48 37.51 36.54 35.8 35.48 35.16 35.19 35.58 35.97 36.72 37.68 38.64 38.91 38.97 39.04 37.56 35.92 34.26 32.19 30.12 28.27 27.4 26.52 25.79 25.37 24.94 24.58 24.29 24 23.73 23.47 23.21 22.95 22.69 22.44 22.19 21.94 21.69 21.45 21.2 20.96 20.73 20.5 20.27 20.04 19.82 19.6 19.38 19.16 18.95 18.73 18.52 18.3 18.08 17.87 17.64 17.42
63.55 75.63 87.36 97.93 108.51 116.79 121.16 125.54 123.56 115.47 107.38 96.53 84.18 71.84 63 55.1 47.2 45.62 44.51 43.41 42.38 41.34 40.27 39.09 37.91 36.89 36.15 35.41 35.19 35.51 35.83 36.58 37.6 38.62 38.66 38.41 38.16 36.76 35.25 33.73 32 30.27 28.7 27.81 26.92 26.16 25.68 25.19 24.78 24.45 24.12 23.82 23.54 23.26 22.99 22.72 22.45 22.2 21.94 21.69 21.44 21.2 20.96 20.72 20.49 20.25 20.03 19.8 19.58 19.36 19.14 18.92 18.7 18.49 18.26 18.04 17.82 17.59 17.36
47.25 58.64 70.53 84.08 97.63 109.05 116.84 124.62 125.29 119.11 112.93 104.25 94.22 84.2 74.81 65.61 56.4 52.69 49.39 46.22 44.84 43.46 42.07 40.68 39.29 37.98 36.82 35.66 35.19 35.43 35.68 36.45 37.53 38.61 38.42 37.85 37.29 35.97 34.58 33.19 31.8 30.42 29.12 28.22 27.31 26.52 25.99 25.45 24.99 24.62 24.24 23.92 23.61 23.31 23.02 22.75 22.47 22.21 21.95 21.69 21.44 21.2 20.95 20.71 20.48 20.24 20.01 19.79 19.56 19.34 19.12 18.9 18.67 18.45 18.23 18 17.77 17.53 17.29
39.11 48.55 59.02 72.96 86.89 98.98 107.94 116.89 118.99 114.49 110 103.48 95.88 88.28 79.86 71.22 62.58 57.73 53.16 48.78 46.97 45.16 43.41 41.86 40.32 38.84 37.47 36.11 35.09 34.42 33.75 33.95 34.67 35.38 35.66 35.81 35.96 34.91 33.73 32.55 31.39 30.22 29.11 28.26 27.41 26.66 26.11 25.57 25.09 24.71 24.32 23.97 23.65 23.34 23.04 22.76 22.48 22.21 21.94 21.68 21.43 21.18 20.93 20.7 20.46 20.22 20 19.77 19.54 19.32 19.09 18.87 18.65 18.43 18.2 17.97 17.74 17.49 17.24
32.68 39.91 48.65 62.42 76.18 88.42 98.07 107.71 110.98 108.13 105.27 100.92 95.76 90.6 83.46 75.79 68.13 62.34 56.7 51.29 49.04 46.78 44.65 42.96 41.27 39.64 38.13 36.61 34.97 33.21 31.44 30.95 31.22 31.48 32.38 33.46 34.54 33.78 32.84 31.9 30.92 29.94 29 28.22 27.44 26.74 26.2 25.66 25.18 24.78 24.38 24.02 23.69 23.36 23.06 22.77 22.48 22.21 21.94 21.67 21.42 21.17 20.92 20.68 20.44 20.2 19.97 19.74 19.52 19.29 19.07 18.84 18.62 18.4 18.17 17.94 17.7 17.45 17.19
26.26 31.28 38.28 51.88 65.48 77.87 88.2 98.53 102.97 101.76 100.54 98.36 95.64 92.93 87.06 80.37 73.67 66.95 60.23 53.8 51.1 48.4 45.89 44.06 42.23 40.45 38.78 37.12 34.86 31.99 29.12 27.95 27.77 27.58 29.09 31.1 33.12 32.66 31.96 31.25 30.46 29.66 28.89 28.18 27.48 26.83 26.29 25.75 25.27 24.85 24.44 24.07 23.73 23.39 23.08 22.78 22.48 22.21 21.93 21.66 21.41 21.15 20.9 20.66 20.42 20.18 19.95 19.72 19.49 19.27 19.04 18.82 18.59 18.37 18.14 17.9 17.67 17.41 17.15
23.94 28.43 34.82 47.53 60.23 71.75 81.23 90.71 95.26 95.08 94.89 93.69 91.94 90.18 85.3 79.6 73.89 67.57 61.2 55.08 52.22 49.37 46.71 44.82 42.92 41.13 39.51 37.89 35.57 32.5 29.44 27.92 27.3 26.69 28.05 30 31.96 31.69 31.21 30.72 30.05 29.38 28.71 28.06 27.41 26.81 26.28 25.76 25.28 24.87 24.45 24.08 23.73 23.38 23.07 22.77 22.47 22.19 21.91 21.64 21.38 21.13 20.87 20.63 20.39 20.16 19.93 19.7 19.47 19.24 19.02 18.79 18.57 18.35 18.12 17.88 17.65 17.39 17.13
23.59 28.37 34.7 46.16 57.62 67.76 75.65 83.54 87.69 88.25 88.8 88.01 86.5 84.99 80.96 76.26 71.56 66.27 60.94 55.77 52.89 50.01 47.34 45.42 43.5 41.74 40.27 38.8 36.67 33.85 31.02 29.32 28.29 27.25 28.1 29.51 30.92 30.8 30.53 30.25 29.67 29.08 28.5 27.9 27.31 26.74 26.24 25.73 25.27 24.86 24.44 24.07 23.72 23.37 23.06 22.75 22.44 22.17 21.89 21.61 21.35 21.1 20.85 20.6 20.36 20.13 19.9 19.67 19.44 19.22 18.99 18.77 18.55 18.32 18.1 17.87 17.63 17.38 17.12
23.24 28.31 34.58 44.79 55.01 63.78 70.08 76.38 80.13 81.42 82.71 82.34 81.07 79.8 76.62 72.92 69.22 64.97 60.67 56.47 53.56 50.66 47.96 46.01 44.07 42.34 41.03 39.71 37.77 35.19 32.6 30.73 29.26 27.8 28.14 29.01 29.89 29.91 29.86 29.78 29.28 28.79 28.29 27.74 27.2 26.68 26.19 25.71 25.26 24.84 24.43 24.06 23.71 23.36 23.04 22.73 22.42 22.14 21.86 21.59 21.33 21.07 20.82 20.57 20.33 20.1 19.87 19.64 19.41 19.19 18.97 18.74 18.52 18.3 18.08 17.85 17.62 17.37 17.12
21.82 26.48 32.24 41.66 51.08 59.21 65.16 71.1 74.84 76.45 78.06 77.86 76.69 75.53 72.93 69.95 66.97 63.48 59.95 56.47 53.65 50.82 48.19 46.26 44.34 42.67 41.48 40.28 38.61 36.42 34.24 32.38 30.71 29.05 28.89 29.18 29.48 29.49 29.47 29.43 28.99 28.54 28.09 27.58 27.07 26.58 26.11 25.65 25.21 24.8 24.4 24.02 23.67 23.32 23 22.7 22.39 22.11 21.83 21.55 21.29 21.03 20.78 20.54 20.3 20.06 19.83 19.6 19.38 19.16 18.94 18.72 18.5 18.29 18.06 17.84 17.62 17.37 17.13
19.44 23.06 27.92 36.93 45.95 54.11 60.82 67.53 71.61 73.17 74.72 74.48 73.27 72.07 69.83 67.32 64.8 61.83 58.83 55.85 53.2 50.55 48.06 46.2 44.33 42.73 41.64 40.55 39.19 37.56 35.93 34.27 32.59 30.91 30.28 29.95 29.63 29.48 29.35 29.2 28.77 28.34 27.9 27.41 26.93 26.46 26.01 25.55 25.13 24.73 24.33 23.97 23.62 23.27 22.95 22.65 22.34 22.06 21.78 21.5 21.25 20.99 20.73 20.5 20.26 20.02 19.8 19.57 19.35 19.13 18.91 18.7 18.48 18.27 18.05 17.84 17.62 17.39 17.16
17.05 19.63 23.59 32.2 40.82 49.01 56.49 63.96 68.39 69.88 71.38 71.09 69.85 68.61 66.73 64.68 62.63 60.18 57.7 55.22 52.75 50.27 47.93 46.13 44.32 42.8 41.81 40.81 39.78 38.7 37.62 36.15 34.46 32.77 31.66 30.73 29.79 29.48 29.23 28.97 28.55 28.13 27.71 27.25 26.79 26.33 25.9 25.46 25.05 24.66 24.27 23.91 23.56 23.22 22.9 22.6 22.29 22.01 21.73 21.45 21.2 20.94 20.69 20.45 20.22 19.98 19.76 19.53 19.31 19.1 18.88 18.67 18.46 18.25 18.04 17.83 17.62 17.41 17.19
14.97 16.63 19.71 27.54 35.37 43.32 51.46 59.6 64.53 66.37 68.21 68.02 66.73 65.45 63.94 62.36 60.79 58.79 56.75 54.69 52.33 49.96 47.72 45.95 44.17 42.68 41.73 40.78 39.92 39.17 38.41 37.12 35.49 33.87 32.51 31.23 29.95 29.5 29.14 28.78 28.36 27.95 27.52 27.08 26.64 26.2 25.78 25.36 24.96 24.57 24.19 23.84 23.49 23.16 22.84 22.54 22.23 21.95 21.68 21.4 21.15 20.89 20.64 20.41 20.17 19.94 19.71 19.49 19.28 19.06 18.85 18.64 18.44 18.23 18.03 17.83 17.63 17.43 17.23
13.37 14.36 16.59 22.99 29.38 36.62 45.27 53.93 59.63 62.48 65.32 65.45 64.12 62.79 61.65 60.57 59.49 57.81 56.09 54.32 51.96 49.61 47.37 45.57 43.78 42.26 41.25 40.24 39.33 38.53 37.74 36.54 35.12 33.7 32.46 31.28 30.11 29.58 29.12 28.66 28.22 27.79 27.35 26.92 26.48 26.05 25.64 25.23 24.84 24.46 24.09 23.74 23.41 23.07 22.76 22.46 22.16 21.88 21.61 21.34 21.08 20.83 20.58 20.35 20.12 19.89 19.67 19.45 19.23 19.02 18.82 18.61 18.42 18.22 18.02 17.83 17.64 17.45 17.27
11.78 12.09 13.47 18.43 23.4 29.92 39.09 48.26 54.72 58.58 62.44 62.89 61.51 60.13 59.37 58.78 58.19 56.83 55.42 53.94 51.59 49.25 47.02 45.2 43.39 41.83 40.77 39.7 38.74 37.9 37.06 35.97 34.75 33.52 32.41 31.34 30.26 29.66 29.09 28.53 28.08 27.63 27.18 26.75 26.32 25.9 25.5 25.1 24.72 24.35 23.99 23.64 23.31 22.98 22.68 22.38 22.08 21.81 21.54 21.27 21.02 20.77 20.52 20.29 20.06 19.84 19.62 19.4 19.19 18.99 18.78 18.58 18.39 18.2 18.01 17.83 17.64 17.47 17.31
10.5 10.3 10.97 14.57 18.17 23.93 33.37 42.81 49.88 54.68 59.47 60.11 58.52 56.92 56.48 56.34 56.21 55.38 54.5 53.52 51.18 48.84 46.61 44.78 42.94 41.36 40.24 39.12 38.12 37.24 36.36 35.37 34.31 33.26 32.27 31.3 30.33 29.66 29.02 28.4 27.93 27.46 27 26.58 26.16 25.75 25.36 24.97 24.59 24.24 23.88 23.54 23.22 22.89 22.59 22.3 22 21.73 21.47 21.2 20.95 20.7 20.46 20.23 20 19.78 19.57 19.35 19.15 18.94 18.74 18.55 18.36 18.18 18 17.82 17.65 17.5 17.34
10.28 10.16 10.64 13.1 15.56 20.38 29.24 38.1 45.24 50.73 56.21 56.59 54.21 51.83 51.49 51.68 51.88 52.28 52.7 52.93 50.6 48.26 46.03 44.17 42.32 40.71 39.56 38.41 37.38 36.48 35.58 34.64 33.67 32.71 31.81 30.94 30.06 29.42 28.81 28.2 27.73 27.27 26.81 26.39 25.98 25.57 25.19 24.81 24.44 24.09 23.74 23.41 23.1 22.78 22.48 22.2 21.91 21.64 21.38 21.11 20.87 20.63 20.39 20.16 19.94 19.72 19.51 19.3 19.09 18.9 18.7 18.51 18.33 18.15 17.98 17.81 17.64 17.5 17.36
10.05 10.03 10.31 11.63 12.95 16.84 25.11 33.39 40.59 46.77 52.96 53.07 49.9 46.74 46.5 47.02 47.54 49.18 50.9 52.34 50.01 47.68 45.45 43.57 41.69 40.06 38.87 37.69 36.64 35.72 34.81 33.91 33.03 32.15 31.35 30.58 29.8 29.19 28.59 28.01 27.54 27.07 26.61 26.2 25.79 25.4 25.02 24.65 24.29 23.95 23.61 23.29 22.98 22.67 22.38 22.09 21.81 21.55 21.29 21.03 20.79 20.55 20.31 20.09 19.87 19.65 19.45 19.24 19.04 18.85 18.66 18.47 18.3 18.12 17.96 17.8 17.64 17.51 17.38
9.83 9.89 10 10.3 10.61 13.65 21.33 29.02 36.19 42.88 49.57 49.42 45.59 41.76 41.65 42.53 43.42 46.18 49.08 51.63 49.33 47.03 44.82 42.93 41.05 39.4 38.19 36.98 35.9 34.98 34.05 33.2 32.4 31.61 30.9 30.21 29.53 28.94 28.37 27.8 27.33 26.87 26.41 26.01 25.61 25.22 24.86 24.49 24.14 23.81 23.48 23.16 22.86 22.55 22.27 21.99 21.71 21.45 21.2 20.94 20.71 20.47 20.24 20.02 19.8 19.59 19.38 19.18 18.98 18.8 18.61 18.43 18.26 18.09 17.93 17.78 17.63 17.51 17.39
9.61 9.67 9.92 10.8 11.67 14.82 21.83 28.84 34.78 39.7 44.62 44.3 41.16 38.02 38.62 40.22 41.83 44.39 47.02 49.34 47.42 45.51 43.64 41.92 40.19 38.66 37.49 36.32 35.27 34.37 33.46 32.64 31.88 31.11 30.44 29.79 29.14 28.59 28.05 27.51 27.06 26.61 26.17 25.78 25.39 25.01 24.66 24.31 23.96 23.64 23.32 23.01 22.71 22.42 22.14 21.87 21.59 21.34 21.09 20.84 20.61 20.38 20.15 19.93 19.72 19.51 19.31 19.11 18.92 18.74 18.55 18.38 18.21 18.04 17.89 17.75 17.6 17.48 17.37
9.38 9.46 9.85 11.29 12.73 15.99 22.32 28.66 33.37 36.51 39.66 39.17 36.72 34.27 35.59 37.91 40.23 42.59 44.96 47.04 45.52 43.99 42.46 40.9 39.34 37.92 36.79 35.65 34.64 33.76 32.87 32.08 31.35 30.62 29.98 29.36 28.75 28.23 27.72 27.22 26.78 26.35 25.93 25.55 25.17 24.81 24.46 24.12 23.79 23.47 23.16 22.86 22.57 22.28 22.01 21.74 21.48 21.23 20.98 20.74 20.51 20.28 20.06 19.85 19.64 19.43 19.24 19.04 18.85 18.67 18.49 18.32 18.16 18 17.85 17.71 17.57 17.46 17.35
9.16 9.25 9.78 11.79 13.8 17.16 22.82 28.48 31.95 33.33 34.7 34.04 32.29 30.53 32.56 35.6 38.64 40.8 42.89 44.76 43.61 42.47 41.27 39.88 38.48 37.18 36.09 34.99 34.01 33.15 32.29 31.53 30.83 30.13 29.52 28.94 28.36 27.88 27.4 26.92 26.51 26.1 25.69 25.32 24.96 24.6 24.27 23.93 23.61 23.31 23 22.71 22.43 22.15 21.88 21.62 21.36 21.12 20.87 20.63 20.41 20.19 19.97 19.76 19.56 19.35 19.16 18.97 18.79 18.61 18.43 18.27 18.11 17.95 17.81 17.68 17.54 17.43 17.33
9.15 9.51 10.25 12.24 14.23 17.51 23 28.49 31.31 31.56 31.82 31.17 30.03 28.89 31.4 34.89 38.36 39.97 41.43 42.73 41.83 40.93 39.97 38.76 37.56 36.42 35.41 34.39 33.47 32.64 31.81 31.08 30.4 29.72 29.13 28.57 28.01 27.53 27.07 26.6 26.2 25.81 25.42 25.06 24.71 24.37 24.05 23.73 23.42 23.12 22.82 22.54 22.27 21.99 21.73 21.48 21.23 20.99 20.75 20.52 20.3 20.08 19.87 19.66 19.46 19.26 19.08 18.89 18.71 18.53 18.36 18.2 18.05 17.89 17.75 17.62 17.49 17.38 17.28
9.15 9.81 10.76 12.68 14.61 17.8 23.15 28.51 30.72 29.91 29.1 28.47 27.95 27.43 30.4 34.3 38.19 39.22 40.02 40.73 40.06 39.39 38.65 37.64 36.64 35.66 34.72 33.79 32.93 32.13 31.34 30.63 29.97 29.32 28.74 28.2 27.65 27.19 26.73 26.28 25.9 25.51 25.14 24.8 24.47 24.14 23.83 23.52 23.22 22.93 22.65 22.37 22.11 21.84 21.59 21.34 21.09 20.86 20.63 20.4 20.19 19.97 19.76 19.56 19.36 19.17 18.99 18.8 18.63 18.46 18.29 18.13 17.98 17.83 17.69 17.56 17.43 17.33 17.22
9.16 10.11 11.27 13.13 14.99 18.09 23.31 28.53 30.13 28.26 26.38 25.78 25.87 25.96 29.39 33.71 38.02 38.46 38.61 38.72 38.28 37.84 37.33 36.52 35.71 34.89 34.04 33.2 32.39 31.63 30.87 30.19 29.55 28.91 28.36 27.83 27.3 26.85 26.4 25.96 25.59 25.22 24.86 24.54 24.22 23.9 23.61 23.31 23.02 22.74 22.47 22.2 21.94 21.68 21.44 21.2 20.96 20.73 20.51 20.28 20.08 19.87 19.66 19.46 19.27 19.08 18.9 18.72 18.55 18.38 18.22 18.06 17.91 17.77 17.63 17.51 17.38 17.27 17.17
9.67 10.68 11.73 12.88 14.03 16.68 21.86 27.04 28.94 27.68 26.43 25.95 25.89 25.83 28.86 32.71 36.56 37 37.17 37.31 36.98 36.64 36.23 35.55 34.88 34.17 33.4 32.64 31.9 31.18 30.47 29.81 29.2 28.58 28.04 27.52 27 26.55 26.11 25.68 25.31 24.95 24.59 24.28 23.96 23.66 23.37 23.09 22.81 22.54 22.27 22.02 21.77 21.52 21.28 21.05 20.81 20.59 20.37 20.16 19.95 19.75 19.55 19.36 19.16 18.98 18.8 18.63 18.46 18.29 18.13 17.98 17.84 17.69 17.56 17.43 17.31 17.2 17.1
10.33 11.33 12.16 12.43 12.7 14.78 19.94 25.11 27.57 27.43 27.29 26.95 26.51 26.08 28.46 31.59 34.73 35.32 35.72 36.08 35.81 35.54 35.2 34.63 34.06 33.45 32.77 32.09 31.42 30.75 30.08 29.46 28.86 28.26 27.73 27.22 26.71 26.27 25.84 25.41 25.05 24.68 24.33 24.02 23.71 23.41 23.14 22.86 22.59 22.34 22.08 21.83 21.59 21.35 21.12 20.89 20.66 20.45 20.24 20.03 19.83 19.63 19.43 19.24 19.06 18.87 18.7 18.53 18.36 18.2 18.05 17.9 17.75 17.61 17.48 17.36 17.23 17.12 17.02
