NetLogoInput/pp3_90_flow.asc
NCOLS 88 
NROWS 127 
XLLCORNER -925625.5599279 
YLLCORNER -56566.530794814 
CELLSIZE 90 
NODATA_value -9999 
[rows 72 to 107 of 127, columns 0 to 80 of 88]
17.67 15.81 15.63 15.4 15.14 13.11 12.55 10.7 6.4 1.25 9.17 19.6 24.69 27.01 27.06 25.64 26.32 28.66 22.13 8.77 1.2 0 0 3.16 27.28 51.06 67.08 104.19 124.53 121.83 88.81 51.19 38.55 39.92 37.51 35.48 35.58 37.68 38.97 35.92 30.12 26.52 24.94 24 23.21 22.44 21.69 20.96 20.27 19.6 18.95 18.3 17.64 16.98 16.4 16.16 16.4 16.62 16.3 15.65 15.05 14.57 14.18 13.86 13.6 13.37 13.17 13 12.84 12.66 12.48 12.29 12.11 11.97 11.85 11.77 11.72 11.69 11.68 11.69 11.72
15.72 15.63 15.39 15.14 12.64 11.62 10.7 4.55 0.78 0.31 2.8 8.72 15.81 20.91 22.3 21.8 22.41 20.03 10.56 1.99 0 0 0.4 8.4 31.92 35 29.66 59.02 98.98 118.99 103.48 79.86 57.73 46.97 41.86 37.47 34.42 34.67 35.81 33.73 30.22 27.41 25.57 24.32 23.34 22.48 21.68 20.93 20.22 19.54 18.87 18.2 17.49 16.71 15.84 15.36 16.08 17.03 16.75 15.9 15.2 14.6 14.16 13.84 13.59 13.38 13.19 13.02 12.85 12.69 12.52 12.36 12.21 12.09 11.99 11.91 11.87 11.84 11.83 11.85 11.88
15.63 15.39 15.14 12.41 11.16 10.7 4.03 0.55 0.31 0.78 0 0.9 5.03 10.67 14.46 16.25 15.38 8.86 2.76 0.42 0 0 2.12 12.04 28.64 28.77 19.44 34.82 71.75 95.26 93.69 85.3 67.57 52.22 44.82 39.51 32.5 27.3 30 31.21 29.38 27.41 25.76 24.45 23.38 22.47 21.64 20.87 20.16 19.47 18.79 18.12 17.39 16.53 15.27 13.58 13.07 14.42 15.51 15.6 15.14 14.47 14.03 13.77 13.55 13.37 13.19 13.03 12.87 12.71 12.57 12.42 12.3 12.19 12.1 12.04 11.99 11.97 11.97 11.99 12.02
15.39 15.14 12.29 10.93 10.7 3.86 0.43 0.31 0.27 0 0 0 0 1.46 5.63 7.71 6.11 3.15 0.66 0 0 0.15 4.79 13.16 21.44 22.62 17.15 32.24 59.21 74.84 77.86 72.93 63.48 53.65 46.26 41.48 36.42 30.71 29.18 29.47 28.54 27.07 25.65 24.4 23.32 22.39 21.55 20.78 20.06 19.38 18.72 18.06 17.37 16.58 15.47 12.49 7.68 7.17 10.9 13.39 14.19 14.05 13.82 13.66 13.5 13.35 13.19 13.03 12.88 12.74 12.6 12.48 12.37 12.27 12.2 12.14 12.11 12.09 12.1 12.12 12.15
15.14 12.24 10.82 10.7 3.81 0.37 0.31 0.14 0 0 0 0 0 0.29 1.33 2.24 1.96 0.89 0.16 0 0 1.12 7.61 14.33 14.83 14.51 13.3 19.71 43.32 64.53 68.02 63.94 58.79 52.33 45.95 41.73 39.17 35.49 31.23 29.14 27.95 26.64 25.36 24.19 23.16 22.23 21.4 20.64 19.94 19.28 18.64 18.03 17.43 16.82 16.29 15.29 11.56 8.11 7.62 8.64 11.9 13.41 13.59 13.56 13.45 13.32 13.18 13.04 12.89 12.76 12.63 12.52 12.42 12.34 12.27 12.23 12.2 12.2 12.21 12.23 12.28
12.21 10.76 10.7 3.79 0.34 0.31 0.11 0 0 0 0 0 0 0 0 0 0 0 0 0 0.07 3.06 9.76 12.5 11.33 11.24 10.7 10.97 23.93 49.88 60.11 56.48 55.38 51.18 44.78 40.24 37.24 34.31 31.3 29.02 27.46 26.16 24.97 23.88 22.89 22 21.2 20.46 19.78 19.15 18.55 18 17.5 17.09 16.92 17.14 17.05 15.41 13.37 12.46 12.45 13.13 13.48 13.51 13.43 13.31 13.17 13.03 12.9 12.77 12.65 12.55 12.46 12.39 12.33 12.3 12.28 12.28 12.3 12.33 12.38
10.73 10.7 3.78 0.32 0.31 0.1 0 0 0 0 0 0 0 0 0 0 0 0 0 0.01 0.98 5.15 9.39 10.12 9.79 9.75 9.78 10 13.65 36.19 49.42 41.65 46.18 49.33 42.93 38.19 34.98 32.4 30.21 28.37 26.87 25.61 24.49 23.48 22.55 21.71 20.94 20.24 19.59 18.98 18.43 17.93 17.51 17.21 17.13 17.4 17.72 17.07 15.72 14.5 13.68 13.5 13.55 13.52 13.43 13.31 13.17 13.03 12.9 12.77 12.66 12.57 12.49 12.43 12.38 12.36 12.35 12.36 12.38 12.43 12.38
10.7 3.78 0.32 0.31 0.1 0 0 0 0 0 0 0 0 0 0 0 0 0 0 0.57 3.07 6.47 8.31 8.56 8.46 8.66 9.07 9.78 17.16 31.95 34.04 32.56 40.8 43.61 39.88 36.09 33.15 30.83 28.94 27.4 26.1 24.96 23.93 23 22.15 21.36 20.63 19.97 19.35 18.79 18.27 17.81 17.43 17.16 17.04 17.04 16.97 16.51 15.71 14.87 14.22 13.87 13.71 13.59 13.45 13.31 13.16 13.02 12.89 12.77 12.66 12.57 12.5 12.45 12.42 12.4 12.4 12.42 12.45 12.44 12.43
3.77 0.31 0.31 0.1 0 0 0 0 0 0 0 0 0 0 0 0 0 0 0.37 1.84 4.2 6.26 7.24 7.29 7.23 7.67 8.21 11.27 18.09 30.13 25.78 29.39 38.46 38.28 36.52 34.04 31.63 29.55 27.83 26.4 25.22 24.22 23.31 22.47 21.68 20.96 20.28 19.66 19.08 18.55 18.06 17.63 17.27 16.99 16.8 16.64 16.42 16.03 15.5 14.93 14.44 14.09 13.85 13.66 13.49 13.32 13.15 13 12.87 12.75 12.64 12.56 12.5 12.46 12.43 12.43 12.44 12.47 12.51 12.48 12.47
0.31 0.31 0.1 0 0 0 0 0 0 0 0 0 0 0 0 0 0 0 0.72 2.52 4.44 6.22 6.63 6.04 6.02 6.38 10 12.59 12.88 26.2 27.95 28.06 33.65 34.63 33.71 32.14 30.31 28.53 26.92 25.56 24.42 23.46 22.63 21.89 21.18 20.52 19.9 19.31 18.77 18.27 17.81 17.4 17.05 16.75 16.5 16.27 16.02 15.7 15.31 14.91 14.54 14.23 13.96 13.73 13.51 13.31 13.13 12.97 12.83 12.71 12.61 12.54 12.48 12.45 12.43 12.44 12.46 12.5 12.49 12.51 12.5
0.31 0.1 0 0 0 0 0 0 0 0 0 0 0 0 0 0 0 0.09 0.72 2.64 4.68 6.24 6.55 6.12 6.17 5.57 9.28 13.38 14.88 23.24 28.35 28.74 30.66 31.83 31.5 30.46 29.09 27.63 26.2 24.89 23.76 22.8 21.98 21.28 20.65 20.05 19.48 18.94 18.43 17.96 17.52 17.12 16.77 16.46 16.18 15.93 15.68 15.42 15.15 14.87 14.6 14.32 14.05 13.78 13.53 13.3 13.09 12.92 12.78 12.66 12.56 12.49 12.45 12.42 12.42 12.44 12.48 12.48 12.5 12.5 12.51
0.1 0 0 0 0 0 0 0 0 0 0 0 0 0 0 0 0 0.27 1.11 2.72 4.27 5.29 6.01 6.31 6.37 5.42 5.76 10.88 18.07 23.48 26.5 28.2 29.51 30.12 29.84 29.03 27.96 26.78 25.55 24.36 23.26 22.29 21.45 20.73 20.11 19.56 19.04 18.54 18.07 17.62 17.2 16.81 16.46 16.13 15.84 15.58 15.36 15.16 14.99 14.83 14.65 14.41 14.13 13.82 13.52 13.26 13.03 12.85 12.7 12.58 12.49 12.43 12.39 12.38 12.39 12.42 12.45 12.48 12.49 12.5 12.51
0 0 0 0 0 0 0 0 0 0 0 0 0 0 0 0 0 0.37 1.37 2.64 3.7 4.43 4.97 5.34 5.49 5.14 4.65 6.61 16.37 22.49 24.67 27.76 29.33 29.16 28.54 27.81 26.94 25.96 24.92 23.86 22.85 21.9 21.04 20.29 19.65 19.08 18.58 18.13 17.68 17.26 16.85 16.47 16.11 15.78 15.48 15.22 15.01 14.87 14.83 14.83 14.76 14.56 14.23 13.84 13.48 13.18 12.94 12.75 12.6 12.48 12.4 12.35 12.32 12.32 12.35 12.39 12.42 12.45 12.48 12.49 12.5
0 0 0 0 0 0 0 0 0 0 0 0 0 0 0 0 0 0.28 1.28 2.64 3.68 4.3 4.68 4.93 5.01 4.84 4.45 5.44 16.14 18.32 18.56 26.28 29.26 28.15 27.34 26.73 26.02 25.2 24.29 23.36 22.44 21.56 20.73 19.97 19.28 18.69 18.17 17.71 17.29 16.89 16.49 16.11 15.75 15.4 15.08 14.8 14.59 14.5 14.62 14.88 15.03 14.84 14.35 13.82 13.38 13.05 12.8 12.61 12.47 12.36 12.29 12.24 12.23 12.24 12.3 12.35 12.38 12.42 12.45 12.48 12.49
0 0 0 0 0 0 0 0 0 0 0 0 0 0 0 0 0.09 0.08 0.77 2.41 3.87 4.48 4.76 4.96 4.95 4.67 4.26 5.38 16.41 16.4 14.59 22.85 26.87 26.48 26.12 25.77 25.23 24.5 23.69 22.85 22.02 21.21 20.44 19.71 19.03 18.41 17.85 17.36 16.92 16.51 16.12 15.74 15.36 15 14.66 14.34 14.08 13.96 14.2 15.04 15.74 15.36 14.45 13.69 13.2 12.86 12.62 12.44 12.31 12.21 12.15 12.11 12.11 12.13 12.24 12.3 12.35 12.38 12.42 12.45 12.48
0 0 0 0 0 0 0 0 0 0 0 0 0 0 0 0.03 0.04 0 0.21 1.84 3.77 4.5 4.87 5.21 5.15 4.66 4.04 4.82 14.38 17.11 15.68 19.67 23.19 24.43 24.99 25.04 24.59 23.88 23.1 22.33 21.58 20.85 20.15 19.47 18.82 18.21 17.63 17.11 16.63 16.19 15.77 15.36 14.97 14.59 14.21 13.85 13.47 13.2 13.12 14.67 16.43 15.86 14.33 13.37 12.89 12.59 12.39 12.23 12.12 12.04 11.99 11.96 11.97 12.04 12.09 12.24 12.29 12.35 12.38 12.42 12.45
0 0 0 0 0 0 0 0 0 0 0 0 0 0 0.01 0.02 0 0.05 0 1.35 3.3 4.16 4.7 5.9 6.35 4.93 3.8 4.42 12.75 17.06 16.38 17.88 20.29 22.62 24.45 24.8 24.12 23.27 22.5 21.79 21.12 20.46 19.83 19.22 18.62 18.04 17.48 16.95 16.44 15.96 15.5 15.05 14.61 14.17 13.75 13.37 12.88 12.03 12.18 11.09 12.58 14.53 13.74 12.85 12.48 12.27 12.12 12 11.91 11.84 11.8 11.78 11.9 11.97 12 12.08 12.24 12.29 12.35 12.38 12.42
0 0 0 0 0 0 0 0 0 0 0 0 0 0.01 0.01 0 0.01 0 0 1.09 2.76 3.52 3.93 6.3 8.15 6.22 4.64 4.85 13.96 15.09 13.38 16.7 18.22 19.45 23.73 24.74 23.56 22.59 21.86 21.23 20.64 20.07 19.5 18.95 18.41 17.87 17.35 16.84 16.34 15.85 15.36 14.86 14.34 13.82 13.3 12.92 12.73 11.54 9.37 7.66 9.61 12.23 12.51 12.16 12.01 11.91 11.82 11.74 11.68 11.63 11.6 11.73 11.78 11.88 11.97 11.98 12.07 12.24 12.29 12.35 12.38
0 0 0 0 0 0 0 0 0 0 0 0 0 0 0 0 0 0 0.69 0.92 2.3 2.88 2.93 5.11 8.53 8.59 6.15 6.65 15.62 13.37 10.89 13.9 15.07 16.84 22.26 23.63 22.58 21.76 21.17 20.65 20.16 19.66 19.17 18.68 18.19 17.7 17.21 16.74 16.27 15.81 15.33 14.8 14.21 13.68 13 12.25 12.83 13.56 8.25 6.29 9.21 10.69 11.27 11.48 11.55 11.55 11.52 11.48 11.44 11.4 11.54 11.6 11.7 11.78 11.88 11.97 11.97 12.06 12.24 12.29 12.35
0 0 0 0 0 0 0 0 0 0 0 0 0 0 0 0 0 0.58 0.84 0.77 1.95 2.44 2.32 3.02 6.5 9.95 7.72 9.62 15.29 14.07 12.3 9.92 11.51 16.62 20.33 21.38 21.19 20.81 20.44 20.06 19.67 19.27 18.85 18.41 17.97 17.52 17.07 16.63 16.21 15.8 15.39 14.91 14.18 13.54 13.65 12.06 10.47 13.74 12.04 8.1 8.79 10.04 10.65 10.99 11.16 11.22 11.23 11.21 11.19 11.34 11.4 11.51 11.6 11.69 11.78 11.87 11.97 11.97 12.06 12.24 12.29
0 0 0 0 0 0 0 0 0 0 0 0 0 0 0 0 0.54 0.8 0.77 1.47 1.68 2.29 2.2 2 3.61 8.1 9.63 12.31 14.64 15.77 14.54 8.98 10.68 15.98 18.33 19.37 19.82 19.85 19.71 19.49 19.21 18.89 18.53 18.15 17.75 17.33 16.92 16.52 16.14 15.79 15.49 15.21 14.63 13.13 13.27 13.22 9.15 11.02 14.26 12.06 10.11 10.15 10.49 10.72 10.86 10.93 10.96 10.95 11.02 11.19 11.31 11.4 11.5 11.6 11.69 11.78 11.87 11.97 11.97 12.06 12.24
0 0 0 0 0 0 0 0 0 0 0 0 0 0 0 0.52 0.78 0.77 1.33 1.59 1.49 2.27 2.2 2.03 2.06 4.35 9.33 13.66 15.37 15.9 14.81 11.62 12.17 14.75 16.85 18.09 18.74 19.01 19.06 18.97 18.79 18.54 18.25 17.91 17.54 17.16 16.77 16.39 16.04 15.75 15.55 15.54 15.68 13.62 11.54 14.21 13.31 11.93 12.55 12.2 11.06 10.55 10.49 10.54 10.61 10.67 10.71 10.71 10.83 10.94 11.19 11.3 11.4 11.5 11.6 11.69 11.78 11.87 11.97 11.97 12.06
0 0 0 0 0 0 0 0 0 0 0 0 0 0 0.52 0.78 0.77 1.28 1.54 1.49 1.96 2.13 2.12 2 1.99 2.27 5.91 13.44 15.49 15 14.3 13.38 13.36 14.65 16.13 17.25 17.97 18.35 18.51 18.51 18.41 18.24 17.99 17.7 17.35 16.98 16.6 16.23 15.9 15.64 15.5 15.59 16 15.58 13.94 13.86 13.88 12.9 12.25 11.82 11.21 10.72 10.45 10.35 10.36 10.43 10.49 10.64 10.71 10.77 10.9 11.19 11.3 11.4 11.5 11.6 11.69 11.78 11.87 11.97 11.97
0 0 0 0 0 0 0 0 0 0 0 0 0 0.51 0.77 0.77 1.26 1.52 1.49 1.86 2.13 2.1 2.04 1.93 1.84 2.08 5.25 11.8 13.89 13.73 13.48 13.4 13.77 14.67 15.78 16.77 17.47 17.89 18.09 18.15 18.11 17.99 17.79 17.52 17.19 16.81 16.43 16.05 15.71 15.44 15.29 15.28 15.4 15.35 14.69 13.95 13.53 12.94 12.29 11.72 11.18 10.7 10.34 10.09 10.03 10.22 10.38 10.49 10.61 10.71 10.74 10.88 11.19 11.29 11.4 11.5 11.6 11.69 11.78 11.87 11.97
0 0 0 0 0 0 0 0 0 0 0 0 0.51 0.77 0.77 1.26 1.51 1.49 1.83 2.13 2.1 2.07 2.1 1.86 1.67 1.77 6.7 10.57 11.98 12.44 12.67 12.99 13.59 14.51 15.58 16.55 17.22 17.6 17.77 17.85 17.87 17.81 17.65 17.39 17.05 16.66 16.24 15.83 15.46 15.16 14.95 14.83 14.73 14.6 14.32 13.9 13.43 12.91 12.35 11.79 11.24 10.73 10.26 9.82 9.48 9.91 10.22 10.36 10.49 10.6 10.71 10.72 10.88 11.19 11.29 11.4 11.5 11.6 11.69 11.78 11.87
0 0 0 0 0 0 0 0 0 0 0 0.51 0.77 0.77 1.25 1.5 1.49 1.82 2.13 2.1 2.09 2.1 1.98 1.9 1.73 1.82 6.98 10.03 10.77 11.3 11.79 12.33 13.1 14.21 15.51 16.61 17.24 17.46 17.52 17.6 17.69 17.71 17.6 17.34 16.97 16.52 16.05 15.58 15.15 14.79 14.53 14.34 14.21 14.12 14.04 13.84 13.52 13.12 12.63 12.06 11.44 10.83 10.26 9.71 9.67 9.48 9.87 10.22 10.36 10.49 10.6 10.71 10.72 10.87 11.19 11.29 11.4 11.5 11.6 11.69 11.78
0 0 0 0 0 0 0 0 0 0 0.51 0.77 0.77 1.25 1.5 1.49 1.81 2.13 2.11 2.09 2.1 2.03 1.98 2.06 2.19 2.99 6.8 8.89 9.64 10.28 10.89 11.49 12.29 13.71 15.7 17.19 17.63 17.4 17.21 17.33 17.6 17.74 17.66 17.37 16.94 16.41 15.85 15.29 14.78 14.34 14.02 13.81 13.73 13.8 13.98 14.03 13.89 13.57 13.06 12.4 11.67 10.91 10.25 10.07 9.71 9.62 9.48 9.85 10.22 10.36 10.49 10.6 10.71 10.71 10.87 11.19 11.29 11.4 11.5 11.6 11.69
0 0 0 0 0 0 0 0 0 0.51 0.77 0.77 1.25 1.49 1.49 1.81 2.13 2.11 2.1 2.1 2.05 2.02 2.06 2.28 2.62 4.2 6.17 7.65 8.63 9.34 9.97 10.57 11.04 12.65 16.51 18.93 18.54 17.16 16.55 16.97 17.65 17.97 17.9 17.53 16.97 16.31 15.63 14.97 14.34 13.81 13.41 13.18 13.19 13.59 14.19 14.54 14.54 14.23 13.6 12.79 11.91 10.95 10.81 10.25 10.01 9.71 9.6 9.48 9.85 10.22 10.36 10.49 10.6 10.71 10.71 10.87 11.19 11.29 11.4 11.5 11.6
0 0 0 0 0 0 0 0 0.51 0.77 0.77 1.25 1.49 1.49 1.81 2.13 2.11 2.1 2.1 2.06 2.04 2.06 2.25 2.43 2.23 4.27 5.96 7.06 7.89 8.53 8.94 9.86 10.12 9.87 13.78 20.28 19.59 15.84 14.73 16.64 18.17 18.52 18.38 17.85 17.06 16.22 15.41 14.6 13.83 13.14 12.64 12.42 12.55 13.32 14.73 15.74 15.75 15.2 14.26 13.22 12.17 11.13 11.04 10.81 10.25 9.99 9.71 9.59 9.48 9.85 10.22 10.36 10.49 10.6 10.71 10.71 10.87 11.19 11.29 11.4 11.5
0 0 0 0 0 0 0 0.51 0.77 0.77 1.25 1.49 1.49 1.81 2.13 2.11 2.1 2.1 2.07 2.05 2.06 2.22 2.33 2.23 3.33 3.61 5.85 6.54 7.19 8.17 8.38 8.29 9.77 7.33 10.72 19.89 21.74 14.78 8.94 13.22 17.53 19.13 19.38 18.32 17.11 16.11 15.17 14.22 13.25 12.33 11.6 11.53 12.2 12.38 14.05 17.12 17.82 16.45 14.88 13.64 12.53 11.94 11.13 11.08 10.82 10.25 9.98 9.71 9.59 9.48 9.85 10.22 10.36 10.49 10.6 10.71 10.71 10.87 11.19 11.29 11.4
0 0 0 0 0 0 0.51 0.77 0.77 1.25 1.49 1.49 1.81 2.13 2.11 2.1 2.1 2.07 2.05 2.06 2.2 2.28 2.23 3.04 3.4 3.2 5.09 5.51 6.03 7.19 8.02 7.74 8.79 6.48 9.45 18.67 22.22 15.68 8.59 11.94 12.21 17.39 19.79 18.36 16.99 15.96 14.96 13.87 12.63 11.37 10.29 9.92 12.34 13.35 8.52 12.51 17.97 16.79 15.17 14.14 13.43 12.53 11.87 11.13 11.11 10.82 10.25 9.98 9.71 9.59 9.48 9.85 10.22 10.36 10.49 10.6 10.71 10.71 10.87 11.19 11.29
0 0 0 0 0 0.51 0.77 0.77 1.25 1.49 1.49 1.81 2.13 2.11 2.1 2.1 2.07 2.06 2.06 2.19 2.26 2.23 2.94 3.3 3.2 4.2 4.32 4.59 5.01 5.84 7.63 9.28 7.97 7.56 7.32 16.08 23.9 16.59 8.17 8.34 11.69 16.39 18.17 17.57 16.67 15.82 14.84 13.64 12.15 10.13 8.87 8.3 7.73 11.04 13.2 12.92 15.29 15.56 14.95 14.75 14.14 13.37 12.53 11.84 11.13 11.12 10.83 10.25 9.98 9.71 9.59 9.48 9.85 10.22 10.36 10.49 10.6 10.71 10.71 10.87 11.19
0 0 0 0 0.51 0.77 0.77 1.25 1.49 1.49 1.81 2.13 2.11 2.1 2.1 2.07 2.06 2.06 2.18 2.24 2.23 2.91 3.25 3.2 3.91 4.32 4.29 4.14 4.49 4.77 6.51 10.4 9.32 9 8.1 14.66 22.16 17.54 9.97 8.09 12.12 15.23 16.38 16.59 16.34 15.84 14.92 13.55 12.12 9.95 6.53 6.76 5.97 8.57 14.04 13.84 14.05 14.41 14.98 14.95 14.61 14.14 13.34 12.53 11.83 11.13 11.12 10.83 10.25 9.98 9.71 9.59 9.48 9.85 10.22 10.36 10.49 10.6 10.71 10.71 10.87
0 0 0 0.51 0.77 0.77 1.25 1.49 1.49 1.81 2.13 2.11 2.1 2.1 2.07 2.06 2.06 2.18 2.24 2.23 2.89 3.23 3.2 3.81 4.32 4.2 4.12 4.1 4.26 3.98 4.9 9.53 10.56 10.29 10.69 14.44 18.27 16.75 12.44 10.51 12.2 14.13 15.26 15.87 16.16 16.2 15.61 13.62 11.53 9.72 6.11 6.28 7.4 8.64 12.11 13.13 13.36 13.63 14.41 14.78 14.95 14.57 14.14 13.34 12.53 11.83 11.13 11.12 10.83 10.25 9.98 9.71 9.59 9.48 9.85 10.22 10.36 10.49 10.6 10.71 10.71
0 0 0.51 0.77 0.77 1.25 1.49 1.49 1.81 2.13 2.11 2.1 2.1 2.07 2.06 2.06 2.18 2.24 2.23 2.88 3.21 3.2 3.77 4.32 4.18 4.11 4.1 4.65 5.06 4.32 4.6 6.67 9.71 11.71 10.79 14.56 15.87 15.14 13.3 12.18 12.56 13.62 14.6 15.4 16.13 16.91 17.57 15.79 8.67 7.66 6.44 7.48 8.51 9.42 11.07 12.2 12.7 13.03 13.44 14.41 14.72 14.95 14.55 14.14 13.33 12.53 11.83 11.13 11.13 10.83 10.25 9.98 9.71 9.59 9.48 9.85 10.22 10.36 10.49 10.6 10.71
0 0.51 0.77 0.77 1.25 1.49 1.49 1.81 2.13 2.11 2.1 2.1 2.07 2.06 2.06 2.18 2.23 2.23 2.88 3.21 3.2 3.76 4.32 4.17 4.1 4.1 4.77 5.12 5.19 4.42 4.48 4.76 9.07 11.95 10.59 13.97 14.55 13.98 13.18 12.65 12.77 13.38 14.14 14.97 16.04 17.6 20.07 19.54 6.92 5.7 7.12 8.35 9.12 9.97 10.9 11.69 12.2 12.7 12.87 13.36 14.41 14.69 14.95 14.55 14.14 13.33 12.53 11.83 11.13 11.13 10.83 10.25 9.98 9.71 9.59 9.48 9.85 10.22 10.36 10.49 10.6
