NetLogoInput/pp3_corridors_60.asc
NCOLS 132 
NROWS 191 
XLLCORNER -925625.5599279 
YLLCORNER -56596.5307948138 
CELLSIZE 60 
NODATA_value -9999 
[rows 104 to 129 of 191, columns 0 to 58 of 132]
-9999 -9999 -9999 -9999 -9999 -9999 -9999 -9999 -9999 -9999 -9999 4986.07740039548 5108.92696385826 5441.34510804154 5952.89594256072 6093.40420876478 5859.18136015711 5460.79590930458 5091.2861164604 4750.67970253534 4456.65444798769 4246.94421166991 4003.95955138271 3670.28056532995 3154.81228945923 2745.69863010368 2502.88105546009 2847.13781333207 2946.66959801852 2827.06024017752 2398.74115621174 -9999 -9999 -9999 0 0 3.26047510000015 39.3734233897707 69.4074648099067 102.343433381383 154.983006132233 375.327151933375 597.393082589629 755.281156621601 1343.90867664038 1592.66263936033 1530.72417360996 1707.6647694358 1470.45359985909 995.242460421701 428.79641231239 171.938426650033 45.5518616812093 11.7415773341436 3.5464763888558 1.56978033527089 11.788432709151 96.8203445828683 486.896374546842
-9999 -9999 -9999 -9999 -9999 -9999 -9999 -9999 -9999 -9999 -9999 6095.67661457368 6253.96175589294 6582.57877989143 7027.64510452456 7065.2308354876 6704.50683748995 6254.95644393585 5865.62011253928 5511.71792705817 5171.93237393385 4895.95604688232 4654.59784679294 4444.85886914081 3981.74809714189 3525.70083323934 3169.26358373584 3628.43257954199 3635.81239858968 3276.47179883196 2472.5102640738 -9999 -9999 -9999 -9999 0 13.9466178915168 168.419041475894 289.85414274031 375.1451805543 397.213362513073 485.093515219427 583.471116622864 672.897510557988 1231.8384998162 1615.57875274418 1796.54520711543 1801.86021382002 1570.46805743684 1220.41262504262 874.650703851068 402.890851854096 77.5419374303693 41.9489323815564 14.2144219518184 1.02865151543648 6.70304486364479 69.6125948379169 389.560335259252
-9999 -9999 -9999 -9999 -9999 -9999 -9999 -9999 -9999 -9999 -9999 -9999 7191.71378748514 7157.67083338668 7582.97771497975 7714.63749369648 7518.83708661416 7056.14514215826 6661.55597691115 6303.16136675579 5947.75795349593 5632.73076276897 5364.11046813923 5156.57552090515 4581.83196264617 4097.80798821856 3789.69223682731 4214.61860524926 4329.96460416038 4305.01049324478 4342.8965815607 -9999 -9999 -9999 -9999 -9999 456.269231472445 446.530389476307 453.857284741965 467.92928109274 475.538461034406 504.509442940069 540.789143409124 580.611788476222 918.183607567207 1291.15640044776 1642.86121275822 1609.05038937079 1289.79211251988 884.798541134301 671.417660741071 344.253451041368 110.293684751422 73.9727534701889 39.5247495177823 14.9821640457052 3.68068477431988 33.6096000325531 194.882327395529
-9999 -9999 -9999 -9999 -9999 -9999 -9999 -9999 -9999 -9999 -9999 -9999 8001.63287238397 7471.1405607413 7969.3665686957 8284.3573548874 8321.63878682395 7859.870364623 7465.46777012181 7106.20442487746 6747.68173893591 6408.99692826857 6101.60359383189 5838.45772027592 5135.07195480307 4634.16720077366 4403.87706068949 4765.99058774427 4983.26822337058 5092.91480247877 -9999 -9999 -9999 -9999 -9999 -9999 1540.95179110443 885.426349712767 614.242060975194 545.992292789922 499.583773443611 492.430464345001 495.179668914442 498.607826093931 580.708918288039 872.569756508325 1311.12319534403 1327.20017733957 925.162898933098 426.200006022839 301.043940801232 209.276459187076 143.354230801517 106.739638565837 70.5770476708275 36.1807512521174 6.04379651537704 1.6916651754753 0.125512191485932
-9999 -9999 -9999 -9999 -9999 -9999 -9999 -9999 -9999 -9999 -9999 -9999 -9999 7499.47997582113 8481.35978970866 9069.21161493148 9124.05321386288 8663.26086830176 8269.32920063767 7911.20984145925 7556.95596159081 7223.66247334531 6872.96298567735 6484.40368279099 5889.91619351286 5394.40032872755 5076.57894594782 5520.57851380113 5403.98590748077 -9999 -9999 -9999 -9999 -9999 -9999 -9999 1547.38838356879 963.154494389203 868.565259514047 906.330806368368 557.989058961556 490.718734195896 491.531725894225 492.545496698504 519.374318331323 640.432196699086 854.1975382689 1138.22947818398 869.754721596281 426.835905560147 327.184226775373 241.563339604991 176.563180104248 139.896543961369 103.423479792254 67.6582560043657 33.5873827800534 9.73376308632843 0.934681279310025
-9999 -9999 -9999 -9999 -9999 -9999 -9999 -9999 -9999 -9999 -9999 -9999 -9999 -9999 9341.05876712127 9442.84759463457 9584.88806786307 9144.16504444405 8840.2949856635 8579.03384890677 8223.09511201758 7849.68193076907 7367.7692875635 6711.18955733785 6165.26241295518 5818.17507106925 5702.27246190002 6114.67889188324 6296.89555102719 -9999 -9999 -9999 -9999 -9999 -9999 1352.79674725498 1367.47512913102 1010.21500505451 1107.05002919108 1270.68092819069 892.695580467931 775.882846727882 675.824797833323 499.081290042961 492.287093511912 524.026256468424 600.741856722402 854.571608667969 716.047220665644 438.573093681981 355.881843955371 274.243803313432 209.781743583932 173.095028027602 137.322040840269 104.659781231578 73.7712673133413 32.8957811311249 10.755394557971
-9999 -9999 -9999 -9999 -9999 -9999 -9999 -9999 -9999 -9999 -9999 -9999 -9999 -9999 -9999 -9999 9797.39433719939 9390.38714273142 9240.91082876873 9145.28206616255 8783.4678747834 8337.72409335923 7662.12723915431 6635.92538389168 6095.65046839502 5999.60783644922 6292.82915570519 6590.65940091812 6691.83665782008 -9999 -9999 -9999 -9999 -9999 1494.5292566146 1230.86246329688 1056.44442610496 1036.0160919175 1333.7548373204 1636.9675115708 1425.11689368875 1265.44127844385 993.38567323643 514.73013944275 490.045761457424 491.549116547541 495.084803729778 504.133348400673 492.321111835488 458.291867638573 386.421370425363 307.207400089971 243.005272747368 206.323462661632 172.234170742644 146.609806903253 124.920528236742 67.4713349631197 27.1727419282632
-9999 -9999 -9999 -9999 -9999 -9999 -9999 -9999 -9999 -9999 -9999 -9999 -9999 -9999 -9999 -9999 9797.39433719939 9390.38714273142 9295.29198604181 9267.18313910174 8922.58998696733 8546.60113650477 7902.34975594376 6821.34837247721 6435.5382913232 6412.20063908998 6666.99149419046 6685.53661210665 -9999 -9999 -9999 -9999 -9999 -9999 1910.10357450361 1790.05068220956 1477.75097137309 1244.33857267503 1498.95641833615 1815.04434850728 1515.19395683968 1123.03349479974 772.950142321677 529.306260275387 498.996763037871 490.562347439427 491.845843272393 495.130570902665 488.652369751324 467.586143333747 415.190680676681 339.831613326484 275.840943262337 239.52382994187 256.192448450965 373.468783532125 529.520490185025 193.447408273233 57.9992667280779
-9999 -9999 -9999 -9999 -9999 -9999 -9999 -9999 -9999 -9999 -9999 -9999 -9999 -9999 -9999 -9999 -9999 -9999 -9999 9350.38312024689 9075.22600176138 8824.35811921234 8307.47727904724 7334.56267635845 7064.60997244798 7080.7397751349 7325.64601050843 7565.16905851014 -9999 -9999 -9999 -9999 -9999 -9999 2936.84680308505 2412.73814492194 1889.95703905981 1576.42490564768 1757.87082929119 1995.5425694919 1588.43272389302 1047.90942682117 652.740765635051 551.141624206368 516.370754328527 497.26464935314 490 490 487.487018091726 476.597349398449 442.622201871196 371.890185737748 308.75516531082 272.51967678294 295.792384031875 430.297062650347 607.348969588906 237.611666802801 89.7371673320228
-9999 -9999 -9999 -9999 -9999 -9999 -9999 -9999 -9999 -9999 -9999 -9999 -9999 -9999 -9999 -9999 -9999 -9999 -9999 9382.30518256954 9245.76757861824 9193.37919255991 8931.09955605045 8282.09176768535 8076.84258568003 8088.40100564304 8223.52981947769 7792.84753655048 -9999 -9999 -9999 -9999 -9999 3413.32029831687 3524.6363687838 3119.56041928713 2290.10521563718 2072.49505594559 2140.95225113636 2179.24906003438 1639.36119580024 1061.93449521151 665.3283815436 582.595292455235 544.904983291576 514.154766168192 490 490 489.638592260863 485.233495720402 468.281188093795 403.199299077566 341.773466055075 305.244539473665 276.618694341082 261.839183158911 252.213912858375 173.37744346624 122.682616672568
-9999 -9999 -9999 -9999 -9999 -9999 -9999 -9999 -9999 -9999 -9999 -9999 -9999 -9999 -9999 -9999 -9999 -9999 -9999 -9999 -9999 9307.20179052966 9154.27422806484 8619.96934522829 8424.43613197744 8361.51112337078 -9999 -9999 -9999 -9999 -9999 -9999 4080.15958794659 4119.35899835239 3941.31324037327 3638.36070710082 3247.35306929971 3023.47580350415 2904.05440485631 2677.86186361139 1926.41573815535 1373.32760064274 940.571412959554 627.432215813005 576.981881915008 542.497482710976 511.181365518082 495.331572188065 489.977296616988 487.274409478861 475.897910387741 425.746007826011 374.94778350608 338.31285157512 301.9367081462 265.564694818398 229.15645064806 192.480860973962 155.830393389425
-9999 -9999 -9999 -9999 -9999 -9999 -9999 -9999 -9999 -9999 -9999 -9999 -9999 -9999 -9999 -9999 -9999 -9999 -9999 -9999 -9999 9444.39947934211 9266.09010848711 8788.84067280699 8593.59473128909 8507.16628180919 -9999 -9999 -9999 -9999 -9999 -9999 5041.25895106268 4807.35632099663 4351.02821334521 4167.85850733022 4224.97604157651 4031.97274795059 3743.43883774478 3278.74296284456 2396.19276798757 1792.94180783728 1272.91783047658 778.833201889824 646.386833084126 573.509081311382 538.010898941518 507.612594674987 493.955016306563 488.218739659563 480.648105499128 446.877883144809 408.120933023492 371.4663688959 334.87659574358 298.486028586322 262.240936474597 225.667926434705 189.021560761227
-9999 -9999 -9999 -9999 -9999 -9999 -9999 -9999 -9999 -9999 -9999 -9999 -9999 -9999 -9999 -9999 -9999 -9999 -9999 -9999 -9999 -9999 9266.09010848711 8788.84067280699 8593.59473128909 -9999 -9999 -9999 -9999 -9999 -9999 5129.03921334629 5113.8327717631 5073.31310837043 4817.36248235309 4806.72338383294 5012.37287710531 4990.19436439618 4613.38761056975 4005.32652815871 3232.74413473482 2361.1942376883 1637.64587428815 1198.27552931398 810.182029266475 606.392637541579 570.13273049166 535.432026428802 508.074404607528 489.216761834753 485.887877518988 468.1892490254 441.223143192755 404.689307517601 368.030665696453 331.462900727142 295.006140833708 258.760365748484 222.236138066
-9999 -9999 -9999 -9999 -9999 -9999 -9999 -9999 -9999 -9999 -9999 -9999 -9999 -9999 -9999 -9999 -9999 -9999 -9999 -9999 -9999 -9999 -9999 -9999 -9999 -9999 -9999 -9999 -9999 -9999 -9999 6175.42242623323 6060.20790839283 5888.76510596171 5677.31082973989 5643.84966034708 5756.85379314996 5659.99436473104 5146.83177662545 4410.51257334484 3639.55945988634 2655.78560921308 1843.78473251887 1400.75449946249 900.162159744349 666.242427445359 689.660123461995 797.854722106449 682.910405416505 505.195834705398 491.082546420991 480.638144369438 464.392017701616 437.183743294339 401.146900181707 364.586942370584 327.99776739602 291.668797845181 255.268442895117
-9999 -9999 -9999 -9999 -9999 -9999 -9999 -9999 -9999 -9999 -9999 -9999 -9999 -9999 -9999 -9999 -9999 -9999 -9999 -9999 -9999 -9999 -9999 -9999 -9999 -9999 -9999 -9999 -9999 -9999 -9999 6966.46087287654 7198.45277562406 6819.39562262361 6608.16395211783 6479.85796609728 6396.71977433265 6081.05594066263 5414.37534053981 4572.26183918874 3742.69769141474 2748.22521300255 1925.01384013151 1450.77870466643 950.06065424699 757.053630620272 861.287821157972 1086.02336405134 870.768391540779 528.654669185223 499.100864752617 489.885828617823 481.633812585309 466.976865431606 433.383796321864 397.729538486286 361.101597821018 324.539561154462 288.222771266366
-9999 -9999 -9999 -9999 -9999 -9999 -9999 -9999 -9999 -9999 -9999 -9999 -9999 -9999 -9999 -9999 -9999 -9999 -9999 -9999 -9999 -9999 -9999 -9999 -9999 -9999 -9999 -9999 -9999 -9999 6485.03845538899 6914.63185303691 7176.29568751368 6983.66354850146 6912.504146189 6754.04637755385 6457.1601994845 5645.57344240025 4845.07599569096 4005.11376142435 3017.11044638512 2254.31228423506 1614.55948010638 1088.17897759174 938.376349123129 979.463828608938 1136.85157206042 890.362062517093 696.317909530597 560.23312809826 526.123253509339 502.511068026699 487.023106695571 480.746840875584 459.847524326553 430.584692635045 394.322501072926 357.672974099419 321.165415490222
-9999 -9999 -9999 -9999 -9999 -9999 -9999 -9999 -9999 -9999 -9999 -9999 -9999 -9999 -9999 -9999 -9999 -9999 -9999 -9999 -9999 -9999 -9999 -9999 -9999 -9999 -9999 -9999 -9999 5247.84731714707 6050.0181733531 6457.86868626465 6619.3914510823 6531.27298821708 6614.52303213269 6542.4099608142 6237.38452858417 5128.35792626371 4181.71705144453 3317.97709313472 2454.14939112712 1870.73205735079 1432.29193164177 1121.41135255307 1013.20614273137 1100.84915470695 1291.94308867297 821.36099242382 634.298977874444 592.614880598996 556.341199813146 524.134525836727 500.342354248273 488.76309496431 477.40037498284 456.834829733804 427.13948905219 390.757100160155 354.233265902277
-9999 -9999 -9999 -9999 -9999 -9999 -9999 -9999 -9999 -9999 -9999 -9999 -9999 -9999 -9999 -9999 -9999 -9999 -9999 -9999 -9999 -9999 -9999 -9999 -9999 -9999 -9999 -9999 -9999 5166.67018885486 5618.86745251071 5676.57637602947 5633.92114945629 5584.66959891024 5833.81943172454 5941.41562856691 5793.03335491333 4545.6385584904 3442.97527900694 2534.67714791857 2021.52295563633 1575.57652250432 1352.75801647065 1471.8781568703 1157.37152231495 1141.26942663139 1350.48371842817 853.870098075728 662.386832743936 625.640422174919 589.120183662188 552.969487375297 520.016958635832 492.168104787055 487.811720247977 477.791462834366 459.632764451381 423.801725896105 387.401461166253
-9999 -9999 -9999 -9999 -9999 -9999 -9999 -9999 -9999 -9999 -9999 -9999 -9999 -9999 -9999 -9999 -9999 -9999 -9999 -9999 -9999 -9999 -9999 -9999 -9999 -9999 -9999 5287.14094729651 5250.34124323705 5187.69597064044 5102.16261169378 5004.68164261272 4939.62992722508 4933.4213434113 5231.76289428912 5308.62379850988 5090.52913874661 4131.42900365599 3090.08751738446 2156.93232751178 1716.45746623753 1655.44930909673 1643.09461892903 1559.5019343546 1124.7187005753 953.283502955695 1013.79851259725 793.846821342968 695.512805496041 658.839795528803 622.213346016686 585.784520391518 550.626666108098 517.47711183875 498.316695997209 485.243173467808 475.62620429786 451.98977057641 420.116913228997
-9999 -9999 -9999 -9999 -9999 -9999 -9999 -9999 -9999 -9999 -9999 -9999 -9999 -9999 -9999 -9999 -9999 -9999 -9999 -9999 -9999 -9999 -9999 -9999 -9999 -9999 6044.3479353332 5778.93433731325 5504.32815890036 5187.09537373078 4744.37656588622 4551.51025315875 4464.54198033868 4452.218279284 4675.86718211476 4689.29988772082 4452.79216587558 3787.57025909211 2903.04592256374 2043.93808049493 1635.60243616871 1651.94453131098 1654.23472371933 1463.57519007679 1062.1484804361 848.466753650037 816.783602976076 768.982050367522 728.64191407108 692.053310889201 655.365324870449 618.779764944531 582.33350409519 546.0756433438 515.795579640421 496.476887362557 486.58680937667 473.556886994179 448.790991316991
-9999 -9999 -9999 -9999 -9999 -9999 -9999 -9999 -9999 -9999 -9999 -9999 -9999 -9999 -9999 -9999 -9999 -9999 -9999 -9999 -9999 -9999 -9999 -9999 -9999 -9999 6105.85788554689 6534.54008377878 6030.33265063642 5151.69222385004 4622.50411353064 4416.26360259532 4302.6670795289 4211.91761711537 4182.43330330175 4090.70040295525 3917.85473413038 3541.99719752013 2948.0441223518 2307.63282844645 1880.18849782296 1514.82940580683 1244.3677569793 1105.9453886004 960.91460140734 872.585518913349 836.643945372135 798.502943302122 761.625509285285 725.282413511466 688.59431142879 651.921049110118 615.325596379338 578.852016697712 543.512511876825 513.666684898974 490.648582747568 485.546207076091 471.544001970881
-9999 -9999 -9999 -9999 -9999 -9999 -9999 -9999 -9999 -9999 -9999 -9999 -9999 -9999 -9999 -9999 -9999 -9999 -9999 -9999 -9999 -9999 -9999 -9999 -9999 -9999 7527.42198388204 7143.06205055393 6317.69209127503 5415.17459579825 5008.51617383861 4830.42841757113 4712.18759071127 4600.59012513358 4503.93002963115 4389.71840357487 4248.91914426143 4012.20033460421 3557.97112995024 2964.77116691119 2280.07262050013 1787.87123485458 1387.87109297059 1063.33421907123 964.522632452478 904.032834299887 867.588299975555 830.991610384797 794.560470115749 758.195397030647 721.772315256369 685.135330180183 648.479026558542 611.875000591175 575.510490950021 541.394753304584 510.824227543751 494.747783373813 482.692934856699
-9999 -9999 -9999 -9999 -9999 -9999 -9999 -9999 -9999 -9999 -9999 -9999 -9999 -9999 -9999 -9999 -9999 -9999 -9999 -9999 -9999 -9999 -9999 -9999 -9999 7791.89579702086 7638.4357755664 7391.64642413478 6694.22127754634 5916.87176589489 5642.58523133345 5494.42681254977 5377.09015311392 5259.75299160712 5142.41506914267 5025.0766872491 4901.99619954999 4721.06228206342 4302.52833988493 3673.52337942084 2752.12071880418 2125.87658679753 1590.67450197654 1087.99072419011 991.548940996831 936.980996309567 900.70068837241 864.094547354495 827.541589450147 791.084145482613 754.84951918246 718.313571968491 681.675512256458 644.988172473613 608.446842316246 572.06449709762 536.536167923369 507.934066990903 493.069422765417
-9999 -9999 -9999 -9999 -9999 -9999 -9999 -9999 -9999 -9999 -9999 -9999 -9999 -9999 -9999 -9999 -9999 -9999 -9999 -9999 -9999 -9999 -9999 -9999 -9999 7932.09474450258 8037.82534945528 7926.68849586162 7473.71733952958 6935.51513547312 6697.44806042885 6559.59134406062 6446.22270711374 6332.85335130839 6219.48290602786 6106.11180294374 5977.80801426997 5699.04840544271 5102.60364134694 4297.87250109901 3342.07571040761 2408.4704004673 1635.95099752171 1120.81459310439 1024.30322529536 969.9321198059 933.519992770813 897.217622040572 860.686546351531 824.091032509227 787.662868899559 751.342964559202 714.901303623004 678.217313524239 641.564895390381 605.026181590482 568.784152455022 534.420911970412 508.124662983268
-9999 -9999 -9999 -9999 -9999 -9999 -9999 -9999 -9999 -9999 -9999 -9999 -9999 -9999 -9999 -9999 -9999 -9999 -9999 -9999 -9999 -9999 -9999 -9999 -9999 -9999 8182.33081184321 8303.55082114817 8226.55642309081 8026.10817983207 7754.55700239755 7506.47969412507 7284.31692541739 7095.74356583611 6912.2065061369 6742.37776535241 6570.39944254251 6251.1934738587 5581.86204953374 4678.96436473566 3596.41768248126 2527.47577512815 1696.95168862062 1255.06087047024 1324.85905928708 1311.57517026614 1188.15601750772 985.954877675111 893.729738988247 857.227645948248 820.652111606187 784.284448537623 747.906418867295 711.429761206971 674.756455699523 638.126968361686 601.57048828703 565.241066627038 532.543351659474
-9999 -9999 -9999 -9999 -9999 -9999 -9999 -9999 -9999 -9999 -9999 -9999 -9999 -9999 -9999 -9999 -9999 -9999 -9999 -9999 -9999 -9999 -9999 -9999 -9999 -9999 -9999 8699.86712186362 8904.09525642801 9066.47616258599 8742.36437992171 8310.18217542649 7898.88316553327 7566.3090153673 7275.98369512108 7023.73249508682 6796.17366252664 6483.46125766288 5828.82960002579 4907.24744951813 3682.75236797514 2567.51033218084 1757.38938049353 1407.92645836383 1674.26401815074 1709.27182621764 1482.84525734471 1084.68960732035 926.717554604588 890.390652872344 853.734481687396 817.208066105489 780.815709705958 744.592423672558 707.966718931419 671.298864931158 634.628768705242 598.124032572775 561.798624913097
