NetLogoInput/pp3_corridors_30.asc
NCOLS 263 
NROWS 382 
XLLCORNER -925595.5599279 
YLLCORNER -56566.5307948139 
CELLSIZE 30 
NODATA_value -9999 
[rows 132 to 153 of 382, columns 100 to 149 of 263]
1553.07202148438 1623.82592773438 1694.57971191406 1725.58605957031 1641.82373046875 1558.06127929688 1516.58715820312 1538.39477539062 1560.20239257812 1596.4306640625 1644.75146484375 1693.072265625 1738.04406738281 1781.49182128906 1824.93957519531 1846.72351074219 1864.08801269531 1881.45263671875 -9999 -9999 -9999 -9999 -9999 -9999 -9999 -9999 -9999 -9999 -9999 -9999 -9999 -9999 -9999 -9999 -9999 -9999 -9999 -9999 6046.60888671875 5560.14453125 5056.376953125 4426.40380859375 3796.4306640625 3175.8701171875 2581.564453125 1987.25891113281 1611.70202636719 1554.54907226562 1497.39599609375 1473.29174804688
1708.11999511719 1833.85998535156 1959.59985351562 2011.63903808594 1850.8701171875 1690.10131835938 1595.90466308594 1601.3291015625 1606.75354003906 1636.02697753906 1685.29919433594 1734.57141113281 1779.24572753906 1821.82751464844 1864.40942382812 1874.61340332031 1878.21264648438 1881.81188964844 -9999 -9999 -9999 -9999 -9999 -9999 -9999 -9999 -9999 -9999 -9999 -9999 -9999 -9999 -9999 -9999 -9999 -9999 -9999 -9999 6046.60888671875 5560.14453125 5056.376953125 4426.40380859375 3796.4306640625 3165.60229492188 2532.38916015625 1899.17578125 1515.67993164062 1495.66455078125 1475.64916992188 1465.48315429688
1768.89184570312 1934.29968261719 2099.70751953125 2172.78955078125 1979.28466796875 1785.77990722656 1688.91101074219 1736.65148925781 1784.39208984375 1809.88293457031 1816.71606445312 1823.54919433594 1839.47900390625 1859.54870605469 1879.61840820312 1883.01879882812 -9999 -9999 -9999 -9999 -9999 -9999 -9999 -9999 -9999 -9999 -9999 -9999 -9999 -9999 -9999 -9999 -9999 -9999 -9999 -9999 -9999 -9999 -9999 -9999 -9999 -9999 -9999 1333.31665039062 1383.77661132812 1434.23657226562 1461.60913085938 1455.37609863281 1449.14306640625 1444.78161621094
1791.19860839844 1990.0244140625 2188.85034179688 2282.97924804688 2074.80102539062 1866.62292480469 1787.50244140625 1901.50866699219 2015.51477050781 2038.51733398438 1985.2080078125 1931.89868164062 1907.47741699219 1896.20324707031 1884.92895507812 -9999 -9999 -9999 -9999 -9999 -9999 -9999 -9999 -9999 -9999 -9999 -9999 -9999 -9999 -9999 -9999 -9999 -9999 -9999 -9999 -9999 -9999 -9999 -9999 -9999 -9999 -9999 1320 1329.74267578125 1366.66015625 1403.57763671875 1424.65466308594 1422.67492675781 1420.69519042969 1418.81958007812
1813.50549316406 2045.74914550781 2277.99291992188 2393.1689453125 2170.3173828125 1947.46594238281 1886.09387207031 2066.36572265625 2246.63745117188 2267.15185546875 2153.69995117188 2040.248046875 1975.47583007812 1932.85766601562 1890.23950195312 -9999 -9999 -9999 -9999 -9999 -9999 -9999 -9999 -9999 -9999 -9999 -9999 -9999 -9999 -9999 -9999 -9999 -9999 -9999 -9999 -9999 -9999 -9999 -9999 -9999 -9999 -9999 1320 1326.16870117188 1349.54370117188 1372.91857910156 1387.7001953125 1389.97375488281 1392.24731445312 1392.857421875
1833.99914550781 2039.84399414062 2245.68872070312 2359.21337890625 2206.16796875 2053.12280273438 2042.00634765625 2243.27783203125 2444.54907226562 2442.6328125 2270.33203125 2098.03100585938 2044.14172363281 -9999 -9999 -9999 -9999 -9999 -9999 -9999 -9999 -9999 -9999 -9999 -9999 -9999 -9999 -9999 -9999 -9999 -9999 -9999 -9999 -9999 -9999 -9999 -9999 -9999 1263.52136230469 1281.45080566406 1298.09289550781 1305.34521484375 1312.59741210938 1321.70178222656 1335.97229003906 1350.24291992188 1360.06872558594 1363.42504882812 1366.78137207031 1368.13098144531
1853.06970214844 1985.55932617188 2118.04907226562 2212.10400390625 2195.18115234375 2178.25830078125 2242.91552734375 2429.65283203125 2616.39013671875 2576.38891601562 2346.25415039062 2116.119140625 2044.14172363281 -9999 -9999 -9999 -9999 -9999 -9999 -9999 -9999 -9999 -9999 -9999 -9999 -9999 -9999 -9999 -9999 -9999 -9999 -9999 -9999 -9999 -9999 -9999 -9999 -9999 1263.52136230469 1281.45080566406 1297.93737792969 1303.89978027344 1309.86218261719 1316.53381347656 1325.18395996094 1333.833984375 1339.75561523438 1341.70593261719 1343.65612792969 1344.37451171875
1872.14013671875 1931.27465820312 1990.4091796875 2064.99462890625 2184.19409179688 2303.39379882812 2443.82495117188 2616.02807617188 2788.23120117188 2710.14477539062 2422.17626953125 2134.20751953125 -9999 -9999 -9999 -9999 -9999 -9999 -9999 -9999 -9999 -9999 -9999 -9999 -9999 -9999 -9999 -9999 -9999 -9999 -9999 -9999 -9999 -9999 -9999 -9999 1246 1246 1263.52136230469 1281.45080566406 1297.78186035156 1302.45434570312 1307.126953125 1311.36584472656 1314.3955078125 1317.42517089844 1319.44262695312 1319.98669433594 1320.53088378906 1320.61804199219
1949.52893066406 1951.61328125 1953.69763183594 2008.64208984375 2216.21728515625 2423.79272460938 2606.55078125 2752.171875 2897.79296875 2964.21020507812 -9999 -9999 -9999 -9999 -9999 -9999 -9999 -9999 -9999 -9999 -9999 -9999 -9999 -9999 -9999 -9999 -9999 -9999 -9999 -9999 -9999 -9999 -9999 -9999 -9999 1230.81884765625 1237.67211914062 1244.52526855469 1259.88403320312 1275.44091796875 1289.52770996094 1292.89245605469 1296.25720214844 1298.65856933594 1298.37292480469 1298.08728027344 1297.80151367188 1297.51586914062 1297.23022460938 1296.94470214844
2110.76123046875 2079.23681640625 2047.71252441406 2082.76928710938 2310.07543945312 2537.3818359375 2714.38110351562 2816.09912109375 2917.81713867188 2964.21020507812 -9999 -9999 -9999 -9999 -9999 -9999 -9999 -9999 -9999 -9999 -9999 -9999 -9999 -9999 -9999 -9999 -9999 -9999 -9999 -9999 -9999 -9999 -9999 -9999 -9999 1229.88049316406 1235.60827636719 1241.33618164062 1251.01733398438 1260.79052734375 1269.63024902344 1271.66137695312 1273.69250488281 1275.11193847656 1274.82495117188 1274.5380859375 1274.25122070312 1273.96447753906 1273.67761230469 1273.39074707031
2271.99340820312 2206.8603515625 2141.72729492188 2156.89624023438 2403.93359375 2650.97119140625 2822.21142578125 2880.0263671875 2937.84106445312 -9999 -9999 -9999 -9999 -9999 -9999 -9999 -9999 -9999 -9999 -9999 -9999 -9999 -9999 -9999 -9999 -9999 -9999 -9999 -9999 -9999 -9999 -9999 -9999 1225.10400390625 1225.10400390625 1228.94201660156 1233.54455566406 1238.14709472656 1242.15051269531 1246.14013671875 1249.73278808594 1250.43029785156 1251.12780761719 1251.56518554688 1251.27709960938 1250.98901367188 1250.70092773438 1250.41296386719 1250.12487792969 1249.83679199219
2375.33740234375 2294.0009765625 2212.66479492188 2218.84912109375 2477.74584960938 2736.64233398438 2891.83251953125 2891.83251953125 -9999 -9999 -9999 -9999 -9999 -9999 -9999 -9999 -9999 -9999 -9999 -9999 -9999 -9999 -9999 -9999 -9999 -9999 -9999 -9999 -9999 -9999 -9999 -9999 1168.32751464844 1192.125 1215.92248535156 1222.73962402344 1226.17468261719 1229.60961914062 1229.40563964844 1229.11694335938 1228.82824707031 1228.53955078125 1228.25085449219 1227.96215820312 1227.67346191406 1227.384765625 1227.09606933594 1226.80749511719 1226.51879882812 1226.23022460938
2314.11401367188 2266.05541992188 2217.99682617188 2246.19262695312 2494.5703125 2742.94775390625 2891.83251953125 2891.83251953125 -9999 -9999 -9999 -9999 -9999 -9999 -9999 -9999 -9999 -9999 -9999 -9999 -9999 -9999 -9999 -9999 -9999 -9999 -9999 -9999 -9999 -9999 -9999 -9999 1163.47009277344 1180.23376464844 1196.99731445312 1201.57263183594 1203.72021484375 1205.86791992188 1205.6357421875 1205.34826660156 1205.06079101562 1204.77331542969 1204.48583984375 1204.19836425781 1203.91088867188 1203.62341308594 1203.33605957031 1203.04858398438 1202.76123046875 1202.47375488281
2252.89086914062 2238.10986328125 2223.32885742188 2273.5361328125 2511.39477539062 2749.25317382812 -9999 -9999 -9999 -9999 -9999 -9999 -9999 -9999 -9999 -9999 -9999 -9999 -9999 -9999 -9999 -9999 -9999 -9999 -9999 -9999 -9999 -9999 -9999 -9999 1151.89367675781 1151.89367675781 1158.61267089844 1168.34240722656 1178.07214355469 1180.40551757812 1181.26586914062 1182.12609863281 1181.86596679688 1181.57958984375 1181.29333496094 1181.00708007812 1180.72082519531 1180.4345703125 1180.1484375 1179.86218261719 1179.57592773438 1179.28979492188 1179.00354003906 1178.71740722656
2230.357421875 2233.54028320312 2236.72314453125 2239.08715820312 2239.08715820312 -9999 -9999 -9999 -9999 -9999 -9999 -9999 -9999 -9999 -9999 -9999 -9999 -9999 -9999 -9999 -9999 -9999 -9999 1121.02319335938 1089.56176757812 1058.10046386719 1044.97961425781 1058.92663574219 1072.87353515625 1092.69104003906 1117.36572265625 1142.04028320312 1151.9814453125 1155.32104492188 1158.66052246094 1158.97729492188 1158.69189453125 1158.40661621094 1158.12133789062 1157.8359375 1157.55065917969 1157.26538085938 1156.98010253906 1156.69482421875 1156.40954589844 1156.12426757812 1155.83898925781 1155.5537109375 1155.26843261719 1154.98327636719
2520.13989257812 2417.66918945312 2315.19848632812 2239.08715820312 2239.08715820312 -9999 -9999 -9999 -9999 -9999 -9999 -9999 -9999 -9999 -9999 -9999 -9999 -9999 -9999 -9999 -9999 -9999 -9999 1121.02319335938 1089.56176757812 1058.10046386719 1044.97961425781 1058.92663574219 1072.87353515625 1088.83569335938 1106.46496582031 1124.09423828125 1131.03112792969 1133.17700195312 1135.32275390625 1135.44018554688 1135.15368652344 1134.86706542969 1134.58056640625 1134.29406738281 1134.00744628906 1133.72094726562 1133.43444824219 1133.14794921875 1132.86145019531 1132.57495117188 1132.28845214844 1132.00207519531 1131.71557617188 1131.42907714844
2809.92236328125 2601.79833984375 2393.67407226562 -9999 -9999 -9999 -9999 -9999 -9999 -9999 -9999 -9999 -9999 -9999 -9999 -9999 -9999 -9999 -9999 -9999 -9999 -9999 1129.22106933594 1121.02319335938 1089.56176757812 1058.10046386719 1044.97961425781 1058.92663574219 1072.87353515625 1084.98022460938 1095.56420898438 1106.14831542969 1110.08081054688 1111.03295898438 1111.98498535156 1111.90319824219 1111.61535644531 1111.32763671875 1111.03979492188 1110.75207519531 1110.46435546875 1110.17663574219 1109.88891601562 1109.60119628906 1109.3134765625 1109.02575683594 1108.73803710938 1108.45031738281 1108.16271972656 1107.875
3099.705078125 2785.92724609375 2472.1494140625 -9999 -9999 -9999 -9999 -9999 -9999 -9999 -9999 -9999 -9999 -9999 -9999 -9999 -9999 -9999 -9999 -9999 -9999 -9999 1129.22106933594 1121.02319335938 1089.56176757812 1058.10046386719 1044.97961425781 1058.92663574219 1072.87353515625 1081.12475585938 1084.66357421875 1088.20239257812 1089.13049316406 1088.88891601562 1088.64733886719 1088.36608886719 1088.0771484375 1087.7880859375 1087.49914550781 1087.21020507812 1086.92126464844 1086.63232421875 1086.34338378906 1086.05444335938 1085.76550292969 1085.4765625 1085.18762207031 1084.89868164062 1084.60974121094 1084.32092285156
3119.33862304688 3113.19506835938 3107.05151367188 -9999 -9999 -9999 -9999 -9999 -9999 -9999 -9999 -9999 -9999 -9999 -9999 -9999 -9999 -9999 -9999 -9999 1058.66735839844 1072.56372070312 1086.46008300781 1090.82751464844 1068.154296875 1045.48107910156 1035.84619140625 1045.45349121094 1055.06079101562 1060.60205078125 1062.77917480469 1064.95629882812 1065.43029785156 1065.14123535156 1064.85217285156 1064.56311035156 1064.27404785156 1063.98498535156 1063.69592285156 1063.40698242188 1063.11791992188 1062.82897949219 1062.53991699219 1062.2509765625 1061.96203613281 1061.67297363281 1061.38403320312 1061.09509277344 1060.80615234375 1060.51721191406
3091.92944335938 3095.77905273438 3099.62866210938 -9999 -9999 -9999 -9999 -9999 -9999 -9999 -9999 -9999 -9999 -9999 -9999 -9999 -9999 -9999 -9999 1057.03820800781 1057.27893066406 1059.33239746094 1061.38586425781 1059.38110351562 1045.86010742188 1032.33911132812 1026.33435058594 1031.42224121094 1036.51025390625 1039.38891601562 1040.43981933594 1041.49072265625 1041.6162109375 1041.3271484375 1041.0380859375 1040.7490234375 1040.4599609375 1040.1708984375 1039.8818359375 1039.59289550781 1039.30383300781 1039.01489257812 1038.72595214844 1038.43688964844 1038.14794921875 1037.85900878906 1037.56994628906 1037.28100585938 1036.99206542969 1036.70324707031
3064.52026367188 3078.36328125 3092.2060546875 -9999 -9999 -9999 -9999 -9999 -9999 -9999 -9999 -9999 -9999 -9999 -9999 -9999 -9999 -9999 -9999 1057.03820800781 1055.89050292969 1046.10107421875 1036.31164550781 1027.9345703125 1023.56585693359 1019.19708251953 1016.82250976562 1017.39105224609 1017.95959472656 1018.17578125 1018.10040283203 1018.02508544922 1017.80212402344 1017.51306152344 1017.22393798828 1016.93493652344 1016.64587402344 1016.35681152344 1016.06781005859 1015.77880859375 1015.48980712891 1015.20080566406 1014.91186523438 1014.62286376953 1014.33386230469 1014.044921875 1013.75598144531 1013.46704101562 1013.17810058594 1012.88916015625
3057.52587890625 3057.52587890625 -9999 -9999 -9999 -9999 -9999 -9999 -9999 -9999 -9999 -9999 -9999 -9999 -9999 -9999 -9999 -9999 999.5244140625 1015.171875 1027.86340332031 1018.29705810547 1008.73077392578 1001.12866210938 999.100341796875 997.072021484375 995.74658203125 995.458435058594 995.170288085938 994.882202148438 994.594116210938 994.306030273438 994.017944335938 993.729858398438 993.441772460938 993.153747558594 992.865661621094 992.57763671875 992.289611816406 992.001586914062 991.713562011719 991.425598144531 991.137634277344 990.849609375 990.561645507812 990.273681640625 989.985717773438 989.697814941406 989.409851074219 989.121948242188
