NetLogoInput/pp3_90_flow.asc
NCOLS 88 
NROWS 127 
XLLCORNER -925625.5599279 
YLLCORNER -56566.530794814 
CELLSIZE 90 
NODATA_value -9999 
[rows 0 to 35 of 127, columns 0 to 80 of 88]
21.280000000000001 21.43 21.59 20.38 19.17 17.8 16.42 15.36 14.3 13.17 12.27 12.27 11.79 11.31 11.09 10.88 11.16 11.44 11.9 12.35 11.8 11.25 11.15 11.06 11.06 10.79 10.53 10.16 9.8 9.52 9.24 9 8.77 8.71 8.66 8.66 8.59 8.53 8.35 8.18 8.6 9.04 9.04 9.06 9.03 9.05 8.55 8.09 7.65 7.69 8.04 7.89 7.55 7.22 5.54 3.52 3.56 5.4 7.7 7.7 7.32 6.83 6.04 5.25 5.25 5.71 6.28 6.28 4.08 1.34 1.34 4.28 7.95 7.95 8.17 8.44 8.41 8.39 8.39 8.57 8.8
21.28 21.28 21.43 21.59 20.38 19.17 17.8 16.42 15.36 14.3 12.95 12.27 12.27 11.79 11.31 11.09 10.88 11.16 11.44 11.9 12.35 11.8 11.25 11.12 11.06 11.06 10.79 10.53 10.16 9.8 9.52 9.24 9 8.77 8.69 8.66 8.66 8.59 8.53 8.34 8.18 8.58 9.04 9.01 9.06 8.98 9.05 8.52 8.53 8.38 8.08 7.55 6.9 5.87 3.52 3.59 4.95 7.7 7.7 7.41 6.83 6.04 5.25 5.25 5.59 6.28 6.28 4.63 1.34 1.34 3.54 7.95 7.95 8.12 8.44 8.41 8.39 8.39 8.53 8.8 8.8
21.39 21.28 21.28 21.43 21.59 20.38 19.17 17.8 16.42 15.36 14.3 12.95 12.27 12.27 11.79 11.31 11.09 10.88 11.16 11.44 11.9 12.35 11.8 11.25 11.12 11.06 11.06 10.79 10.53 10.16 9.8 9.52 9.24 9 8.77 8.69 8.65 8.66 8.59 8.53 8.31 8.18 8.52 9.04 8.93 9.06 8.85 9.05 8.87 8.7 7.55 6.25 5.5 3.52 3.67 4.99 7.7 7.7 7.41 6.83 6.04 5.25 5.25 5.59 6.28 6.28 4.63 1.34 1.34 3.54 7.95 7.95 8.12 8.44 8.41 8.39 8.39 8.53 8.8 8.8 8.95
21.6 21.39 21.28 21.28 21.43 21.59 20.38 19.17 17.8 16.42 15.36 14.3 12.95 12.27 12.27 11.79 11.31 11.09 10.88 11.16 11.44 11.9 12.35 11.8 11.25 11.12 11.06 11.06 10.79 10.53 10.16 9.8 9.52 9.24 9 8.77 8.69 8.65 8.66 8.57 8.53 8.24 8.18 8.34 9.04 8.69 9.06 8.45 8.05 6.39 4.95 4.7 3.52 3.83 5.08 7.7 7.7 7.41 6.83 6.04 5.25 5.25 5.59 6.28 6.28 4.63 1.34 1.34 3.54 7.95 7.95 8.12 8.44 8.41 8.39 8.39 8.53 8.8 8.8 8.95 9.25
21.96 21.6 21.39 21.28 21.28 21.43 21.59 20.38 19.17 17.8 16.42 15.36 14.3 12.95 12.27 12.27 11.79 11.31 11.09 10.88 11.16 11.44 11.9 12.35 11.8 11.25 11.12 11.06 11.06 10.79 10.53 10.16 9.8 9.52 9.24 9 8.77 8.68 8.63 8.66 8.53 8.53 8.01 8.18 7.8 9.04 7.98 7.47 6.33 4.09 2.76 3.52 4.13 5.28 7.7 7.7 7.41 6.83 6.04 5.25 5.24 5.59 6.28 6.27 4.63 1.34 1.34 3.54 7.95 7.95 8.12 8.44 8.41 8.39 8.39 8.53 8.8 8.8 8.95 9.25 9.25
22.32 21.96 21.6 21.39 21.28 21.28 21.43 21.59 20.38 19.17 17.8 16.42 15.36 14.3 12.95 12.27 12.27 11.79 11.31 11.09 10.88 11.16 11.44 11.9 12.35 11.8 11.25 11.12 11.06 11.06 10.79 10.53 10.16 9.8 9.52 9.24 9 8.77 8.66 8.6 8.66 8.41 8.53 7.33 8.18 6.19 6.12 5.42 4.8 3.89 3.57 4.75 5.76 7.7 7.69 7.41 6.83 6.04 5.25 5.23 5.58 6.28 6.26 4.63 1.34 1.34 3.54 7.95 7.95 8.12 8.44 8.41 8.39 8.39 8.53 8.8 8.8 8.95 9.25 9.25 9.33
23.22 22.32 21.96 21.6 21.39 21.28 21.28 21.43 21.59 20.38 19.17 17.8 16.42 15.36 14.3 12.95 12.27 12.27 11.79 11.31 11.09 10.88 11.16 11.44 11.9 12.35 11.8 11.25 11.12 11.06 11.06 10.79 10.53 10.16 9.8 9.51 9.24 8.99 8.77 8.62 8.54 8.66 8.03 8.53 5.28 3.61 4.12 3.87 3.83 4.53 5.69 7.08 7.7 7.68 7.4 6.83 6.04 5.25 5.21 5.58 6.28 6.25 4.62 1.34 1.34 3.54 7.95 7.95 8.12 8.44 8.41 8.39 8.39 8.53 8.8 8.8 8.95 9.25 9.25 9.33 9.49
24.12 23.22 22.32 21.96 21.6 21.39 21.28 21.28 21.43 21.59 20.38 19.17 17.8 16.42 15.36 14.3 12.95 12.27 12.27 11.79 11.31 11.09 10.88 11.16 11.44 11.9 12.35 11.8 11.25 11.12 11.06 11.06 10.79 10.53 10.16 9.8 9.5 9.24 8.96 8.77 8.5 8.43 8.66 6.91 4 3.37 3.72 4.97 4.78 5.71 6.88 7.66 7.66 7.4 6.83 6.03 5.25 5.18 5.56 6.28 6.22 4.6 1.34 1.35 3.55 7.95 7.95 8.12 8.44 8.41 8.39 8.39 8.53 8.8 8.8 8.95 9.25 9.25 9.33 9.49 9.49
25.46 24.12 23.22 22.32 21.96 21.6 21.39 21.28 21.28 21.43 21.59 20.38 19.17 17.8 16.42 15.36 14.3 12.95 12.27 12.27 11.79 11.31 11.09 10.88 11.16 11.44 11.9 12.35 11.8 11.25 11.12 11.05 11.06 10.79 10.53 10.15 9.8 9.47 9.24 8.87 8.77 8.15 8.19 4.89 4.13 3.96 5.62 7.36 7.18 7.02 7.12 7.36 7.42 6.83 5.99 5.25 5.1 5.54 6.28 6.15 4.57 1.34 1.36 3.55 7.95 7.95 8.12 8.44 8.41 8.39 8.39 8.53 8.8 8.8 8.95 9.25 9.25 9.33 9.49 9.49 9.43
26.79 25.46 24.12 23.22 22.32 21.96 21.6 21.39 21.28 21.28 21.43 21.59 20.38 19.17 17.8 16.42 15.36 14.3 12.95 12.27 12.27 11.79 11.31 11.09 10.88 11.16 11.44 11.9 12.35 11.8 11.25 11.11 11.04 11.06 10.78 10.53 10.12 9.8 9.38 9.24 8.59 8.77 6.99 3.98 3.97 5.42 7.71 7.57 6.6 6.78 6.86 7.03 6.85 5.9 5.25 4.95 5.52 6.28 6.02 4.5 1.34 1.39 3.57 7.95 7.96 8.12 8.44 8.41 8.39 8.39 8.53 8.8 8.8 8.95 9.25 9.25 9.33 9.49 9.49 9.43 9.31
28.5 26.79 25.46 24.12 23.22 22.32 21.96 21.6 21.39 21.28 21.28 21.43 21.59 20.38 19.17 17.8 16.42 15.36 14.3 12.95 12.27 12.27 11.79 11.31 11.09 10.88 11.16 11.44 11.9 12.35 11.8 11.25 11.1 11.02 11.06 10.76 10.53 10.04 9.8 9.11 9.24 7.77 4.67 3.89 3.78 6.22 7.83 5.28 4.44 5.76 6.59 6.91 5.99 4.61 4.66 5.61 6.28 5.75 4.35 1.34 1.43 3.59 7.95 7.96 8.12 8.44 8.41 8.39 8.39 8.53 8.8 8.8 8.95 9.25 9.25 9.33 9.49 9.49 9.43 9.31 8.95
30.21 28.5 26.79 25.46 24.12 23.22 22.32 21.96 21.6 21.39 21.28 21.28 21.43 21.59 20.38 19.17 17.8 16.42 15.36 14.3 12.95 12.27 12.27 11.79 11.31 11.09 10.88 11.16 11.44 11.89 12.35 11.8 11.25 11.08 10.99 11.06 10.68 10.53 9.79 9.8 8.28 5.2 2.84 3.74 5.49 7.28 7.25 5.9 5.71 4.96 7.1 7.59 6.4 6.12 6.25 6.28 5.23 4.05 1.34 1.53 3.65 7.95 7.97 8.13 8.44 8.41 8.39 8.39 8.53 8.8 8.8 8.95 9.25 9.25 9.33 9.49 9.49 9.43 9.31 8.95 8.59
32.37 30.21 28.5 26.79 25.46 24.12 23.22 22.32 21.96 21.6 21.39 21.28 21.28 21.43 21.59 20.38 19.17 17.8 16.42 15.36 14.3 12.95 12.27 12.27 11.79 11.31 11.09 10.88 11.16 11.44 11.89 12.35 11.79 11.25 11.01 10.91 11.06 10.47 10.53 9.04 5.51 3.32 2.69 4.89 7.39 7.66 7.15 6.31 4.74 6.68 8.84 7.96 6.32 6.11 5.69 4.18 3.34 1.34 1.72 3.77 7.95 8 8.14 8.44 8.41 8.39 8.39 8.53 8.8 8.8 8.95 9.25 9.25 9.33 9.49 9.49 9.43 9.31 8.95 8.59 8.59
34.52 32.37 30.21 28.5 26.79 25.46 24.12 23.22 22.32 21.96 21.6 21.39 21.28 21.28 21.43 21.59 20.38 19.17 17.8 16.42 15.36 14.3 12.95 12.27 12.27 11.79 11.31 11.09 10.88 11.16 11.44 11.87 12.35 11.76 11.25 10.82 10.76 11.06 9.82 6.47 3.05 3.7 3.77 7.49 8.81 7.04 6.53 4.39 6.32 8.58 7.83 4.65 4.34 3.75 2.31 1.56 1.34 2.1 4.07 7.95 8.05 8.16 8.44 8.41 8.39 8.39 8.53 8.8 8.81 8.95 9.25 9.25 9.33 9.49 9.49 9.43 9.31 8.95 8.59 8.59 7.98
34.52 34.52 32.37 30.21 28.5 26.79 25.46 24.12 23.22 22.32 21.96 21.6 21.39 21.28 21.28 21.43 21.59 20.38 19.17 17.8 16.42 15.36 14.3 12.95 12.27 12.27 11.79 11.31 11.09 10.88 11.15 11.44 11.82 12.35 11.68 11.25 10.21 10.46 8.13 4.48 4.25 6.3 7.73 9.86 6.3 5.41 6.11 6.64 8.81 8.51 5.36 2.66 2.37 1.9 1.46 1.57 2.87 4.89 7.95 8.14 8.21 8.44 8.42 8.39 8.39 8.53 8.8 8.81 8.95 9.25 9.25 9.33 9.49 9.49 9.43 9.31 8.95 8.59 8.59 7.98 6.75
37.32 34.52 34.52 32.37 30.21 28.5 26.79 25.46 24.12 23.22 22.32 21.96 21.6 21.39 21.28 21.28 21.43 21.59 20.38 19.17 17.8 16.42 15.36 14.3 12.95 12.28 12.27 11.79 11.31 11.09 10.88 11.13 11.44 11.68 12.35 11.43 11.25 8.05 5.99 6.52 8.23 9.21 9.82 8.86 4.21 6.15 7.44 8.17 8.15 4.68 3.91 4.15 3.62 2.93 4.62 6.19 7.38 7.95 8.33 8.3 8.44 8.42 8.39 8.4 8.53 8.8 8.81 8.95 9.25 9.25 9.33 9.49 9.49 9.43 9.31 8.95 8.59 8.59 7.98 6.75 6.75
42.92 37.32 34.52 34.52 32.37 30.21 28.5 26.79 25.46 24.12 23.22 22.32 21.96 21.6 21.39 21.28 21.28 21.43 21.59 20.38 19.17 17.8 16.42 15.36 14.3 12.95 12.28 12.27 11.79 11.31 11.08 10.88 11.08 11.44 11.25 12.35 10.68 7.98 7.65 9.17 10.44 10.85 10.17 8.19 7.64 8.85 8.61 8.35 6.8 3.37 5.07 6.06 6.58 7.67 8.2 8.75 9.04 8.72 8.48 8.44 8.44 8.39 8.42 8.54 8.8 8.81 8.95 9.25 9.25 9.33 9.49 9.49 9.43 9.31 8.95 8.59 8.59 7.98 6.75 6.75 5.73
37.2 42.92 37.32 34.52 34.52 32.37 30.21 28.5 26.79 25.46 24.12 23.22 22.32 21.96 21.6 21.39 21.28 21.28 21.43 21.59 20.38 19.17 17.79 16.42 15.36 14.3 12.96 12.3 12.27 11.78 11.31 11.05 10.88 10.91 11.44 9.96 8.45 8.72 9.02 9.76 10.71 11.2 9.91 7.97 8.74 9.36 8.81 8.53 7.99 7.21 7.45 7.46 8.09 9.11 9.28 9.21 9.11 8.82 8.44 8.48 8.39 8.45 8.56 8.8 8.82 8.96 9.25 9.25 9.33 9.49 9.49 9.43 9.31 8.95 8.59 8.59 7.98 6.75 6.75 5.73 3.67
31.49 37.2 42.92 37.32 34.52 34.52 32.37 30.21 28.5 26.79 25.46 24.12 23.22 22.32 21.96 21.6 21.38 21.28 21.28 21.43 21.59 20.38 19.17 17.79 16.42 15.36 14.3 12.97 12.33 12.27 11.76 11.31 10.96 10.88 10.42 8.83 6.86 6.87 8.45 9.63 9.96 7.6 5.55 6.16 8.08 8.86 8.55 7.9 5.36 7.98 7.98 8.19 8.73 9.26 9.4 9.29 9.11 8.88 8.63 8.39 8.52 8.6 8.8 8.83 8.97 9.25 9.25 9.33 9.49 9.49 9.43 9.31 8.95 8.59 8.59 7.98 6.75 6.75 5.73 3.67 3.67
26.87 31.49 37.2 42.92 37.32 34.52 34.52 32.37 30.21 28.5 26.79 25.46 24.12 23.22 22.32 21.96 21.6 21.38 21.27 21.28 21.43 21.59 20.37 19.17 17.79 16.42 15.35 14.3 13 12.39 12.27 11.71 11.31 10.7 9.79 7.72 4.79 6.03 9.2 10.19 9.26 6.33 3.69 6.59 8.53 8.72 8.33 7.4 6.38 5.48 7.85 8.81 9.2 9.48 9.51 9.34 9.14 8.96 8.8 8.64 8.68 8.8 8.87 8.98 9.25 9.26 9.33 9.49 9.49 9.43 9.31 8.95 8.59 8.59 7.98 6.75 6.75 5.73 3.67 3.67 2.47
22.25 26.87 31.49 37.2 42.92 37.32 34.52 34.52 32.37 30.21 28.5 26.79 25.46 24.12 23.22 22.32 21.96 21.6 21.38 21.27 21.28 21.43 21.59 20.37 19.17 17.77 16.42 15.33 14.3 13.04 12.5 12.27 11.56 10.75 9.63 7.77 6.81 9.04 11 10.97 9.05 6.99 7.68 10.05 9.73 8.83 8.32 7.85 7.88 7.98 9.27 9.46 9.66 9.96 9.81 9.36 9.14 9.06 8.97 8.88 8.8 8.93 9.02 9.25 9.27 9.34 9.49 9.49 9.43 9.31 8.95 8.59 8.59 7.98 6.75 6.75 5.73 3.67 3.67 2.47 0.06
26.99 22.25 26.87 31.49 37.2 42.92 37.32 34.52 34.52 32.37 30.21 28.5 26.79 25.46 24.12 23.22 22.32 21.96 21.6 21.38 21.26 21.28 21.42 21.59 20.34 19.17 17.74 16.42 15.27 14.3 13.1 12.73 11.85 10.99 10.03 9.38 10.15 11.34 11.27 8.67 5.86 6.92 10.65 12.56 9.94 8.56 8.38 8.49 8.93 9.97 10.22 9.88 9.86 10.18 9.84 8.98 9.1 9.18 9.16 9.11 9.05 9.1 9.25 9.29 9.35 9.49 9.5 9.43 9.31 8.95 8.59 8.59 7.98 6.75 6.75 5.73 3.67 3.67 2.47 0.06 0.06
31.74 26.99 22.25 26.87 31.49 37.2 42.92 37.32 34.52 34.52 32.37 30.21 28.5 26.79 25.46 24.12 23.22 22.32 21.96 21.6 21.37 21.25 21.28 21.41 21.59 20.28 19.17 17.62 16.42 15.09 14.3 13.09 12.12 11.31 10.65 10.54 11.12 11.18 9.88 5.82 4.98 7.97 10.77 9.25 7.76 7.65 8.47 9.01 9.53 10.25 10.31 10 9.7 8.43 7.16 8.64 9.24 9.37 9.37 9.33 9.29 9.25 9.34 9.38 9.49 9.5 9.44 9.31 8.95 8.59 8.59 7.98 6.75 6.75 5.73 3.67 3.67 2.47 0.06 0.06 0.04
25.8 31.74 26.99 22.25 26.87 31.49 37.2 42.92 37.32 34.52 34.52 32.37 30.21 28.5 26.79 25.46 24.12 23.22 22.32 21.96 21.6 21.36 21.22 21.28 21.35 21.59 20.08 19.17 17.26 16.42 14.55 13.24 12.27 11.54 11.04 10.87 10.86 10.45 9.04 7.17 8.07 9.51 9.3 5.29 4.67 7.55 8.99 9.51 9.88 10.19 10.24 10.03 9.56 8.54 8.3 9.42 9.63 9.63 9.61 9.57 9.51 9.44 9.45 9.49 9.52 9.45 9.31 8.96 8.59 8.59 7.98 6.75 6.74 5.72 3.67 3.67 2.47 0.06 0.06 0.04 0
19.86 25.8 31.74 26.99 22.25 26.87 31.49 37.2 42.92 37.32 34.52 34.52 32.37 30.21 28.5 26.79 25.46 24.12 23.22 22.32 21.96 21.6 21.32 21.16 21.28 21.19 21.59 19.47 19.17 16.18 14.38 13.14 12.25 11.6 11.16 10.88 10.64 10.21 9.47 9.84 10.65 10.21 8.5 6.21 6.74 9.49 9.94 10.03 10.18 10.3 10.31 10.18 9.88 9.85 10.41 10.35 10.05 9.92 9.85 9.81 9.74 9.64 9.49 9.56 9.48 9.31 8.97 8.59 8.58 7.97 6.75 6.74 5.72 3.67 3.67 2.47 0.06 0.06 0.04 0 0.47
19.86 19.86 25.8 31.74 26.99 22.25 26.87 31.49 37.2 42.92 37.32 34.53 34.52 32.37 30.21 28.5 26.79 25.46 24.12 23.22 22.32 21.96 21.6 21.26 21.04 21.28 20.69 21.59 17.65 15.23 13.8 12.79 12.05 11.5 11.11 10.83 10.58 10.31 10.15 10.75 11.01 10.29 9.13 9.27 10.69 11.39 10.76 10.5 10.47 10.5 10.51 10.46 10.4 10.61 10.93 10.69 10.34 10.15 10.08 10.06 10.02 9.89 9.62 9.57 9.31 9.01 8.59 8.57 7.97 6.75 6.72 5.71 3.67 3.66 2.46 0.06 0.06 0.04 0 0.47 0.95
22.22 19.86 19.86 25.8 31.74 26.99 22.25 26.87 31.49 37.2 42.92 37.33 34.53 34.52 32.37 30.21 28.5 26.79 25.45 24.12 23.22 22.32 21.94 21.6 21.12 20.79 21.28 19.21 16.31 14.34 13.14 12.26 11.69 11.28 10.97 10.74 10.56 10.43 10.44 10.62 10.65 10.34 10.07 10.79 11.88 11.76 11.12 10.81 10.73 10.73 10.76 10.79 10.83 10.91 10.92 10.74 10.48 10.31 10.27 10.33 10.39 10.26 9.84 9.31 9.12 8.59 8.56 7.96 6.75 6.68 5.69 3.67 3.65 2.46 0.06 0.06 0.04 0 0.47 0.95 0.95
26.95 22.22 19.86 19.86 25.8 31.74 26.99 22.25 26.87 31.49 37.2 42.92 37.33 34.54 34.52 32.37 30.21 28.5 26.79 25.45 24.12 23.22 22.32 21.91 21.6 20.82 20.31 18.18 16.05 14.3 12.98 11.97 11.36 10.97 10.77 10.63 10.53 10.46 10.45 10.48 10.46 10.4 10.48 10.9 11.37 11.38 11.13 10.96 10.92 10.95 11.03 11.12 11.19 11.18 11.04 10.79 10.51 10.34 10.36 10.56 10.96 10.99 10.42 9.45 8.59 8.52 7.95 6.75 6.61 5.65 3.67 3.62 2.44 0.06 0.06 0.04 0 0.47 0.95 0.95 3.08
25.32 26.95 22.22 19.86 19.86 25.8 31.74 26.99 22.25 26.87 31.49 37.21 42.92 37.34 34.56 34.52 32.37 30.21 28.5 26.79 25.45 24.12 23.21 22.32 21.81 21.6 20.08 18.3 16.52 14.89 13.45 12.23 11.32 10.73 10.52 10.5 10.48 10.44 10.39 10.38 10.39 10.4 10.49 10.7 10.92 11.03 11.02 11 11.04 11.14 11.3 11.48 11.61 11.55 11.27 10.86 10.46 10.21 10.29 10.67 11.28 12.08 10.98 9.6 8.45 7.95 6.75 6.48 5.58 3.67 3.56 2.41 0.06 0.06 0.04 0 0.47 0.95 0.96 3.08 7.33
23.68 25.32 26.95 22.22 19.87 19.86 25.8 31.74 26.99 22.25 26.87 31.49 37.21 42.92 37.36 34.59 34.52 32.36 30.21 28.49 26.79 25.44 24.12 23.17 22.32 21.5 20.23 18.67 17.06 15.52 14.1 12.81 11.66 10.75 10.31 10.37 10.51 10.4 10.28 10.3 10.33 10.32 10.35 10.46 10.63 10.8 10.91 10.99 11.11 11.29 11.54 11.86 12.19 12.17 11.61 10.9 10.27 9.82 9.77 10.18 9.87 9.3 8.88 8.93 8 6.75 6.2 5.4 3.67 3.45 2.36 0.06 0.06 0.04 0 0.47 0.95 0.97 3.09 7.33 7.33
21.24 23.68 25.32 26.95 22.23 19.87 19.86 25.8 31.74 26.99 22.25 26.87 31.49 37.21 42.92 37.39 34.66 34.52 32.35 30.21 28.47 26.79 25.41 24.12 23.07 21.92 20.57 19.08 17.55 16.05 14.63 13.33 12.12 11.03 10.3 10.26 10.53 10.17 9.99 10.27 10.31 10.21 10.1 10.16 10.39 10.63 10.82 10.95 11.1 11.37 11.78 12.15 12.54 12.34 11.07 10.06 9.27 8.56 7.97 7.19 5.52 2.11 3.58 5.52 6.29 5.64 4.98 3.67 3.23 2.24 0.06 0.06 0.04 0 0.47 0.95 1 3.1 7.33 7.33 7.1
18.79 21.24 23.68 25.32 26.95 22.23 19.88 19.86 25.8 31.74 27 22.25 26.87 31.49 37.23 42.92 37.46 34.81 34.52 32.32 30.21 28.42 26.79 25.33 23.93 22.52 21.04 19.52 17.99 16.5 15.08 13.75 12.53 11.42 10.61 10.31 9.63 9.05 9.69 10.41 10.14 9.96 9.55 9.74 10.16 10.52 10.79 10.92 11.01 11.28 11.84 11.75 10.6 9.03 7.26 6.4 5.78 5.16 4.29 1.98 0.66 0.14 0.3 0.47 3.01 3.87 3.67 2.8 1.99 0.06 0.05 0.04 0 0.47 0.95 1.05 3.13 7.33 7.33 7.1 6.65
15.33 18.79 21.24 23.68 25.32 26.95 22.24 19.9 19.86 25.8 31.74 27.01 22.25 26.88 31.49 37.27 42.92 37.59 35.09 34.52 32.23 30.21 28.27 26.48 24.79 23.17 21.57 19.97 18.4 16.89 15.44 14.09 12.85 11.78 11.06 10.68 7.5 7.51 9.92 9.84 8.97 8.56 8.49 9.33 9.99 10.48 10.89 11.01 10.76 10.67 10.53 8.64 5.03 1.8 1.28 1.06 0.9 0.75 0.56 0.17 0 0 0 0 0.21 1.63 1.92 1.44 0.06 0.05 0.03 0 0.47 0.95 1.15 3.18 7.33 7.33 7.1 6.65 6.65
11.86 15.33 18.79 21.24 23.68 25.32 26.95 22.26 19.94 19.86 25.81 31.74 27.03 22.25 26.91 31.49 37.41 42.92 37.83 35.66 34.52 31.97 29.61 27.51 25.61 23.81 22.08 20.4 18.77 17.21 15.74 14.36 13.13 12.11 11.35 10.42 8.04 8.52 9.91 6.59 6.75 5.53 7.84 9.29 9.91 10.46 11.11 11.22 10.03 8.7 6.17 1.88 0.81 0.01 0 0 0 0 0 0 0 0 0 0 0 0.1 0.1 0.06 0.03 0.03 0 0.46 0.95 1.35 3.28 7.33 7.33 7.1 6.65 6.65 6.61
11.68 11.86 15.33 18.79 21.24 23.68 25.32 26.95 22.3 20.01 19.86 25.82 31.74 27.12 22.25 27 31.49 37.82 42.92 38.22 36.81 33.47 30.71 28.39 26.33 24.41 22.56 20.77 19.08 17.48 16.01 14.72 13.6 12.6 11.63 10.39 9.57 9.57 8.89 4.76 6.29 7.46 9.15 9.53 9.82 10.37 10.88 9.9 7.24 4.63 1.22 0 0 0 0 0 0 0 0 0 0 0.08 0.02 0 0 0 0 0 0.02 0 0.44 0.95 1.76 3.48 7.33 7.33 7.1 6.65 6.65 6.61 6.52
11.51 11.68 11.86 15.33 18.79 21.24 23.68 25.32 26.95 22.38 20.17 19.86 25.86 31.74 27.38 22.25 27.26 31.49 39.06 42.92 38.64 34.41 31.44 29.07 26.96 24.96 22.99 21.08 19.32 17.79 16.52 15.44 14.38 13.26 12.09 10.97 10.1 9.45 8.16 7.58 9.09 10.12 9.93 9.53 9.57 9.81 8.4 3.38 1.7 0.88 0 0 0 0 0 0 0 0.06 0.13 0.18 0.23 0.83 0.37 0.03 0 0 0 0 0 0.37 0.95 2.57 3.87 7.33 7.32 7.1 6.65 6.65 6.61 6.52 6.52
