NetLogoInput/pp3_pinchpoints_30.asc
NCOLS 263 
NROWS 382 
XLLCORNER -925595.5599279 
YLLCORNER -56566.5307948138 
CELLSIZE 30 
NODATA_value -9999 
[rows 112 to 139 of 382, columns 0 to 63 of 263]
0.011497 0.011453 0.01143 0.011407 0.011457 0.011506 0.01148 0.011454 0.011369 0.011326 0.011327 0.011663 0.011999 0.012404 0.012809 0.013272 0.013734 0.015661 0.017588 0.018068 0.018547 0.017552 0.017054 0.017053 0.017374 0.017695 0.017733 0.017771 0.018115 0.018459 0.020257 0.022055 0.022348 0.022495 0.022492 0.022071 0.021649 0.020755 0.01986 0.01932 0.01878 0.020414 0.02204 0.026907 0.031736 0.032275 0.03266 0.032086 0.028653 0.024831 0.022264 0.019715 0.016951 0.022955 0.030754 0.038554 0.039137 0.039497 0.03967 0.038329 0.036989 0.035758 0.034859 0.03396
0.011542 0.011497 0.011453 0.01143 0.011407 0.011457 0.011506 0.01148 0.011454 0.011369 0.011326 0.011327 0.011663 0.011999 0.012404 0.012809 0.013272 0.013734 0.015661 0.017588 0.018068 0.018547 0.017552 0.017054 0.017053 0.017374 0.017695 0.017733 0.017771 0.018115 0.018459 0.020257 0.022055 0.022349 0.022498 0.022492 0.022071 0.021649 0.020755 0.01986 0.019321 0.01878 0.020421 0.02204 0.026946 0.031736 0.032618 0.033235 0.032086 0.029041 0.024831 0.022246 0.019661 0.024287 0.030389 0.036491 0.037255 0.037853 0.038272 0.037242 0.036213 0.035247 0.034475 0.033703
0.011542 0.011542 0.011497 0.011453 0.01143 0.011407 0.011457 0.011506 0.01148 0.011454 0.011369 0.011326 0.011327 0.011663 0.011999 0.012404 0.012809 0.013272 0.013734 0.015661 0.017588 0.018068 0.018547 0.017552 0.017054 0.017053 0.017374 0.017695 0.017733 0.017771 0.018115 0.018459 0.020257 0.022055 0.022352 0.022503 0.022492 0.022072 0.021649 0.020757 0.01986 0.019323 0.01878 0.020443 0.02204 0.027061 0.031736 0.033413 0.034384 0.032086 0.030207 0.027171 0.024136 0.026988 0.031047 0.035106 0.035831 0.036453 0.036919 0.036128 0.035337 0.034588 0.033963 0.033338
0.011624 0.011542 0.011542 0.011497 0.011453 0.01143 0.011407 0.011457 0.011506 0.01148 0.011454 0.011369 0.011326 0.011327 0.011663 0.011999 0.012404 0.012809 0.013272 0.013734 0.015661 0.017588 0.018068 0.018547 0.017552 0.017054 0.017053 0.017374 0.017695 0.017733 0.017771 0.018115 0.018459 0.020257 0.022055 0.022357 0.022513 0.022492 0.022075 0.021649 0.020761 0.01986 0.01933 0.01878 0.020509 0.02204 0.027408 0.031736 0.035445 0.036682 0.035827 0.03229 0.028754 0.029801 0.031788 0.033775 0.034444 0.035072 0.03557 0.035012 0.034454 0.033917 0.033441 0.032965
0.011789 0.011624 0.011542 0.011542 0.011497 0.011453 0.01143 0.011407 0.011457 0.011506 0.01148 0.011454 0.011369 0.011326 0.011327 0.011663 0.011999 0.012404 0.012809 0.013272 0.013734 0.015661 0.017588 0.018068 0.018547 0.017552 0.017054 0.017053 0.017374 0.017695 0.017733 0.017771 0.018115 0.018459 0.020258 0.022055 0.022367 0.022534 0.022492 0.022083 0.021649 0.020775 0.01986 0.019351 0.01878 0.020706 0.02204 0.028448 0.031736 0.041277 0.041448 0.03741 0.033371 0.032614 0.032529 0.032444 0.033057 0.033691 0.03422 0.033895 0.033571 0.033246 0.032918 0.032591
0.012121 0.011789 0.011624 0.011542 0.011542 0.011497 0.011453 0.01143 0.011407 0.011457 0.011506 0.01148 0.011454 0.011369 0.011326 0.011327 0.011663 0.011999 0.012404 0.012809 0.013272 0.013734 0.015661 0.017588 0.018068 0.018547 0.017552 0.017054 0.017053 0.017374 0.017695 0.017733 0.017771 0.018115 0.018459 0.020259 0.022055 0.022389 0.022576 0.022492 0.022108 0.021649 0.020815 0.01986 0.019414 0.01878 0.021299 0.02204 0.031569 0.041098 0.041727 0.038357 0.034987 0.033742 0.032932 0.032123 0.032495 0.032903 0.033245 0.033048 0.032851 0.032653 0.032453 0.032253
0.012454 0.012121 0.011789 0.011624 0.011542 0.011542 0.011497 0.011453 0.01143 0.011407 0.011457 0.011506 0.01148 0.011454 0.011369 0.011326 0.011327 0.011663 0.011999 0.012404 0.012809 0.013272 0.013734 0.015661 0.017588 0.018068 0.018547 0.017552 0.017054 0.017053 0.017374 0.017695 0.017733 0.017771 0.018116 0.018459 0.020263 0.022055 0.022433 0.02266 0.022492 0.022184 0.021649 0.020935 0.01986 0.019601 0.01878 0.023076 0.031305 0.039533 0.040454 0.038093 0.035731 0.034381 0.033237 0.032094 0.032172 0.032287 0.032379 0.032279 0.032179 0.032084 0.032004 0.031925
0.012917 0.012454 0.012121 0.011789 0.011624 0.011542 0.011542 0.011497 0.011453 0.01143 0.011407 0.011457 0.011506 0.01148 0.011454 0.011369 0.011326 0.011327 0.011663 0.011999 0.012404 0.012809 0.013272 0.013734 0.015661 0.017588 0.018068 0.018547 0.017552 0.017056 0.017053 0.017375 0.017695 0.017734 0.017771 0.018119 0.018459 0.020274 0.022055 0.022526 0.022829 0.022492 0.022412 0.021649 0.021297 0.01986 0.020165 0.024112 0.03104 0.037968 0.039182 0.037829 0.036475 0.035019 0.033542 0.032065 0.031849 0.031671 0.031513 0.03151 0.031507 0.031515 0.031556 0.031596
0.013381 0.012917 0.012454 0.012121 0.011789 0.011624 0.011542 0.011542 0.011497 0.011453 0.01143 0.011407 0.011457 0.011506 0.01148 0.011454 0.011369 0.011326 0.011327 0.011663 0.011999 0.012404 0.012809 0.013272 0.013734 0.015661 0.017588 0.018068 0.018547 0.017554 0.01706 0.017053 0.017376 0.017695 0.017736 0.017771 0.018126 0.018459 0.020309 0.022055 0.022727 0.023165 0.022492 0.023095 0.021649 0.022381 0.023114 0.02637 0.031692 0.037014 0.038042 0.037142 0.036242 0.034828 0.033309 0.03179 0.031421 0.031087 0.030797 0.030858 0.030919 0.031005 0.031165 0.031326
0.016844 0.013381 0.012917 0.012454 0.012121 0.011789 0.011624 0.011542 0.011542 0.011497 0.011453 0.01143 0.011407 0.011457 0.011506 0.01148 0.011454 0.011369 0.011326 0.011327 0.011663 0.011999 0.012404 0.012809 0.013272 0.013734 0.015661 0.017588 0.018068 0.018547 0.017558 0.017068 0.017053 0.017379 0.017695 0.017743 0.017771 0.018147 0.018459 0.020414 0.022055 0.023197 0.023839 0.022492 0.025144 0.026072 0.027001 0.029361 0.032893 0.036424 0.036982 0.036203 0.035424 0.03414 0.032753 0.031366 0.030929 0.030522 0.030172 0.030277 0.030382 0.030531 0.03081 0.03109
0.020307 0.016844 0.013381 0.012917 0.012454 0.012121 0.011789 0.011624 0.011542 0.011542 0.011497 0.011453 0.01143 0.011407 0.011457 0.011506 0.01148 0.011454 0.011369 0.011326 0.011327 0.011663 0.011999 0.012404 0.012809 0.013272 0.013734 0.015661 0.017588 0.018068 0.018547 0.017566 0.017082 0.017053 0.017388 0.017695 0.017764 0.017771 0.01821 0.018459 0.020728 0.022055 0.024401 0.025187 0.028639 0.029763 0.030888 0.032352 0.034094 0.035835 0.035921 0.035264 0.034606 0.033452 0.032197 0.030942 0.030438 0.029957 0.029546 0.029695 0.029845 0.030057 0.030455 0.030854
0.029108 0.020307 0.016844 0.013381 0.012917 0.012454 0.012121 0.011789 0.011624 0.011542 0.011542 0.011497 0.011453 0.01143 0.011407 0.011457 0.011506 0.01148 0.011454 0.011369 0.011326 0.011327 0.011663 0.011999 0.012404 0.012809 0.013272 0.013734 0.015661 0.017588 0.018069 0.018547 0.017581 0.017112 0.017053 0.017415 0.017695 0.017825 0.017771 0.0184 0.018459 0.021671 0.022055 0.027871 0.031722 0.032747 0.033772 0.0345 0.034986 0.035472 0.035121 0.034394 0.033667 0.032549 0.031351 0.030153 0.029678 0.029225 0.028845 0.029052 0.02926 0.029549 0.030083 0.030616
0.03791 0.029108 0.020307 0.016844 0.013381 0.012917 0.012454 0.012121 0.011789 0.011624 0.011542 0.011542 0.011497 0.011453 0.01143 0.011407 0.011457 0.011506 0.01148 0.011454 0.011369 0.011326 0.011327 0.011663 0.011999 0.012404 0.012809 0.013272 0.013734 0.015662 0.017588 0.018072 0.018547 0.017611 0.01717 0.017053 0.017497 0.017695 0.018008 0.017771 0.01897 0.018459 0.024501 0.030542 0.034352 0.03495 0.035548 0.035718 0.035538 0.035358 0.034608 0.033601 0.032595 0.031408 0.030184 0.02896 0.02862 0.028308 0.02806 0.028341 0.028622 0.029005 0.029691 0.030378
0.049774 0.03791 0.029108 0.020307 0.016844 0.013381 0.012917 0.012454 0.012121 0.011789 0.011624 0.011542 0.011542 0.011497 0.011453 0.01143 0.011407 0.011457 0.011506 0.01148 0.011454 0.011369 0.011326 0.011327 0.011663 0.011999 0.012404 0.012809 0.013272 0.013734 0.015665 0.017588 0.01808 0.018547 0.017675 0.017287 0.017053 0.017742 0.017695 0.018559 0.017771 0.020679 0.026947 0.033214 0.036982 0.037153 0.037323 0.036935 0.036089 0.035243 0.034094 0.032809 0.031524 0.030267 0.029017 0.027767 0.027562 0.02739 0.027276 0.02763 0.027985 0.02846 0.0293 0.03014
0.061639 0.049774 0.03791 0.029108 0.020307 0.016844 0.013381 0.012917 0.012454 0.012121 0.011789 0.011624 0.011542 0.011542 0.011497 0.011453 0.01143 0.011407 0.011457 0.011506 0.01148 0.011454 0.011369 0.011326 0.011327 0.011663 0.011999 0.012404 0.012809 0.013272 0.013734 0.015674 0.017588 0.018106 0.018547 0.017812 0.017522 0.017053 0.018479 0.017695 0.020211 0.02366 0.02963 0.0356 0.039073 0.038951 0.03883 0.037999 0.036587 0.035176 0.03361 0.031976 0.030342 0.028862 0.027413 0.025965 0.026191 0.02647 0.026765 0.027197 0.02763 0.028104 0.028705 0.029305
0.06164 0.061639 0.049774 0.03791 0.029108 0.020307 0.016844 0.013381 0.012917 0.012454 0.012121 0.011789 0.011624 0.011542 0.011542 0.011497 0.011453 0.01143 0.011407 0.011457 0.011506 0.01148 0.011454 0.011369 0.011326 0.011327 0.011663 0.011999 0.012404 0.012809 0.013272 0.013734 0.0157 0.017588 0.018184 0.018547 0.018127 0.01799 0.017053 0.020689 0.024326 0.028219 0.032807 0.037394 0.040046 0.039912 0.039778 0.038744 0.036974 0.035205 0.033188 0.031059 0.028931 0.026906 0.024902 0.022897 0.024169 0.025543 0.026822 0.027342 0.027863 0.028139 0.027685 0.02723
0.066648 0.06164 0.061639 0.049774 0.03791 0.029108 0.020307 0.016844 0.013381 0.012917 0.012454 0.012121 0.011789 0.011624 0.011542 0.011542 0.011497 0.011453 0.01143 0.011407 0.011457 0.011506 0.01148 0.011454 0.011369 0.011326 0.011327 0.011663 0.011999 0.012405 0.012809 0.013274 0.013734 0.015777 0.017588 0.018418 0.018547 0.018918 0.018927 0.023684 0.028441 0.032778 0.035983 0.039188 0.041019 0.040872 0.040725 0.039489 0.037361 0.035234 0.032765 0.030143 0.027521 0.02495 0.02239 0.01983 0.022147 0.024616 0.026879 0.027487 0.028095 0.028174 0.026665 0.025156
0.076663 0.066648 0.06164 0.061639 0.049774 0.03791 0.029108 0.020307 0.016844 0.013381 0.012917 0.012454 0.012121 0.011789 0.011624 0.011542 0.011542 0.011497 0.011453 0.01143 0.011407 0.011457 0.011506 0.01148 0.011454 0.011369 0.011326 0.011327 0.011664 0.011999 0.012407 0.012809 0.013279 0.013734 0.016009 0.017588 0.019118 0.018547 0.021146 0.026685 0.032223 0.036824 0.038893 0.040962 0.042103 0.041908 0.041713 0.04015 0.037468 0.034786 0.031875 0.028861 0.025848 0.022915 0.019998 0.017081 0.020395 0.023902 0.027072 0.027516 0.027959 0.027755 0.025606 0.023458
0.073693 0.076663 0.066648 0.06164 0.061639 0.049774 0.03791 0.029108 0.020307 0.016844 0.013381 0.012917 0.012454 0.012121 0.011789 0.011624 0.011542 0.011542 0.011497 0.011453 0.01143 0.011407 0.011457 0.011506 0.01148 0.011454 0.011368 0.011324 0.011327 0.011665 0.011999 0.012414 0.012809 0.013295 0.013734 0.016704 0.017588 0.021218 0.02499 0.029713 0.034437 0.038451 0.040544 0.042638 0.043706 0.043299 0.042892 0.040418 0.036253 0.032089 0.028782 0.025861 0.022939 0.020503 0.018167 0.01583 0.019913 0.024194 0.027904 0.026994 0.026085 0.025195 0.024364 0.023534
0.070723 0.073693 0.076663 0.066648 0.06164 0.061639 0.049774 0.03791 0.029108 0.020307 0.016844 0.013381 0.012917 0.012454 0.012121 0.011789 0.011624 0.011542 0.011542 0.011497 0.011453 0.01143 0.011407 0.011457 0.011506 0.01148 0.011454 0.011366 0.01132 0.011327 0.01167 0.011999 0.012433 0.012809 0.013342 0.013734 0.018789 0.023889 0.028833 0.032742 0.036651 0.040077 0.042195 0.044314 0.04531 0.04469 0.044071 0.040686 0.035039 0.029392 0.025689 0.02286 0.02003 0.018092 0.016335 0.014579 0.019431 0.024486 0.028737 0.026473 0.02421 0.022634 0.023122 0.023611
0.064295 0.070723 0.073693 0.076663 0.066648 0.06164 0.061639 0.049774 0.03791 0.029108 0.020307 0.016844 0.013381 0.012917 0.012454 0.012121 0.011789 0.011624 0.011542 0.011542 0.011497 0.011453 0.01143 0.011407 0.011457 0.011506 0.01148 0.011454 0.011362 0.011312 0.011327 0.011685 0.011999 0.012491 0.012809 0.013482 0.019978 0.026533 0.03264 0.03575 0.03886 0.041707 0.043842 0.045977 0.046892 0.046052 0.045211 0.040912 0.033782 0.026652 0.022567 0.019851 0.017135 0.015712 0.014554 0.013395 0.018966 0.024746 0.029497 0.025927 0.022357 0.020135 0.021957 0.023779
0.057867 0.064295 0.070723 0.073693 0.076663 0.066648 0.06164 0.061639 0.049774 0.03791 0.029108 0.020307 0.016844 0.013381 0.012917 0.012454 0.012121 0.011789 0.011624 0.011542 0.011542 0.011497 0.011453 0.01143 0.011407 0.011457 0.011506 0.011481 0.011454 0.011356 0.011296 0.011327 0.01173 0.011999 0.012664 0.013329 0.020702 0.028142 0.034997 0.037937 0.040876 0.043508 0.04531 0.047112 0.047614 0.046244 0.044874 0.039507 0.030871 0.022235 0.018329 0.016547 0.014766 0.014569 0.014697 0.014824 0.01921 0.023727 0.027415 0.024394 0.021374 0.020047 0.023799 0.027552
0.048309 0.057867 0.064295 0.070723 0.073693 0.076663 0.066648 0.06164 0.061639 0.049774 0.03791 0.029108 0.020307 0.016844 0.013381 0.012917 0.012454 0.012121 0.011789 0.011624 0.011542 0.011542 0.011497 0.011453 0.011429 0.011407 0.011457 0.011506 0.011483 0.011454 0.011347 0.011264 0.011327 0.011863 0.012519 0.013175 0.021425 0.029751 0.037355 0.040123 0.042892 0.045309 0.046778 0.048247 0.048335 0.046436 0.044536 0.038103 0.027961 0.017818 0.01409 0.013243 0.012396 0.013426 0.01484 0.016254 0.019453 0.022708 0.025333 0.022862 0.020391 0.019959 0.025641 0.031324
0.038752 0.048309 0.057867 0.064295 0.070723 0.073693 0.076663 0.066648 0.06164 0.061639 0.049774 0.03791 0.029108 0.020307 0.016844 0.013381 0.012917 0.012454 0.012121 0.011789 0.011624 0.011541 0.011542 0.011497 0.011453 0.011428 0.011407 0.011458 0.011506 0.011488 0.011454 0.011341 0.011202 0.011726 0.012374 0.013022 0.022148 0.03136 0.039712 0.04231 0.044908 0.047111 0.048247 0.049383 0.049057 0.046628 0.044198 0.036698 0.02505 0.013401 0.009851 0.009939 0.010027 0.012283 0.014983 0.017683 0.019697 0.021689 0.023251 0.02133 0.019408 0.01987 0.027483 0.035097
0.032204 0.038752 0.048309 0.057867 0.064295 0.070723 0.073693 0.076663 0.066648 0.061642 0.061639 0.049774 0.03791 0.029108 0.020307 0.016844 0.013381 0.012917 0.012454 0.012121 0.011789 0.011623 0.01154 0.011542 0.011496 0.011453 0.011425 0.011407 0.01146 0.011506 0.011505 0.011454 0.011382 0.012375 0.013557 0.014739 0.02374 0.03282 0.041014 0.043282 0.045551 0.047443 0.048318 0.049193 0.04857 0.045791 0.043012 0.035441 0.02395 0.012458 0.009098 0.009391 0.009684 0.011827 0.014348 0.016869 0.018122 0.019336 0.020545 0.021713 0.022881 0.025217 0.031058 0.036899
0.025656 0.032204 0.038752 0.048309 0.057867 0.064295 0.070723 0.073693 0.076663 0.06665 0.061644 0.061639 0.049774 0.03791 0.029108 0.020307 0.016844 0.013381 0.012917 0.012454 0.012121 0.011789 0.011622 0.011537 0.011542 0.011492 0.011453 0.011415 0.011407 0.011466 0.011506 0.011556 0.011605 0.013137 0.01493 0.016724 0.025456 0.034257 0.042164 0.044081 0.045998 0.047566 0.04819 0.048814 0.04791 0.044807 0.041704 0.034205 0.023108 0.012011 0.008843 0.009237 0.009631 0.011469 0.013602 0.015735 0.016288 0.016793 0.01775 0.02237 0.02699 0.03134 0.03488 0.038419
0.025656 0.025656 0.032204 0.038752 0.048309 0.057867 0.064295 0.070723 0.073693 0.076663 0.066652 0.061649 0.061639 0.049774 0.03791 0.029108 0.020307 0.016844 0.013381 0.012917 0.012454 0.012121 0.011789 0.01162 0.011533 0.011542 0.011482 0.011453 0.011384 0.011407 0.011486 0.011657 0.011829 0.013899 0.016303 0.018708 0.027171 0.035695 0.043315 0.04488 0.046445 0.047689 0.048062 0.048435 0.04725 0.043823 0.040397 0.032968 0.022266 0.011564 0.008588 0.009083 0.009578 0.011111 0.012856 0.014601 0.014454 0.014249 0.014954 0.023027 0.0311 0.037464 0.038701 0.039939
0.023448 0.025656 0.025656 0.032204 0.038752 0.048309 0.057867 0.064295 0.070723 0.073693 0.076663 0.066658 0.06166 0.061639 0.049774 0.03791 0.029108 0.020307 0.016843 0.013381 0.012917 0.012454 0.01212 0.011789 0.011615 0.011524 0.011542 0.011451 0.011453 0.011293 0.011466 0.011774 0.012083 0.015189 0.018789 0.022389 0.029487 0.03662 0.043003 0.044365 0.045727 0.046794 0.047065 0.047335 0.046158 0.042897 0.039636 0.032612 0.022508 0.012405 0.009282 0.009296 0.00931 0.011148 0.013359 0.015571 0.015393 0.015141 0.015857 0.024402 0.032948 0.039513 0.04014 0.040766
