NetLogoInput/pp3_corridors_60.asc
NCOLS 132 
NROWS 191 
XLLCORNER -925625.5599279 
YLLCORNER -56596.5307948138 
CELLSIZE 60 
NODATA_value -9999 
[rows 130 to 155 of 191, columns 59 to 117 of 132]
559.060967705861 525.737501693427 503.333042284048 487.758301267495 479.101951223485 457.453991514635 428.36129952559 392.961920483628 356.326872932414 319.832077245218 283.42314114155 247.064695060581 210.481025970127 173.843962457487 137.205827258891 100.76079306428 65.7358035956443 33.2303888291456 12.3188454906906 2.8664304705188 0 0 0 0 0 0 0 0 0 0 0 0 0 0 0 0 0 0 0 0 0 0 0 0 0 0 0 0 0 0 0 -9999 -9999 -9999 -9999 -9999 -9999 -9999 -9999
591.286549450645 554.973684081487 524.112363187965 501.165817587819 489.014615583881 475.948820163843 454.645565226517 425.204285994285 389.252485067273 352.890979581761 316.380637963515 280.04819242168 243.584914814927 207.026674627794 170.364339417245 133.787226589833 97.3346814000622 61.555811514617 31.0381251712178 12.3820008422716 2.22491325258881 0.352166074732092 0 0 0 0 0 0 0 0 0 0 0 0 0 0 0 0 0 0 0 0 0 0 0 0 0 0 0 0 -9999 -9999 -9999 -9999 -9999 -9999 -9999 -9999 -9999
624.294514622001 587.821511307307 551.769904540212 519.866944458605 494.56210500415 487.798782603852 475.803473760295 456.581174816762 422.019285563341 386.042470767044 349.404808705175 312.912987902233 276.603229304236 240.204223298449 203.591827884906 166.911287896084 130.322704612101 93.866923622326 57.8461542654424 28.0329830131781 6.42197237669181 1.01648943000631 0 0 0 0 0 0 0 0 0 0 0 0 0 0 0 0 0 0 0 0 0 0 0 0 0 0 0 -9999 -9999 -9999 -9999 -9999 -9999 -9999 -9999 -9999 -9999
657.484274749562 620.877876686556 584.453172485986 549.67178534046 517.498275889232 499.105758527877 485.305258987207 473.7372297822 449.70762377181 418.184671547023 382.597915969404 345.983914533161 309.542637254977 273.141669210259 236.740488900285 200.112682300395 163.48463266214 126.88634793584 90.4745674612649 56.4991764631092 27.1245787983932 8.47853409020648 2.14569072432715 0 0 0 1.07811060872179 3.14611956481766 5.41587253163745 3.27149905835658 0 0 0 0 0 0 0 0 0 0 0 0 0 0 0 0 0 0 -9999 -9999 -9999 -9999 -9999 -9999 -9999 -9999 -9999 -9999 -9999
690.685748479445 654.004793300178 617.448881232184 581.008007880053 544.706374250205 516.134446252204 497.199098710614 486.292479939886 471.74409951897 446.728758199761 415.092315340633 379.006829196829 342.552123926221 306.095579236361 269.775939481502 233.25941354022 196.658730063367 160.0021369965 123.452582503322 87.0498012973554 52.3984157347267 23.0544507423217 8.7250322041644 1.4891972481961 0.0637386863171275 0 2.52146694495594 7.46064666410821 13.8090216114957 11.0245544851355 5.01482594337973 2.97529139739369 1.11688414239686 0 0 0 0 0 0 0 0 0 0 0 0 0 0 -9999 -9999 -9999 -9999 -9999 -9999 -9999 -9999 -9999 -9999 -9999 -9999
723.892391452233 687.230781918844 650.568931972575 613.990586764756 577.548413885513 542.535720588459 513.887262053209 492.434662248225 484.952743534233 469.482393521402 446.434313727732 411.93564741593 375.681942642089 339.094741137412 302.632807999363 266.311073025163 229.839344665086 193.220790583313 156.554636878933 120.017522014909 83.8619835202092 48.7106758913318 22.3703214754129 5.4069781255481 0.231422454671699 0 4.47783659817862 13.4394854110965 26.6424262331438 25.8353969047357 18.2078325837162 10.8026895176755 4.0551835118058 0 0 0 0 0 0 0 0 0 0 0 0 0 -9999 -9999 -9999 -9999 -9999 -9999 -9999 -9999 -9999 -9999 -9999 -9999 -9999
756.849048139526 720.395265618421 683.76625567665 647.129648267981 610.548243297646 574.174316244286 540.658006549265 511.172866448443 495.368524068515 482.268407279948 467.197929640546 441.531695457506 408.014162515691 372.200981179727 335.647666314138 299.257818258575 262.846140370868 226.387717426246 189.744574388317 153.132231645803 116.584318053455 80.1918467377189 47.6012269958496 33.0668877199511 46.129795080335 96.6196158484432 107.857882274454 80.0986958840943 32.3368488657957 17.2115631233408 17.8176164334375 17.4128286976881 7.46152263763904 0 0 0 0 0 0 0 0 0 0 0 0 -9999 -9999 -9999 -9999 -9999 -9999 -9999 -9999 -9999 -9999 -9999 -9999 -9999 -9999
789.766259569018 753.480031869071 716.942406572323 680.312764505102 643.630132896121 607.123978701341 570.732605738843 535.350362881468 508.635024312185 493.680758744091 482.957775327722 466.996472016895 438.287545274776 404.88598251004 368.720659301719 332.221853553549 295.814141740555 259.479820972707 222.925764446151 186.290602510387 151.358332034364 121.937214157632 91.4590154439645 85.7193661357896 120.121851847935 241.55766672832 260.263901195957 177.632650185955 45.1013474480427 6.04337705165297 12.796337656239 19.0205894450951 8.6851942753416 0 0 0 0 0 0 0 0 0 0 0 0 -9999 -9999 -9999 -9999 -9999 -9999 -9999 -9999 -9999 -9999 -9999 -9999 -9999 -9999
822.753955084287 786.347898251256 749.985138589448 713.516544311227 676.858782339954 640.218535175007 603.695346763726 567.524980169233 533.701035683997 508.569713975571 490.543603180499 481.338354255277 462.318623982528 436.074925534842 401.860202515472 365.328703037441 328.793119376626 292.363479983253 256.006514313779 219.476009067428 191.97721704908 193.306077490654 188.253964368888 202.761507711116 251.071124620801 469.905549716418 494.556304456032 329.321131334106 87.3018508562598 5.34156569764736 3.28153654150904 4.87770493260537 2.22726088903592 0 0 0 0 0 0 0 0 0 0 0 -9999 -9999 -9999 -9999 -9999 -9999 -9999 -9999 -9999 -9999 -9999 -9999 -9999 -9999 -9999
855.862184287819 819.3266806443 782.948762733951 746.549631347041 710.05515131653 673.393205720331 636.783315850574 600.24796804226 563.897697441093 532.05379004887 506.123077091532 491.879907769519 478.45352159272 459.97872610851 433.025508994191 397.941992197746 361.891245143385 325.343162723329 288.975896003016 252.539035298634 239.481150562172 300.450007327189 333.753801572164 314.088838949082 219.610926445182 351.137938949898 360.327021858393 244.528739261561 76.9305312103922 13.4116177046443 3.38126587576136 0.531198855252932 0 0 0 0 0 0 0 0 0 0 0 -9999 -9999 -9999 -9999 -9999 -9999 -9999 -9999 -9999 -9999 -9999 -9999 -9999 -9999 -9999 -9999
889.01324136713 852.373213465303 815.884253531658 779.494860347457 743.209456214637 706.598981784985 669.941141908399 633.276007712242 596.809039122567 560.4584726877 526.816634398469 501.632294703052 490.535524637505 479.159555864335 461.994629317682 429.759843551826 394.918470816824 358.388371326558 321.900430431111 285.534779686412 287.117212911274 408.48908774709 477.672059990055 402.294483055716 114.06435538075 75.9174609192854 59.732660954833 52.4694365685363 42.5959478304656 26.1539989789626 9.42251636862439 1.90690359216438 0.217826194773587 0 0 0 0 0 0 0 0 0 -9999 -9999 -9999 -9999 -9999 -9999 -9999 -9999 -9999 -9999 -9999 -9999 -9999 -9999 -9999 -9999 -9999
921.92744121918 885.52720004813 848.974911687009 812.463101518499 776.075897684579 739.677635856622 703.144093633479 666.491889744499 629.876779988168 593.406278051787 557.910820061277 525.296107050796 503.812777391074 488.147784266435 477.680404519179 455.427688646661 426.411338568866 391.605514099209 354.983229054729 318.497752624058 294.650304755073 310.546335819941 309.00874781057 259.552415373176 139.589899015841 102.547789615801 76.5730609492227 58.249983884136 50.9010362806855 39.5202609082656 25.5671629824435 9.76851159123642 2.93683207084449 0 0 0 0 0 0 0 0 -9999 -9999 -9999 -9999 -9999 -9999 -9999 -9999 -9999 -9999 -9999 -9999 -9999 -9999 -9999 -9999 -9999 -9999
954.871098260106 918.544222863206 882.046492821328 845.520524055582 809.014434134391 772.673016078 736.236804284835 699.693245596967 663.021097300646 626.445802875134 589.96312675603 553.621654194107 523.88606085511 501.650921458975 489.049798527969 474.672798345115 452.779839949853 423.486808230673 387.806364074955 351.549543150586 315.051802847641 278.695532752157 242.222448073221 205.662313761118 169.005781559648 132.449769999751 99.7825839253282 72.2625115519504 59.9178279399636 49.8479753056568 38.9856588530016 22.134655245605 10.019433635528 2.36523003453102 0.0976159060137564 0 0 0 0 0 -9999 -9999 -9999 -9999 -9999 -9999 -9999 -9999 -9999 -9999 -9999 -9999 -9999 -9999 -9999 -9999 -9999 -9999 -9999
987.843616194527 951.427054437887 915.099383106546 878.665322679974 842.023606161291 805.58680814331 769.221505448218 732.880369319901 696.240440939868 659.575190500947 622.954159449921 586.51456966332 550.617804478304 519.577573138738 496.19018689688 487.625186663757 474.127706378436 454.059295010468 420.375091804864 384.688353351126 348.06121487846 311.598793794674 275.250886876589 238.825567460114 202.233251739367 165.55717474735 129.23230113087 94.3403814086648 69.6319159571526 57.1986508188974 49.7331888487434 38.9141502331425 21.3772995833683 7.0478112734808 0.290871700777809 0 0 0 0 0 -9999 -9999 -9999 -9999 -9999 -9999 -9999 -9999 -9999 -9999 -9999 -9999 -9999 -9999 -9999 -9999 -9999 -9999 -9999
1021.01848122448 984.43898416974 948.032239407406 911.636980929049 875.193811871662 838.63976299753 802.177544507731 765.797677373634 729.358123987331 692.773923788214 656.133494462094 619.544122171182 583.121251724136 548.669436615325 517.343962831389 499.530680641876 485.178300735111 472.143098436838 447.775949796584 416.453860496767 381.245024448139 344.645868848487 308.206837016705 271.795448983511 235.368891884467 198.750062948953 162.134419186831 125.982445984576 93.968467689668 71.6437758934052 56.4000436868812 48.408641889966 35.3114477034629 21.0121478858185 6.66101554299929 1.99439788684495 0 0 0 -9999 -9999 -9999 -9999 -9999 -9999 -9999 -9999 -9999 -9999 -9999 -9999 -9999 -9999 -9999 -9999 -9999 -9999 -9999 -9999
1055.39384591613 1018.83418864667 982.448638236373 946.164284932926 909.977691669002 873.541981633709 837.14503935059 800.81020690003 764.621595186291 728.264703322572 691.795345739754 655.235262380463 618.838884952013 582.544500919835 546.353134174711 519.301142328916 500.834009272153 489.292615115588 473.73756962477 448.615269718914 417.318883144166 381.493782518334 345.224928409113 308.920536361479 272.724174791122 236.320108928649 199.828877468627 163.286016228754 126.906685694655 96.3053230358263 72.724700380196 62.2356724073644 52.5409722876522 40.02622860722 22.7218510182733 12.6731974714834 7.31142232605687 7.82472214187811 -9999 -9999 -9999 -9999 -9999 -9999 -9999 -9999 -9999 -9999 -9999 -9999 -9999 -9999 -9999 -9999 -9999 -9999 -9999 -9999 -9999
1091.92171855046 1055.7238173766 1019.57554334878 983.540281881242 947.670045417379 911.783491687707 875.769268005796 839.664495611188 803.79570990278 767.908398176991 731.939775725893 695.74122659839 659.605945140903 623.582378591991 587.715611756793 553.497311690935 526.257740743353 506.449574350952 497.790689730207 481.683031953111 458.617301437131 425.224431348761 389.629798140316 353.617903176032 317.754899456572 281.827450504805 245.755181212676 209.565873071044 173.470334744652 138.551931885036 107.14483653887 84.9246939051852 75.4033908104159 66.9441707781517 55.5382206054276 38.8508117061291 27.9004569669634 -9999 -9999 -9999 -9999 -9999 -9999 -9999 -9999 -9999 -9999 -9999 -9999 -9999 -9999 -9999 -9999 -9999 -9999 -9999 -9999 -9999 -9999
1159.95716971251 1123.55663028459 1087.28189672613 1051.10932635175 1015.05471950205 978.859434596906 942.634465541542 906.407149699276 870.352634658432 834.199358529668 797.949406634884 761.548343556412 725.272717702498 689.099744078901 653.045352198632 616.849366269769 584.03738243369 555.707516002184 540.582446519523 526.937382756876 510.935920314972 485.165008322344 452.235238475758 417.084934999867 381.03076066793 344.834064309085 308.526087108466 272.139348860655 235.891061341969 199.772969161566 165.031053448559 134.400114687697 115.956238712824 103.103507054559 94.7171105366357 80.3936121694686 -9999 -9999 -9999 -9999 -9999 -9999 -9999 -9999 -9999 -9999 -9999 -9999 -9999 -9999 -9999 -9999 -9999 -9999 -9999 -9999 -9999 -9999 -9999
1228.59411369866 1191.98024116337 1155.57064630373 1119.25372017136 1083.00901964901 1046.48712069887 1010.0383592441 973.680598298104 937.434231806962 901.0010410139 864.453611507041 827.839346182899 791.414547005423 755.084435662808 718.835760821435 682.334160195048 645.886071226926 610.612296070122 585.722517626656 570.769320083446 559.028533696044 541.873745150433 513.369619964498 480.444253007065 444.63839466306 408.177283401491 371.620633321728 335.025930941029 298.615675980284 262.309131486536 225.999512916451 189.520429558231 160.850514788621 140.865317339195 131.882245922824 -9999 -9999 -9999 -9999 -9999 -9999 -9999 -9999 -9999 -9999 -9999 -9999 -9999 -9999 -9999 -9999 -9999 -9999 -9999 -9999 -9999 -9999 -9999 -9999
1265.1451333581 1228.89299070933 1192.71329720427 1156.64678645123 1120.7367758525 1084.75606337993 1048.68121083375 1012.5475452136 976.637839223824 940.674134741502 904.620926499026 868.36816920885 832.198489990765 796.140309160037 760.231072368804 724.236028471454 688.160242627982 652.335558685301 619.494256306796 595.776994908739 578.706005249296 568.351165282402 548.92191707571 522.883315865065 489.601911285014 453.709849038067 417.56940315059 381.32777338684 345.196677697795 309.215401480396 273.279918731012 237.25701461469 203.24551841975 174.742586233205 -9999 -9999 -9999 -9999 -9999 -9999 -9999 -9999 -9999 -9999 -9999 -9999 -9999 -9999 -9999 -9999 -9999 -9999 -9999 -9999 -9999 -9999 -9999 -9999 -9999
1339.01724761206 1294.68510432034 1257.11874338523 1221.22197698906 1185.43649937787 1149.54142742304 1113.61039764217 1077.66779771437 1041.87817060126 1005.99953418954 970.034659248127 933.936438143162 897.958125745722 862.067138805617 826.272027432249 790.369341681569 754.442536064091 718.51268872974 682.713500197047 652.128765790907 627.549573157915 613.78709067979 599.952432178682 581.230355255616 554.682256278866 520.492748430346 485.135983182643 449.067900772589 413.141025549324 377.292549410961 341.456044671329 305.536222026061 269.615857764103 236.299113668459 -9999 -9999 -9999 -9999 -9999 -9999 -9999 -9999 -9999 -9999 -9999 -9999 -9999 -9999 -9999 -9999 -9999 -9999 -9999 -9999 -9999 -9999 -9999 -9999 -9999
1444.58775892564 1379.94852067072 1338.76781992222 1302.72280772012 1265.999230063 1229.89757703631 1193.97958158376 1158.19743750637 1122.38985484668 1086.37577802969 1050.27302609416 1014.21634709442 978.384379179015 942.589171256362 906.768312313941 870.732246133901 834.826144780256 799.041584459535 763.206996751208 727.183594699302 694.769463235 674.062695249579 665.795066386685 654.841330780555 634.942782527097 600.712173525799 565.287411467117 529.404328969625 493.625933053412 457.791407803415 421.893584373296 385.88394848603 350.062801544874 -9999 -9999 -9999 -9999 -9999 -9999 -9999 -9999 -9999 -9999 -9999 -9999 -9999 -9999 -9999 -9999 -9999 -9999 -9999 -9999 -9999 -9999 -9999 -9999 -9999 -9999
1718.0090590276 1508.39240369302 1441.67411582881 1400.84089904366 1347.07574706275 1310.34219085199 1274.51054655873 1238.6964801078 1202.68411521418 1166.62292902036 1130.58895203623 1094.71958286918 1058.90369250812 1023.03397268478 987.056889013925 951.185822136511 915.348750462714 879.517279362773 843.495218860609 807.441825131589 783.510930091078 797.957034999348 829.810467625372 830.046146663959 773.002184680207 697.428080452477 643.635165701504 609.94022432157 574.10884511927 538.187685603754 502.249562604285 466.396657263815 -9999 -9999 -9999 -9999 -9999 -9999 -9999 -9999 -9999 -9999 -9999 -9999 -9999 -9999 -9999 -9999 -9999 -9999 -9999 -9999 -9999 -9999 -9999 -9999 -9999 -9999 -9999
1840.6605407143 1700.09856413699 1640.08738355403 1564.17251664431 1431.27338938873 1390.82530364315 1354.98298295404 1319.06588341877 1282.96150031874 1246.94235218854 1211.01112013751 1175.22460075049 1139.35393029012 1103.43342773354 1067.46417166446 1031.66585380127 995.809391258505 961.76005191099 945.102344277684 929.201855549886 932.398529015913 994.788438890193 1070.47639867366 1069.77647620384 941.391476756759 801.011196864511 718.864499713537 688.962591019111 654.162958541263 618.597332540821 582.688785326642 -9999 -9999 -9999 -9999 -9999 -9999 -9999 -9999 -9999 -9999 -9999 -9999 -9999 -9999 -9999 -9999 -9999 -9999 -9999 -9999 -9999 -9999 -9999 -9999 -9999 -9999 -9999 -9999
1800.05161395169 1960.30799240906 1941.91993899053 1798.12030297377 1518.85072800229 1471.35010487387 1435.39204194448 1399.29490741686 1363.22061212197 1327.34003495366 1291.54833207507 1255.73154837771 1219.72936993179 1183.78377966242 1147.99999451075 1112.17453285882 1076.20293366011 1045.9162964068 1069.79454665702 1095.90192030871 1146.41509202257 1270.59940916857 1394.14300542818 1379.37796315231 1142.62335144812 912.030439666234 790.717066647319 766.346040134106 733.752749312506 699.02145618646 -9999 -9999 -9999 -9999 -9999 -9999 -9999 -9999 -9999 -9999 -9999 -9999 -9999 -9999 -9999 -9999 -9999 -9999 -9999 -9999 -9999 -9999 -9999 -9999 -9999 -9999 -9999 -9999 -9999
2210.70479899873 2093.17251669943 1913.72368188613 1738.19259689124 1592.92642608235 1551.69067609276 1515.6491156935 1479.57529880001 1443.68356770569 1407.85372199905 1372.00878613796 1336.01709617282 1300.10906773897 1264.26495380171 1228.49256598367 1224.7554436531 1223.77608389026 1237.91842060123 1382.81144464188 1512.22525072236 1568.08983661736 1415.6687713451 1286.36335786615 1165.71883047252 1050.38833575041 931.096896692593 861.459007641615 836.352417900558 809.331883073091 -9999 -9999 -9999 -9999 -9999 -9999 -9999 -9999 -9999 -9999 -9999 -9999 -9999 -9999 -9999 -9999 -9999 -9999 -9999 -9999 -9999 -9999 -9999 -9999 -9999 -9999 -9999 -9999 -9999 -9999
