NetLogoInput/pp3_corridors_30.asc
NCOLS 263 
NROWS 382 
XLLCORNER -925595.5599279 
YLLCORNER -56566.5307948139 
CELLSIZE 30 
NODATA_value -9999 
[rows 88 to 109 of 382, columns 50 to 99 of 263]
-9999 -9999 -9999 -9999 -9999 -9999 -9999 -9999 -9999 -9999 -9999 -9999 -9999 -9999 -9999 -9999 -9999 -9999 -9999 -9999 -9999 409.695556640625 423.371490478516 441.057922363281 458.744354248047 483.994110107422 510.860382080078 537.726684570312 553.424072265625 568.7431640625 585.169555664062 610.502685546875 635.835815429688 662.790344238281 694.509155273438 726.227966308594 756.346801757812 784.037780761719 811.728820800781 837.814331054688 862.535339355469 887.256408691406 909.191650390625 929.83935546875 950.487060546875 969.735107421875 988.690856933594 1007.64660644531 1026.60705566406 1045.56762695312
-9999 -9999 -9999 -9999 -9999 -9999 -9999 -9999 -9999 -9999 -9999 -9999 -9999 -9999 -9999 -9999 -9999 -9999 -9999 -9999 -9999 405.828674316406 420.675506591797 439.520233154297 458.364959716797 484.639831542969 512.502807617188 540.365783691406 552.770935058594 564.652587890625 578.146728515625 604.612182617188 631.07763671875 659.17138671875 692.0498046875 724.928161621094 758.506408691406 793.146606445312 827.786743164062 860.635559082031 891.9619140625 923.288269042969 947.919494628906 969.456237792969 990.993041992188 1010.36114501953 1029.2763671875 1048.19165039062 1067.21350097656 1086.23852539062
-9999 -9999 -9999 -9999 -9999 -9999 -9999 -9999 -9999 -9999 -9999 -9999 -9999 -9999 -9999 -9999 -9999 -9999 -9999 -9999 392.411285400391 400.028228759766 416.080963134766 436.093078613281 456.105194091797 483.017974853516 511.405639648438 539.793334960938 551.695007324219 563.038269042969 575.802795410156 600.000549316406 624.198303222656 650.926391601562 685.090026855469 719.253723144531 753.849243164062 789.10009765625 824.351013183594 858.818969726562 892.621459960938 926.424011230469 953.864624023438 978.364807128906 1002.86499023438 1026.60278320312 1050.18127441406 1073.759765625 1096.95812988281 1120.14489746094
-9999 -9999 -9999 -9999 -9999 -9999 -9999 -9999 -9999 -9999 -9999 -9999 -9999 -9999 -9999 -9999 -9999 -9999 -9999 375.922729492188 384.848815917969 393.77490234375 411.041748046875 432.223358154297 453.404968261719 480.864959716797 509.666809082031 538.468688964844 550.52001953125 562.003967285156 574.554870605469 595.6884765625 616.822082519531 641.597900390625 677.076232910156 712.554565429688 747.595397949219 781.972351074219 816.349365234375 851.231506347656 886.543090820312 921.854675292969 952.131286621094 980.080749511719 1008.03015136719 1037.13293457031 1066.47644042969 1095.82006835938 1124.15856933594 1152.46667480469
-9999 -9999 -9999 -9999 -9999 -9999 -9999 -9999 -9999 -9999 -9999 -9999 -9999 -9999 -9999 -9999 -9999 -9999 357.942810058594 367.051147460938 377.286346435547 387.521575927734 406.002502441406 428.353637695312 450.704772949219 478.711944580078 507.927978515625 537.14404296875 549.345031738281 560.969604492188 573.306884765625 591.376403808594 609.445922851562 632.269409179688 669.062438964844 705.855407714844 741.341552734375 774.844604492188 808.34765625 843.644104003906 880.464721679688 917.285400390625 950.39794921875 981.796630859375 1013.19537353516 1047.6630859375 1082.77172851562 1117.88024902344 1151.35913085938 1184.78845214844
-9999 -9999 -9999 -9999 -9999 -9999 -9999 -9999 -9999 -9999 -9999 -9999 -9999 -9999 -9999 -9999 -9999 341.874572753906 350.092956542969 359.248046875 369.210021972656 379.171966552734 398.529724121094 422.297454833984 446.065185546875 474.941009521484 504.908569335938 534.876098632812 547.379638671875 559.291625976562 571.799438476562 589.099731445312 606.400085449219 628.212890625 663.28564453125 698.358459472656 733.039367675781 767.125671386719 801.211975097656 836.566528320312 872.9990234375 909.431457519531 943.930786132812 977.536682128906 1011.14251708984 1046.89392089844 1083.09350585938 1119.29296875 1154.99499511719 1190.68200683594
-9999 -9999 -9999 -9999 -9999 -9999 -9999 -9999 -9999 -9999 -9999 -9999 -9999 -9999 -9999 -9999 324.225769042969 333.565460205078 342.905181884766 351.994873046875 360.869201660156 369.743560791016 389.804565429688 415.116058349609 440.427581787109 470.337432861328 501.230102539062 532.122741699219 545.007568359375 557.282409667969 570.158447265625 587.87060546875 605.582824707031 626.869567871094 658.660217285156 690.450805664062 723.682983398438 759.102416992188 794.521911621094 829.751342773438 864.819274902344 899.887145996094 935.027465820312 970.201232910156 1005.37506103516 1040.30993652344 1075.19482421875 1110.07983398438 1146.50378417969 1182.974609375
-9999 -9999 -9999 -9999 -9999 -9999 -9999 -9999 -9999 -9999 -9999 -9999 -9999 -9999 -9999 300.125030517578 314.795349121094 325.256378173828 335.717407226562 344.74169921875 352.528411865234 360.315155029297 381.079376220703 407.934661865234 434.789947509766 465.733856201172 497.551605224609 529.369384765625 542.635437011719 555.273132324219 568.517456054688 586.641479492188 604.765502929688 625.526245117188 654.034729003906 682.543212890625 714.326599121094 751.079223632812 787.831848144531 822.936157226562 856.639526367188 890.342834472656 926.124145507812 962.865844726562 999.607543945312 1033.72583007812 1067.29614257812 1100.86657714844 1138.0126953125 1175.26721191406
-9999 -9999 -9999 -9999 -9999 -9999 -9999 -9999 -9999 -9999 -9999 -9999 -9999 -9999 -9999 291.959197998047 306.5703125 316.957092285156 327.343872070312 336.394622802734 344.294555664062 352.194458007812 373.095703125 400.09912109375 427.102569580078 459.111236572266 492.189697265625 525.268188476562 539.134460449219 552.349975585938 566.165222167969 584.804443359375 603.443664550781 624.223449707031 651.293273925781 678.363098144531 708.862548828125 744.56591796875 780.269348144531 814.936584472656 848.72314453125 882.509704589844 918.292724609375 954.998413085938 991.704162597656 1025.94799804688 1059.677734375 1093.40734863281 1130.13098144531 1166.9453125
-9999 -9999 -9999 -9999 -9999 -9999 -9999 -9999 -9999 -9999 -9999 -9999 -9999 -9999 266.289581298828 284.721038818359 299.502349853516 308.667236328125 317.832153320312 326.997528076172 336.163330078125 345.3291015625 365.823760986328 391.635681152344 417.447570800781 450.550537109375 485.211853027344 519.873168945312 534.549865722656 548.549621582031 563.130310058594 582.383911132812 601.637451171875 622.959655761719 650.360412597656 677.761169433594 707.134826660156 739.502075195312 771.869323730469 805.800048828125 841.059631347656 876.319213867188 911.490173339844 946.620239257812 981.750366210938 1017.02423095703 1052.328125 1087.63208007812 1122.83435058594 1158.03369140625
-9999 -9999 -9999 -9999 -9999 -9999 -9999 -9999 -9999 -9999 -9999 -9999 -9999 238.470169067383 257.976531982422 277.482879638672 292.434387207031 300.377410888672 308.320404052734 317.600433349609 328.032104492188 338.463775634766 358.551849365234 383.172210693359 407.792572021484 441.989837646484 478.233978271484 514.478088378906 529.965209960938 544.749206542969 560.095336914062 579.963317871094 599.831298828125 621.695861816406 649.427551269531 677.159240722656 705.407104492188 734.438171386719 763.469299316406 796.66357421875 833.396118164062 870.128662109375 904.687683105469 938.242126464844 971.796569824219 1008.10046386719 1044.97863769531 1081.85668945312 1115.53784179688 1149.12194824219
-9999 -9999 -9999 -9999 -9999 -9999 -9999 -9999 -9999 -9999 -9999 -9999 206.737014770508 230.109069824219 249.799468994141 269.489868164062 284.433959960938 292.074981689453 299.715972900391 309.026123046875 319.773986816406 330.521850585938 350.563354492188 374.966888427734 399.370422363281 433.953857421875 470.713073730469 507.472259521484 524.013305664062 539.869506835938 556.25048828125 576.853149414062 597.455810546875 619.969543457031 648.098999023438 676.228454589844 703.914306640625 730.927124023438 757.939880371094 790.02880859375 826.431884765625 862.8349609375 897.013000488281 930.162658691406 963.312316894531 999.869079589844 1037.13732910156 1074.40563964844 1107.70727539062 1140.888671875
-9999 -9999 -9999 -9999 -9999 -9999 -9999 -9999 -9999 -9999 -9999 173.569137573242 199.531326293945 223.571655273438 241.86393737793 260.156219482422 274.777465820312 283.750213623047 292.722961425781 301.9130859375 311.290496826172 320.667877197266 341.302215576172 367.220031738281 393.137847900391 426.849822998047 462.227661132812 497.605529785156 515.632995605469 533.072814941406 550.967224121094 572.518249511719 594.069213867188 617.421691894531 646.067626953125 674.713500976562 702.838745117188 730.173828125 757.508850097656 787.837280273438 820.709655761719 853.582092285156 887.789428710938 922.613830566406 957.438232421875 992.867370605469 1028.4228515625 1063.97827148438 1098.92846679688 1133.8603515625
-9999 -9999 -9999 -9999 -9999 -9999 -9999 -9999 -9999 -9999 137.682922363281 165.004287719727 192.325653076172 217.034255981445 233.92839050293 250.822540283203 265.121002197266 275.425476074219 285.729949951172 294.800079345703 302.807006835938 310.813934326172 332.041076660156 359.473175048828 386.9052734375 419.745788574219 453.742279052734 487.73876953125 507.252746582031 526.276184082031 545.683959960938 568.183288574219 590.682678222656 614.873840332031 644.036193847656 673.198608398438 701.76318359375 729.420532226562 757.077880859375 785.645751953125 814.987426757812 844.329162597656 878.565856933594 915.06494140625 951.564086914062 985.865661621094 1019.70831298828 1053.55090332031 1090.14965820312 1126.83190917969
-9999 -9999 -9999 -9999 -9999 -9999 -9999 -9999 -9999 -9999 128.471878051758 156.603469848633 184.735061645508 209.842376708984 225.904418945312 241.966445922852 256.055480957031 267.108642578125 278.161804199219 287.164520263672 294.401000976562 301.637481689453 323.229187011719 351.55859375 379.888000488281 412.260711669922 445.497589111328 478.734466552734 499.097198486328 519.023864746094 539.36279296875 563.017944335938 586.673095703125 611.870666503906 641.600463867188 671.330261230469 700.383911132812 728.41162109375 756.439331054688 783.708923339844 810.334350585938 836.959716796875 870.727111816406 907.79541015625 944.86376953125 978.461486816406 1011.33441162109 1044.20739746094 1081.73950195312 1119.41296386719
-9999 -9999 -9999 -9999 -9999 -9999 -9999 -9999 -9999 111.226234436035 121.939445495605 148.818969726562 175.698501586914 200.191802978516 217.548156738281 234.904525756836 249.21012878418 258.821594238281 268.433044433594 277.565704345703 286.285949707031 295.006195068359 316.105102539062 343.014007568359 369.922912597656 403.344085693359 438.157196044922 472.970275878906 491.785919189453 510.059692382812 529.142456054688 554.732666015625 580.322937011719 607.156860351562 637.645385742188 668.133911132812 697.86376953125 726.442443847656 755.021057128906 782.729248046875 809.697570800781 836.665954589844 868.090698242188 901.575256347656 935.059753417969 969.545471191406 1004.24029541016 1038.93505859375 1074.71435546875 1110.52661132812
-9999 -9999 -9999 -9999 -9999 -9999 -9999 -9999 93.5679321289062 103.654167175293 115.407012939453 141.034484863281 166.66194152832 190.541229248047 209.191909790039 227.842590332031 242.364791870117 250.534545898438 258.704284667969 267.966918945312 278.1708984375 288.374908447266 308.981018066406 334.469421386719 359.957794189453 394.427490234375 430.816772460938 467.2060546875 484.474609375 501.095520019531 518.922180175781 546.447448730469 573.972778320312 602.443054199219 633.690307617188 664.937622070312 695.343627929688 724.473266601562 753.602844238281 781.749572753906 809.060852050781 836.372131347656 865.454345703125 895.355102539062 925.255798339844 960.629455566406 997.146179199219 1033.66284179688 1067.68933105469 1101.64025878906
-9999 -9999 -9999 -9999 -9999 -9999 -9999 74.1570053100586 84.9257888793945 96.0715103149414 108.654151916504 133.199264526367 157.744384765625 181.092987060547 200.862991333008 220.632995605469 235.336730957031 242.245056152344 249.153381347656 258.529693603516 270.031890869141 281.534088134766 301.717987060547 325.976684570312 350.2353515625 385.625274658203 423.394287109375 461.163299560547 477.069732666016 492.235626220703 508.958038330078 538.200927734375 567.443786621094 597.407348632812 629.488525390625 661.569763183594 692.699401855469 722.385070800781 752.07080078125 780.667602539062 808.338989257812 836.010375976562 862.919860839844 889.477233886719 916.034545898438 952.058044433594 990.058410644531 1028.05871582031 1060.55078125 1092.87585449219
-9999 -9999 -9999 -9999 -9999 -9999 97.3164215087891 73.0571212768555 80.1041793823242 88.3235855102539 98.4616470336914 124.572715759277 150.683776855469 174.802154541016 192.96061706543 211.119079589844 225.457321166992 233.917434692383 242.377548217773 251.61393737793 261.518981933594 271.424011230469 292.287078857422 318.293365478516 344.299621582031 378.608062744141 414.690948486328 450.773803710938 468.204071044922 485.002502441406 502.991607666016 530.558349609375 558.125122070312 587.347839355469 621.436584472656 655.525329589844 688.117797851562 718.43994140625 748.762023925781 777.990295410156 806.288879394531 834.587463378906 861.974853515625 888.941040039062 915.907287597656 948.86328125 983.070251464844 1017.27722167969 1051.6435546875 1086.01477050781
-9999 -9999 -9999 -9999 -9999 170.400497436523 121.178871154785 71.9572372436523 75.2825698852539 80.5756530761719 88.2691345214844 115.946159362793 143.623184204102 168.511322021484 185.058242797852 201.605163574219 215.577911376953 225.589813232422 235.601715087891 244.698150634766 253.006042480469 261.313934326172 282.856201171875 310.610046386719 338.363891601562 371.590850830078 405.987609863281 440.384338378906 459.338409423828 477.769409179688 497.025207519531 522.915832519531 548.806457519531 577.288330078125 613.384582519531 649.480895996094 683.536254882812 714.494750976562 745.453308105469 775.31298828125 804.23876953125 833.164611816406 861.029846191406 888.404907226562 915.779968261719 945.668579101562 976.082092285156 1006.49566650391 1042.736328125 1079.15356445312
-9999 -9999 -9999 -9999 296.944427490234 219.22526550293 145.041305541992 70.8573532104492 70.4609603881836 72.8277206420898 78.0766220092773 107.319602966309 136.562591552734 162.220489501953 177.155868530273 192.091247558594 205.698501586914 217.262191772461 228.825881958008 237.782379150391 244.493118286133 251.203857421875 273.42529296875 302.926727294922 332.428161621094 364.573638916016 397.284271240234 429.994873046875 450.472747802734 470.536285400391 491.058776855469 515.273254394531 539.487731933594 567.228820800781 605.332641601562 643.436401367188 678.954650878906 710.549621582031 742.144592285156 772.635681152344 802.188720703125 831.74169921875 860.084838867188 887.868713378906 915.652648925781 942.473815917969 969.093994140625 995.714111328125 1033.8291015625 1072.29248046875
-9999 -9999 -9999 -9999 325.389434814453 235.360626220703 153.163787841797 70.9669494628906 69.4420623779297 70.9381256103516 75.1453094482422 101.922836303711 128.70036315918 152.809722900391 168.938949584961 185.068161010742 198.847763061523 209.012023925781 219.176300048828 228.244689941406 236.369125366211 244.493560791016 266.291625976562 294.507507324219 322.723358154297 355.845031738281 390.015228271484 424.185394287109 443.098510742188 461.494812011719 480.720031738281 506.613067626953 532.506103515625 561.094360351562 597.602600097656 634.110778808594 669.46826171875 703.079467773438 736.690673828125 768.446594238281 798.625610351562 828.804626464844 857.763916015625 886.159545898438 914.555114746094 941.500427246094 968.142883300781 994.785400390625 1029.60900878906 1064.68078613281
