NetLogoInput/pp3_resistance_30.asc
NCOLS 263 
NROWS 382 
XLLCORNER -925595.5599279 
YLLCORNER -56566.5307948138 
CELLSIZE 30 
NODATA_value -9999 
[rows 70 to 104 of 382, columns 0 to 78 of 263]
6.310527 5.422349 4.534171 4.439885 4.392743 4.392743 4.913321 5.433899 6.517284 7.600669 7.744307 7.887945 6.649477 5.411009 4.054715 3.376568 3.376567 2.718971 2.061376 1.669659 1.277942 1.139246 1.00055 1.000275 1 1 1 1 1 1 1 1 1 1 1 1 1 1 1 1 1 1 1 1 1 1 1 1 1 1 1 1 1 1 1 1 1 1 1 1 1 1 1 1 1 1 1 1 1 1 1 1 1 1 1 1 1 1 1
7.046765 6.310527 5.422349 4.534171 4.439885 4.392743 4.392743 4.913321 5.433899 6.517284 7.600669 7.744307 7.887945 6.649477 5.411009 4.054715 3.376568 3.376567 2.718971 2.061376 1.669659 1.277942 1.139246 1.00055 1.000275 1 1 1 1 1 1 1 1 1 1 1 1 1 1 1 1 1 1 1 1 1 1 1 1 1 1 1 1 1 1 1 1 1 1 1 1 1 1 1 1 1 1 1 1 1 1 1 1 1 1 1 1 1 1
7.783003 7.046765 6.310527 5.422349 4.534171 4.439885 4.392743 4.392743 4.913321 5.433899 6.517284 7.600669 7.744307 7.887945 6.649477 5.411009 4.054715 3.376568 3.376567 2.718971 2.061376 1.669659 1.277942 1.139246 1.00055 1.000275 1 1 1 1 1 1 1 1 1 1 1 1 1 1 1 1 1 1 1 1 1 1 1 1 1 1 1 1 1 1 1 1 1 1 1 1 1 1 1 1 1 1 1 1 1 1 1 1 1 1 1 1 1
7.156587 7.783003 7.046765 6.310527 5.422349 4.534171 4.439885 4.392743 4.392743 4.913321 5.433899 6.517284 7.600669 7.744307 7.887945 6.649477 5.411009 4.054715 3.376568 3.376567 2.718971 2.061376 1.669659 1.277942 1.139246 1.00055 1.000275 1 1 1 1 1 1 1 1 1 1 1 1 1 1 1 1 1 1 1 1 1 1 1 1 1 1 1 1 1 1 1 1 1 1 1 1 1 1 1 1 1 1 1 1 1 1 1 1 1 1 1 1
6.530171 7.156587 7.783003 7.046765 6.310527 5.422349 4.534171 4.439885 4.392743 4.392743 4.913321 5.433899 6.517284 7.600669 7.744307 7.887945 6.649477 5.411009 4.054715 3.376568 3.376567 2.718971 2.061376 1.669659 1.277942 1.139246 1.00055 1.000275 1 1 1 1 1 1 1 1 1 1 1 1 1 1 1 1 1 1 1 1 1 1 1 1 1 1 1 1 1 1 1 1 1 1 1 1 1 1 1 1 1 1 1 1 1 1 1 1 1 1 1
5.818655 6.530171 7.156587 7.783003 7.046765 6.310527 5.422349 4.534171 4.439885 4.392743 4.392743 4.913321 5.433899 6.517284 7.600669 7.744307 7.887945 6.649477 5.411009 4.054715 3.376568 3.376567 2.718971 2.061376 1.669659 1.277942 1.139246 1.00055 1.000275 1 1 1 1 1 1 1 1 1 1 1 1 1 1 1 1 1 1 1 1 1 1 1 1 1 1 1 1 1 1 1 1 1 1 1 1 1 1 1 1 1 1 1 1 1 1 1 1 1 1
5.10714 5.818655 6.530171 7.156587 7.783003 7.046765 6.310527 5.422349 4.534171 4.439885 4.392743 4.392743 4.913321 5.433899 6.517284 7.600669 7.744307 7.887945 6.649477 5.411009 4.054715 3.376568 3.376567 2.718971 2.061376 1.669659 1.277942 1.139246 1.00055 1.000275 1 1 1 1 1 1 1 1 1 1 1 1 1 1 1 1 1 1 1 1 1 1 1 1 1 1 1 1 1 1 1 1 1 1 1 1 1 1 1 1 1 1 1 1 1 1 1 1 1
4.822221 5.10714 5.818655 6.530171 7.156587 7.783003 7.046765 6.310527 5.422349 4.534171 4.439885 4.392743 4.392743 4.913321 5.433899 6.517284 7.600669 7.744307 7.887945 6.649477 5.411009 4.054715 3.376568 3.376567 2.718971 2.061376 1.669659 1.277942 1.139246 1.00055 1.000275 1 1 1 1 1 1 1 1 1 1 1 1 1 1 1 1 1 1 1 1 1 1 1 1 1 1 1 1 1 1 1 1 1 1 1 1 1 1 1 1 1 1 1 1 1 1 1 1
4.537302 4.822221 5.10714 5.818655 6.530171 7.156587 7.783003 7.046765 6.310527 5.422349 4.534171 4.439885 4.392743 4.392743 4.913321 5.433899 6.517284 7.600669 7.744307 7.887945 6.649477 5.411009 4.054715 3.376568 3.376567 2.718971 2.061376 1.669659 1.277942 1.139246 1.00055 1.000275 1 1 1 1 1 1 1 1 1 1 1 1 1 1 1 1 1 1 1 1 1 1 1 1 1 1 1 1 1 1 1 1 1 1 1 1 1 1 1 1 1 1 1 1 1 1 1
4.537301 4.537302 4.822221 5.10714 5.818655 6.530171 7.156587 7.783003 7.046765 6.310527 5.422349 4.534171 4.439885 4.392743 4.392743 4.913321 5.433899 6.517284 7.600669 7.744307 7.887945 6.649477 5.411009 4.054715 3.376568 3.376567 2.718971 2.061376 1.669659 1.277942 1.139246 1.00055 1.000275 1 1 1 1 1 1 1 1 1 1 1 1 1 1 1 1 1 1 1 1 1 1 1 1 1 1 1 1 1 1 1 1 1 1 1 1 1 1 1 1 1 1 1 1 1 1
4.800788 4.537301 4.537302 4.822221 5.10714 5.818655 6.530171 7.156587 7.783003 7.046765 6.310527 5.422349 4.534171 4.439885 4.392743 4.392743 4.913321 5.433899 6.517284 7.600669 7.744307 7.887945 6.649477 5.411009 4.054715 3.376568 3.376567 2.718971 2.061376 1.669659 1.277942 1.139246 1.00055 1.000275 1 1 1 1 1 1 1 1 1 1 1 1 1 1 1 1 1 1 1 1 1 1 1 1 1 1 1 1 1 1 1 1 1 1 1 1 1 1 1 1 1 1 1 1 1
5.327761 4.800788 4.537301 4.537302 4.822221 5.10714 5.818655 6.530171 7.156587 7.783003 7.046765 6.310527 5.422349 4.534171 4.439885 4.392743 4.392743 4.913321 5.433899 6.517284 7.600669 7.744307 7.887945 6.649477 5.411009 4.054715 3.376568 3.376567 2.718971 2.061376 1.669659 1.277942 1.139246 1.00055 1.000275 1 1 1 1 1 1 1 1 1 1 1 1 1 1 1 1 1 1 1 1 1 1 1 1 1 1 1 1 1 1 1 1 1 1 1 1 1 1 1 1 1 1 1 1
6.254335 5.327761 4.800788 4.537301 4.537302 4.822221 5.10714 5.818655 6.530171 7.156587 7.783003 7.046765 6.310527 5.422349 4.534171 4.439885 4.392743 4.392743 4.913321 5.433899 6.517284 7.600669 7.744307 7.887945 6.649477 5.411009 4.054715 3.376568 3.376567 2.718971 2.061376 1.669659 1.277942 1.139246 1.00055 1.000275 1 1 1 1 1 1 1 1 1 1 1 1 1 1 1 1 1 1 1 1 1 1 1 1 1 1 1 1 1 1 1 1 1 1 1 1 1 1 1 1 1 1 1
7.18091 6.254335 5.327761 4.800788 4.537301 4.537302 4.822221 5.10714 5.818655 6.530171 7.156587 7.783003 7.046765 6.310527 5.422349 4.534171 4.439885 4.392743 4.392743 4.913321 5.433899 6.517284 7.600669 7.744307 7.887945 6.649477 5.411009 4.054715 3.376568 3.376567 2.718971 2.061376 1.669659 1.277942 1.139246 1.00055 1.000275 1 1 1 1 1 1 1 1 1 1 1 1 1 1 1 1 1 1 1 1 1 1 1 1 1 1 1 1 1 1 1 1 1 1 1 1 1 1 1 1 1 1
7.525761 7.18091 6.254335 5.327761 4.800788 4.537301 4.537302 4.822221 5.10714 5.818655 6.530171 7.156587 7.783003 7.046765 6.310527 5.422349 4.534171 4.439885 4.392743 4.392743 4.913321 5.433899 6.517284 7.600669 7.744307 7.887945 6.649477 5.411009 4.054715 3.376568 3.376567 2.718971 2.061376 1.669659 1.277942 1.139246 1.00055 1.000275 1 1 1 1 1 1 1 1 1 1 1 1 1 1 1 1 1 1 1 1 1 1 1 1 1 1 1 1 1 1 1 1 1 1 1 1 1 1 1 1 1
7.870612 7.525761 7.18091 6.254335 5.327761 4.800788 4.537301 4.537302 4.822221 5.10714 5.818655 6.530171 7.156587 7.783003 7.046765 6.310527 5.422349 4.534171 4.439885 4.392743 4.392743 4.913321 5.433899 6.517284 7.600669 7.744307 7.887945 6.649477 5.411009 4.054715 3.376568 3.376567 2.718971 2.061376 1.669659 1.277942 1.139246 1.00055 1.000275 1 1 1 1 1 1 1 1 1 1 1 1 1 1 1 1 1 1 1 1 1 1 1 1 1 1 1 1 1 1 1 1 1 1 1 1 1 1 1 1
7.702434 7.870612 7.525761 7.18091 6.254335 5.327761 4.800788 4.537301 4.537302 4.822221 5.10714 5.818655 6.530171 7.156587 7.783003 7.046765 6.310527 5.422349 4.534171 4.439885 4.392743 4.392743 4.913321 5.433899 6.517284 7.600669 7.744307 7.887945 6.649477 5.411009 4.054715 3.376568 3.376567 2.718971 2.061376 1.669659 1.277942 1.139246 1.00055 1.000275 1 1 1 1 1 1 1 1 1 1 1 1 1 1 1 1 1 1 1 1 1 1 1 1 1 1 1 1 1 1 1 1 1 1 1 1 1 1 1
7.534256 7.702434 7.870612 7.525761 7.18091 6.254335 5.327761 4.800788 4.537301 4.537302 4.822221 5.10714 5.818655 6.530171 7.156587 7.783003 7.046765 6.310527 5.422349 4.534171 4.439885 4.392743 4.392743 4.913321 5.433899 6.517284 7.600669 7.744307 7.887945 6.649477 5.411009 4.054715 3.376568 3.376567 2.718971 2.061376 1.669659 1.277942 1.139246 1.00055 1.000275 1 1 1 1 1 1 1 1 1 1 1 1 1 1 1 1 1 1 1 1 1 1 1 1 1 1 1 1 1 1 1 1 1 1 1 1 1 1
7.87888 7.534256 7.702434 7.870612 7.525761 7.18091 6.254335 5.327761 4.800788 4.537301 4.537302 4.822221 5.10714 5.818655 6.530171 7.156587 7.783003 7.046765 6.310527 5.422349 4.534171 4.439885 4.392743 4.392743 4.913321 5.433899 6.517284 7.600669 7.744307 7.887945 6.649477 5.411009 4.054715 3.376568 3.376567 2.718971 2.061376 1.669659 1.277942 1.139246 1.00055 1.000275 1 1 1 1 1 1 1 1 1 1 1 1 1 1 1 1 1 1 1 1 1 1 1 1 1 1 1 1 1 1 1 1 1 1 1 1 1
8.223505 7.87888 7.534256 7.702434 7.870612 7.525761 7.18091 6.254335 5.327761 4.800788 4.537301 4.537302 4.822221 5.10714 5.818655 6.530171 7.156587 7.783003 7.046765 6.310527 5.422349 4.534171 4.439885 4.392743 4.392743 4.913321 5.433899 6.517284 7.600669 7.744307 7.887945 6.649477 5.411009 4.054715 3.376568 3.376567 2.718971 2.061376 1.669659 1.277942 1.139246 1.00055 1.000275 1 1 1 1 1 1 1 1 1 1 1 1 1 1 1 1 1 1 1 1 1 1 1 1 1 1 1 1 1 1 1 1 1 1 1 1
8.223505 8.223505 7.87888 7.534256 7.702434 7.870612 7.525761 7.18091 6.254335 5.327761 4.800788 4.537301 4.537302 4.822221 5.10714 5.818655 6.530171 7.156587 7.783003 7.046765 6.310527 5.422349 4.534171 4.439885 4.392743 4.392743 4.913321 5.433899 6.517284 7.600669 7.744307 7.887945 6.649477 5.411009 4.054715 3.376568 3.376567 2.718971 2.061376 1.669659 1.277942 1.139246 1.00055 1.000275 1 1 1 1 1 1 1 1 1 1 1 1 1 1 1 1 1 1 1 1 1 1 1 1 1 1 1 1 1 1 1 1 1 1 1
7.713936 8.223505 8.223505 7.87888 7.534256 7.702434 7.870612 7.525761 7.18091 6.254335 5.327761 4.800788 4.537301 4.537302 4.822221 5.10714 5.818655 6.530171 7.156587 7.783003 7.046765 6.310527 5.422349 4.534171 4.439885 4.392743 4.392743 4.913321 5.433899 6.517284 7.600669 7.744307 7.887945 6.649477 5.411009 4.054715 3.376568 3.376567 2.718971 2.061376 1.669659 1.277942 1.139246 1.00055 1.000275 1 1 1 1 1 1 1 1 1 1 1 1 1 1 1 1 1 1 1 1 1 1 1 1 1 1 1 1 1 1 1 1 1 1
6.694799 7.713936 8.223505 8.223505 7.87888 7.534256 7.702434 7.870612 7.525761 7.18091 6.254335 5.327761 4.800788 4.537301 4.537302 4.822221 5.10714 5.818655 6.530171 7.156587 7.783003 7.046765 6.310527 5.422349 4.534171 4.439885 4.392743 4.392743 4.913321 5.433899 6.517284 7.600669 7.744307 7.887945 6.649477 5.411009 4.054715 3.376569 3.376567 2.718971 2.061376 1.669659 1.277942 1.139246 1.00055 1.000275 1 1 1 1 1 1 1 1 1 1 1 1 1 1 1 1 1 1 1 1 1 1 1 1 1 1 1 1 1 1 1 1 1
6.751114 6.694799 7.713936 8.223505 8.223505 7.87888 7.534256 7.702434 7.870612 7.525761 7.18091 6.254335 5.327761 4.800788 4.537301 4.537302 4.822221 5.10714 5.818655 6.530171 7.156587 7.783003 7.046765 6.310527 5.422349 4.534171 4.439885 4.392743 4.392743 4.913321 5.433899 6.517284 7.600669 7.744307 7.887945 6.649477 5.411009 4.054716 3.376571 3.376567 2.718971 2.061376 1.669659 1.277942 1.139246 1.00055 1.000275 1 1 1 1 1 1 1 1 1 1 1 1 1 1 1 1 1 1 1 1 1 1 1 1 1 1 1 1 1 1 1 1
6.80743 6.751114 6.694799 7.713936 8.223505 8.223505 7.87888 7.534256 7.702434 7.870612 7.525761 7.18091 6.254335 5.327761 4.800788 4.537301 4.537302 4.822221 5.10714 5.818655 6.530171 7.156587 7.783003 7.046765 6.310527 5.422349 4.534171 4.439885 4.392743 4.392743 4.913321 5.433899 6.517284 7.600669 7.744307 7.887945 6.649477 5.411009 4.054718 3.376575 3.376567 2.718971 2.061376 1.669659 1.277942 1.139246 1.00055 1.000275 1 1 1 1 1 1 1 1 1 1 1 1 1 1 1 1 1 1 1 1 1 1 1 1 1 1 1 1 1 1 1
7.579 6.80743 6.751114 6.694799 7.713936 8.223505 8.223505 7.87888 7.534256 7.702434 7.870612 7.525761 7.18091 6.254335 5.327761 4.800788 4.537301 4.537302 4.822221 5.10714 5.818655 6.530171 7.156587 7.783003 7.046765 6.310527 5.422349 4.534171 4.439885 4.392743 4.392743 4.913321 5.433899 6.517284 7.600669 7.744307 7.887945 6.649477 5.411009 4.054722 3.376582 3.376567 2.718971 2.061376 1.669659 1.277942 1.139245 1.00055 1.000275 1 1 1 1 1 1 1 1 1 1 1 1 1 1 1 1 1 1 1 1 1 1 1 1 1 1 1 1 1 1
8.35057 7.579 6.80743 6.751114 6.694799 7.713936 8.223505 8.223505 7.87888 7.534256 7.702434 7.870612 7.525761 7.18091 6.254335 5.327761 4.800788 4.537301 4.537302 4.822221 5.10714 5.818655 6.530171 7.156587 7.783003 7.046765 6.310527 5.422349 4.534171 4.439885 4.392742 4.392743 4.913321 5.433899 6.517284 7.600669 7.744307 7.887945 6.649477 5.411009 4.054729 3.376596 3.376567 2.718971 2.061376 1.669658 1.277942 1.139244 1.00055 1.000275 1 1 1 1 1 1 1 1 1 1 1 1 1 1 1 1 1 1 1 1 1 1 1 1 1 1 1 1 1
9.175285 8.35057 7.579 6.80743 6.751114 6.694799 7.713936 8.223505 8.223505 7.87888 7.534256 7.702434 7.870612 7.525761 7.18091 6.254335 5.327761 4.800788 4.537301 4.537302 4.822221 5.10714 5.818655 6.530171 7.156587 7.783003 7.046765 6.310527 5.422349 4.534171 4.439885 4.392741 4.392743 4.913321 5.433899 6.517284 7.600669 7.744307 7.887945 6.649477 5.411009 4.054744 3.376626 3.376567 2.718971 2.061376 1.669657 1.277942 1.139239 1.00055 1.000275 1 1 1 1 1 1 1 1 1 1 1 1 1 1 1 1 1 1 1 1 1 1 1 1 1 1 1 1
10 9.175285 8.35057 7.579 6.80743 6.751114 6.694799 7.713936 8.223505 8.223505 7.87888 7.534256 7.702434 7.870612 7.525761 7.18091 6.254335 5.327761 4.800788 4.537301 4.537302 4.822221 5.10714 5.818655 6.530171 7.156587 7.783003 7.046765 6.310527 5.422349 4.534171 4.439884 4.392739 4.392743 4.913321 5.433899 6.517284 7.600669 7.744307 7.887945 6.649477 5.411009 4.054774 3.376686 3.376567 2.718969 2.061376 1.669652 1.277942 1.139226 1.00055 1.000275 1 1 1 1 1 1 1 1 1 1 1 1 1 1 1 1 1 1 1 1 1 1 1 1 1 1 1
10 10 9.175285 8.35057 7.579 6.80743 6.751114 6.694799 7.713936 8.223505 8.223505 7.87888 7.534256 7.702434 7.870612 7.525761 7.18091 6.254335 5.327761 4.800788 4.537301 4.537302 4.822221 5.10714 5.818655 6.530171 7.156587 7.783003 7.046765 6.310527 5.422349 4.534171 4.439882 4.392735 4.392743 4.913321 5.433899 6.517284 7.600669 7.744306 7.887945 6.649476 5.411009 4.054833 3.376805 3.376567 2.718964 2.061376 1.669639 1.277942 1.139187 1.00055 1.000275 1 1 1 1 1 1 1 1 1 1 1 1 1 1 1 1 1 1 1 1 1 1 1 1 1 1
10 10 10 9.175285 8.35057 7.579 6.80743 6.751114 6.694799 7.713936 8.223505 8.223505 7.87888 7.534256 7.702434 7.870612 7.525761 7.18091 6.254335 5.327761 4.800788 4.537301 4.537302 4.822221 5.10714 5.818655 6.530171 7.156587 7.783003 7.046765 6.310527 5.422349 4.534171 4.439878 4.392727 4.392743 4.913321 5.433899 6.517283 7.600669 7.744305 7.887945 6.649473 5.411009 4.054952 3.377043 3.376567 2.71895 2.061376 1.6696 1.277942 1.139068 1.00055 1.000274 1 1 1 1 1 1 1 1 1 1 1 1 1 1 1 1 1 1 1 1 1 1 1 1 1
10 10 10 10 9.175285 8.35057 7.579 6.80743 6.751114 6.694799 7.713936 8.223505 8.223505 7.87888 7.534256 7.702434 7.870612 7.525761 7.18091 6.254335 5.327761 4.800788 4.537301 4.537302 4.822221 5.10714 5.818655 6.530171 7.156587 7.783003 7.046765 6.310527 5.422349 4.534171 4.43987 4.392711 4.392743 4.91332 5.433899 6.517282 7.600669 7.744301 7.887945 6.649465 5.411009 4.055188 3.377519 3.376567 2.718906 2.061376 1.669481 1.277942 1.138713 1.00055 1.000272 1 1 1 1 1 1 1 1 1 1 1 1 1 1 1 1 1 1 1 1 1 1 1 1
10 10 10 10 10 9.175285 8.35057 7.579 6.80743 6.751114 6.694799 7.713936 8.223505 8.223505 7.87888 7.534256 7.702434 7.870612 7.525761 7.18091 6.254335 5.327761 4.800788 4.537301 4.537302 4.822221 5.10714 5.818655 6.530171 7.156587 7.783003 7.046765 6.310527 5.422349 4.534171 4.439853 4.392679 4.392743 4.913319 5.433899 6.517279 7.600669 7.74429 7.887945 6.649441 5.411009 4.055659 3.378471 3.376567 2.718776 2.061376 1.669126 1.277942 1.137646 1.00055 1.000265 1 1 1 1 1 1 1 1 1 1 1 1 1 1 1 1 1 1 1 1 1 1 1
10 10 10 10 10 10 9.175285 8.35057 7.579 6.80743 6.751114 6.694799 7.713936 8.223505 8.223505 7.87888 7.534256 7.702434 7.870612 7.525761 7.18091 6.254335 5.327761 4.800788 4.537301 4.537302 4.822221 5.10714 5.818655 6.530171 7.156587 7.783003 7.046765 6.310527 5.422349 4.534171 4.439821 4.392614 4.392743 4.913316 5.433899 6.517269 7.600669 7.744256 7.887945 6.64937 5.411009 4.056588 3.380374 3.376567 2.718385 2.061376 1.668059 1.277942 1.134447 1.00055 1.000244 1 1 1 1 1 1 1 1 1 1 1 1 1 1 1 1 1 1 1 1 1 1
10 10 10 10 10 10 10 9.175285 8.35057 7.579 6.80743 6.751114 6.694799 7.713936 8.223505 8.223505 7.87888 7.534256 7.702434 7.870612 7.525761 7.18091 6.254335 5.327761 4.800787 4.5373 4.537302 4.822221 5.10714 5.818655 6.530171 7.156587 7.783003 7.046765 6.310527 5.422348 4.534171 4.439757 4.392485 4.392743 4.913306 5.433899 6.51724 7.600669 7.744154 7.887945 6.649155 5.411009 4.058402 3.38418 3.376567 2.717213 2.061376 1.66486 1.277942 1.12485 1.00055 1.000183 1 1 1 1 1 1 1 1 1 1 1 1 1 1 1 1 1 1 1 1 1
