NetLogoInput/pp3_60_flow.asc
NCOLS 132 
NROWS 191 
XLLCORNER -925625.5599279 
YLLCORNER -56596.530794814 
CELLSIZE 60 
NODATA_value -9999 
[rows 35 to 69 of 191, columns 0 to 77 of 132]
23.93 27 28.19 28.79 28.79 22.91 17.02 21.96 26.9 35.13 43.36 42.3 41.25 37.33 35.37 35.37 33.81 32.25 30.91 29.57 28.44 27.31 26.34 25.37 24.56 23.75 22.61 22.04 22.04 21.9 21.76 21.69 21.62 21.22 20.82 20.7 20.58 21.58 22.04 22.26 20.89 19.95 18.52 17.91 16.14 14.81 13.87 13.08 12.42 11.89 11.47 11.14 10.93 10.88 10.82 10.71 10.23 9.28 8.19 7.57 8.47 9.48 9.86 9.19 7.2 4.1 4.14 5.73 7.94 8.89 9.36 9.65 9.88 10.07 10.2 10.25 10.16 9.98
20.85 23.93 27 28.19 28.79 28.79 22.91 17.02 21.96 26.9 35.13 43.36 42.3 41.25 37.33 35.37 35.37 33.81 32.25 30.91 29.57 28.44 27.31 26.34 25.37 24.56 23.75 22.61 22.04 22.04 21.9 21.76 21.69 21.62 21.22 20.82 20.68 20.58 21.46 21.81 22.26 20.46 19.95 17.7 15.95 14.67 13.76 13.02 12.39 11.9 11.51 11.21 10.99 10.86 10.7 10.51 10.11 9.5 9.03 9.6 10.24 10.51 10.07 8.85 7.19 5.26 5.75 7.33 9.22 9.65 9.85 9.98 10.1 10.2 10.27 10.3 10.24 10.1
23.46 20.85 23.93 27 28.19 28.79 28.79 22.91 17.02 21.96 26.9 35.13 43.36 42.3 41.25 37.33 35.37 35.37 33.81 32.25 30.91 29.57 28.44 27.31 26.34 25.37 24.56 23.75 22.61 22.04 22.04 21.9 21.76 21.69 21.62 21.21 20.82 20.65 20.58 21.19 21.35 22.26 19.18 17.13 15.55 14.38 13.56 12.87 12.3 11.85 11.5 11.22 10.99 10.82 10.63 10.43 10.16 9.94 10.01 11.06 11.25 10.92 10.08 8.84 8.06 7.89 8.92 9.98 10.8 10.51 10.36 10.3 10.32 10.36 10.39 10.4 10.36 10.27
26.07 23.46 20.85 23.93 27 28.19 28.79 28.79 22.91 17.02 21.96 26.9 35.13 43.36 42.3 41.25 37.33 35.37 35.37 33.81 32.25 30.91 29.57 28.44 27.31 26.34 25.37 24.56 23.75 22.61 22.05 22.04 21.9 21.76 21.69 21.62 21.19 20.82 20.56 20.58 20.57 20.45 17.81 16.09 14.78 13.85 13.16 12.59 12.1 11.71 11.4 11.15 10.94 10.77 10.61 10.46 10.3 10.24 10.35 10.87 10.94 10.71 10.15 9.5 9.38 9.88 10.94 11.45 11.5 10.99 10.71 10.56 10.52 10.53 10.54 10.55 10.54 10.5
23.19 26.07 23.46 20.85 23.93 27 28.19 28.79 28.79 22.91 17.02 21.96 26.9 35.13 43.36 42.3 41.25 37.33 35.37 35.37 33.81 32.25 30.91 29.57 28.44 27.31 26.34 25.37 24.56 23.75 22.62 22.06 22.04 21.9 21.76 21.68 21.62 21.14 20.82 20.27 20.58 19 16.85 15.36 14.23 13.4 12.76 12.25 11.84 11.52 11.26 11.04 10.87 10.72 10.59 10.47 10.39 10.41 10.5 10.7 10.71 10.56 10.24 10.01 10.22 10.9 11.75 11.96 11.72 11.22 10.93 10.76 10.7 10.69 10.7 10.72 10.73 10.73
20.31 23.19 26.07 23.46 20.85 23.93 27 28.19 28.79 28.79 22.91 17.02 21.96 26.9 35.13 43.36 42.3 41.25 37.33 35.37 35.37 33.81 32.25 30.91 29.57 28.44 27.31 26.34 25.37 24.56 23.75 22.63 22.07 22.04 21.9 21.76 21.66 21.62 20.99 20.82 19.41 17.85 16.23 14.92 13.86 13.03 12.35 11.88 11.55 11.29 11.09 10.92 10.78 10.67 10.57 10.49 10.45 10.46 10.49 10.54 10.52 10.46 10.36 10.4 10.65 11.09 11.53 11.65 11.53 11.25 11.04 10.91 10.84 10.84 10.86 10.89 10.93 10.96
18.94 20.31 23.19 26.07 23.46 20.85 23.93 27 28.19 28.79 28.79 22.91 17.02 21.96 26.9 35.13 43.36 42.3 41.25 37.33 35.37 35.37 33.81 32.25 30.91 29.57 28.44 27.31 26.34 25.37 24.56 23.75 22.64 22.1 22.04 21.88 21.76 21.6 21.62 20.52 19.2 17.82 16.43 15.22 14.15 13.23 12.44 11.85 11.41 11.07 10.88 10.75 10.66 10.59 10.53 10.48 10.45 10.44 10.45 10.46 10.45 10.43 10.4 10.48 10.66 10.94 11.21 11.31 11.28 11.15 11.04 10.97 10.94 10.96 11 11.06 11.13 11.2
17.57 18.94 20.31 23.19 26.07 23.46 20.85 23.93 27 28.19 28.79 28.79 22.91 17.02 21.96 26.9 35.13 43.36 42.3 41.25 37.33 35.37 35.37 33.81 32.25 30.91 29.57 28.44 27.31 26.34 25.37 24.56 23.75 22.67 22.17 22.04 21.84 21.76 21.42 20.34 19.15 17.94 16.71 15.58 14.53 13.54 12.68 11.98 11.4 10.94 10.71 10.58 10.53 10.52 10.5 10.47 10.43 10.41 10.4 10.4 10.4 10.4 10.41 10.49 10.61 10.77 10.93 11.03 11.07 11.05 11.02 11 11.01 11.07 11.14 11.23 11.34 11.44
17.33 17.57 18.94 20.31 23.19 26.07 23.46 20.85 23.93 27 28.19 28.79 28.79 22.91 17.02 21.96 26.9 35.13 43.36 42.3 41.25 37.33 35.37 35.37 33.81 32.25 30.91 29.57 28.44 27.31 26.34 25.37 24.56 23.75 22.73 22.29 22.04 21.73 21.21 20.34 19.3 18.2 17.08 16.01 14.98 14.02 13.14 12.34 11.6 10.98 10.59 10.39 10.4 10.44 10.46 10.46 10.41 10.36 10.34 10.34 10.35 10.36 10.37 10.42 10.51 10.61 10.74 10.84 10.91 10.95 10.98 11.01 11.06 11.15 11.26 11.39 11.55 11.71
17.07 17.33 17.57 18.94 20.31 23.19 26.07 23.46 20.85 23.93 27 28.19 28.79 28.79 22.91 17.02 21.96 26.9 35.13 43.36 42.3 41.25 37.33 35.38 35.37 33.81 32.25 30.91 29.57 28.44 27.31 26.34 25.37 24.55 23.75 22.86 22.54 22.01 21.35 20.5 19.51 18.47 17.41 16.37 15.37 14.41 13.53 12.7 11.91 11.2 10.66 10.31 10.23 10.4 10.52 10.54 10.35 10.26 10.24 10.29 10.32 10.32 10.3 10.31 10.36 10.44 10.56 10.68 10.79 10.87 10.94 11 11.08 11.2 11.35 11.53 11.73 11.99
17.07 17.07 17.33 17.57 18.94 20.31 23.19 26.07 23.46 20.85 23.93 27 28.19 28.79 28.79 22.91 17.02 21.96 26.9 35.13 43.36 42.3 41.25 37.34 35.39 35.37 33.81 32.25 30.91 29.57 28.44 27.31 26.33 25.37 24.55 23.75 23.1 22.38 21.6 20.72 19.76 18.75 17.72 16.71 15.73 14.78 13.89 13.04 12.24 11.48 10.8 10.31 10.12 10.34 10.53 10.61 10.17 10.05 10.15 10.29 10.31 10.28 10.21 10.17 10.17 10.24 10.39 10.54 10.68 10.8 10.89 10.99 11.08 11.23 11.43 11.68 11.91 12.21
16.87 17.07 17.07 17.33 17.57 18.94 20.31 23.19 26.07 23.46 20.85 23.93 27 28.19 28.79 28.79 22.91 17.02 21.96 26.9 35.13 43.36 42.3 41.25 37.35 35.42 35.37 33.81 32.25 30.91 29.57 28.43 27.31 26.32 25.37 24.53 23.71 22.86 21.97 21.04 20.05 19.05 18.02 17.02 16.04 15.09 14.2 13.35 12.53 11.77 11.06 10.5 10.2 10.19 10.36 10.6 9.57 9.58 10.12 10.38 10.36 10.25 10.12 9.96 9.91 9.99 10.21 10.41 10.6 10.75 10.86 10.95 11.04 11.2 11.47 11.85 12.11 12.21
16.47 16.87 17.07 17.07 17.33 17.57 18.94 20.31 23.19 26.07 23.46 20.85 23.93 27 28.2 28.8 28.79 22.91 17.02 21.96 26.9 35.14 43.36 42.31 41.25 37.38 35.47 35.37 33.8 32.25 30.89 29.57 28.41 27.31 26.27 25.28 24.32 23.35 22.38 21.38 20.36 19.34 18.32 17.31 16.33 15.37 14.46 13.6 12.78 12.02 11.32 10.77 10.47 10.39 9.56 8.1 8.86 9.56 10.16 10.55 10.16 9.79 9.88 9.48 9.42 9.74 10.05 10.32 10.56 10.75 10.87 10.93 10.95 11.06 11.32 11.73 11.83 11.18
14.37 16.47 16.87 17.07 17.07 17.33 17.57 18.94 20.31 23.19 26.07 23.46 20.85 23.93 27 28.2 28.81 28.79 22.91 17.02 21.97 26.9 35.14 43.36 42.31 41.25 37.43 35.57 35.37 33.78 32.25 30.85 29.57 28.35 27.16 26.02 24.93 23.86 22.8 21.74 20.69 19.64 18.6 17.58 16.59 15.62 14.71 13.84 13 12.24 11.57 11.07 10.83 10.7 8.52 4.74 8.22 9.77 10.19 10.47 9.67 9.03 9.31 8.81 8.84 9.5 9.91 10.25 10.54 10.78 10.91 10.93 10.83 10.84 11 11.3 10.95 9.32
12.26 14.37 16.47 16.87 17.07 17.07 17.33 17.57 18.94 20.31 23.19 26.07 23.46 20.85 23.93 27 28.22 28.83 28.79 22.91 17.02 21.97 26.9 35.17 43.36 42.31 41.25 37.53 35.78 35.37 33.73 32.25 30.73 29.31 27.97 26.7 25.51 24.35 23.22 22.11 21.01 19.92 18.85 17.82 16.81 15.83 14.9 14.01 13.16 12.41 11.78 11.28 10.98 10.38 8.46 5.63 8.78 10 9.67 7.62 7.58 7.5 6.21 7.56 8.73 9.45 9.85 10.22 10.56 10.93 11.13 11.09 10.67 10.25 9.79 9.18 6.35 4.43
11.8 12.26 14.37 16.47 16.87 17.07 17.07 17.33 17.57 18.94 20.31 23.19 26.07 23.46 20.85 23.93 27 28.24 28.88 28.79 22.91 17.02 21.98 26.9 35.23 43.36 42.32 41.25 37.71 36.19 35.37 33.56 31.79 30.2 28.71 27.33 26.05 24.82 23.62 22.45 21.31 20.19 19.09 18.03 17.01 16.01 15.08 14.2 13.38 12.66 12.04 11.5 11.06 10.17 8.78 7.18 9.23 9.81 8.86 5.27 6.07 6.93 5.46 7.48 8.95 9.46 9.81 10.17 10.56 11.01 11.17 10.88 9.89 8.89 7.64 6.04 2.92 1.38
11.34 11.8 12.26 14.37 16.47 16.87 17.07 17.07 17.33 17.57 18.94 20.31 23.19 26.07 23.46 20.85 23.93 27 28.28 28.97 28.79 22.91 17.02 22.02 26.9 35.43 43.36 42.36 41.25 38.05 37.01 34.85 32.76 31 29.39 27.91 26.56 25.27 24.01 22.79 21.6 20.44 19.31 18.23 17.18 16.17 15.26 14.42 13.66 12.97 12.34 11.72 11.08 10.06 9.46 9.36 9.59 9.22 7.76 3.41 5.1 7.26 6.96 8.54 9.47 9.55 9.79 10.13 10.54 11.03 11.03 10.32 8.5 6.8 4.62 1.94 0.61 0.08
11.39 11.34 11.8 12.26 14.37 16.47 16.87 17.08 17.07 17.33 17.57 18.94 20.31 23.19 26.07 23.46 20.85 23.93 27 28.38 29.16 28.79 22.91 17.02 22.14 26.9 36.02 43.36 42.46 41.25 38.59 35.74 33.39 31.54 29.88 28.37 27 25.67 24.37 23.09 21.85 20.64 19.46 18.39 17.39 16.46 15.64 14.88 14.16 13.46 12.75 12.04 11.31 10.48 9.91 9.63 9.45 8.73 7.54 5.77 7.17 8.75 8.93 9.46 9.67 9.51 9.67 9.93 10.14 9.89 8.12 6.13 4.62 3.54 2.24 0.68 0.19 0
11.44 11.39 11.34 11.8 12.26 14.37 16.47 16.87 17.08 17.07 17.33 17.57 18.94 20.31 23.19 26.07 23.46 20.85 23.93 27 28.56 29.52 28.79 22.92 17.02 22.48 26.9 37.81 43.36 42.78 39.59 36.28 33.81 31.95 30.28 28.78 27.4 26.05 24.72 23.39 22.09 20.83 19.65 18.61 17.68 16.85 16.14 15.44 14.73 13.98 13.18 12.37 11.56 10.87 10.28 9.8 9.38 8.52 7.7 7.93 8.98 9.93 10.24 9.89 9.6 9.45 9.46 9.44 9.13 7.72 5.01 2.6 1.58 1.09 0.58 0 0 0
11.47 11.44 11.39 11.34 11.8 12.26 14.37 16.47 16.88 17.08 17.07 17.33 17.57 18.94 20.31 23.2 26.07 23.47 20.85 23.94 27 28.94 30.26 28.79 22.94 17.02 23.51 26.9 43.15 42.83 39.59 36.24 33.9 32.14 30.56 29.12 27.78 26.43 25.06 23.66 22.31 21.04 19.88 18.94 18.12 17.43 16.82 16.14 15.4 14.54 13.63 12.72 11.85 11.15 10.54 10.02 9.48 8.8 8.38 9.24 9.98 10.41 10.31 9.46 9.11 9.36 9.1 8.44 7.09 3.9 1.87 0.65 0.29 0.19 0.1 0 0 0
11.49 11.47 11.44 11.39 11.34 11.8 12.26 14.37 16.47 16.88 17.08 17.07 17.33 17.57 18.95 20.31 23.2 26.07 23.48 20.85 23.98 27 29.7 31.72 28.79 23.01 17.02 26.61 39.96 40.44 38.13 35.53 33.61 32.1 30.71 29.42 28.16 26.85 25.52 24.15 22.79 21.49 20.27 19.37 18.66 18.12 17.62 16.98 16.19 15.19 14.07 12.97 11.97 11.28 10.71 10.24 9.74 9.23 8.92 9.43 9.72 9.33 7.76 8.45 8.96 8.99 7.82 6.16 4.12 1.69 0.6 0.12 0.01 0 0 0 0 0
11.49 11.49 11.47 11.44 11.39 11.34 11.8 12.26 14.37 16.47 16.88 17.09 17.07 17.33 17.57 18.95 20.31 23.23 26.07 23.52 20.85 24.08 27 31.29 34.66 28.79 23.22 28.13 36.21 37.45 36.23 34.57 33.17 31.97 30.82 29.71 28.56 27.35 26.12 24.88 23.5 22.07 20.63 19.72 19.16 18.89 18.52 17.92 17.1 15.94 14.5 13.1 11.89 11.3 10.85 10.48 10.06 9.67 9.37 9.33 9.14 8.07 5.4 7.54 8.6 7.94 5.99 3.65 1.36 0.26 0 0 0 0 0 0 0 0.04
11.78 11.49 11.49 11.47 11.44 11.39 11.34 11.8 12.26 14.37 16.47 16.89 17.11 17.07 17.33 17.57 18.97 20.31 23.3 26.07 23.65 20.85 24.38 27 34.71 40.53 32.96 31.68 33.43 34.7 34.23 33.38 32.58 31.76 30.91 30.03 29.04 28.06 27.13 26.31 24.77 22.89 20.74 19.65 19.41 19.87 19.64 19.12 18.3 16.99 14.94 12.9 11.22 11.1 11 10.78 10.41 10.02 9.62 9.26 8.62 7.69 6.36 7.64 7.14 4.58 3.01 1.55 0.36 0.07 0 0 0 0 0 0 0.02 0.22
12.35 11.78 11.49 11.49 11.47 11.44 11.39 11.34 11.8 12.26 14.37 16.47 16.91 17.14 17.07 17.35 17.57 19.02 20.31 23.52 26.07 24.01 20.85 25.28 27 42.52 36.79 33.57 32.2 32.73 32.59 32.3 32.02 31.6 31.08 30.46 29.65 28.94 28.39 28.18 26.48 23.23 17.94 19.07 20.43 21.47 21.07 20.43 19.46 17.77 13.97 11.02 10.65 11.15 11.35 11.16 10.8 10.38 9.91 9.38 8.54 7.67 6.91 6.41 4.81 2.14 1.19 0.47 0 0 0 0 0 0 0.05 0.14 0.23 0.34
16.36 12.35 11.78 11.49 11.49 11.47 11.44 11.39 11.34 11.8 12.26 14.37 16.47 16.94 17.21 17.07 17.41 17.57 19.17 20.31 24.19 26.07 25.12 20.85 27.98 39.05 37.13 34.38 31.81 31.22 31.17 31.29 31.49 31.49 31.32 30.97 30.35 29.92 29.77 30.23 28.35 23.23 13.53 18.29 21.98 23.46 22.67 21.78 20.54 18.27 12.17 8.26 10.23 11.41 11.85 11.58 11.22 10.77 10.25 9.6 8.67 7.75 7.03 4.41 2.08 0.33 0.09 0 0 0 0 0 0 0.02 0.13 0.35 0.52 0.4
20.37 16.36 12.35 11.78 11.49 11.49 11.47 11.44 11.39 11.34 11.8 12.26 14.37 16.47 17.01 17.34 17.07 17.58 17.57 19.62 20.31 26.18 26.07 28.43 32.18 36.81 35.37 33.14 30.91 30.02 30.05 30.46 31.14 31.65 31.87 31.81 31.31 30.96 30.86 31.3 28.96 22.39 9.72 19.06 25.05 26.04 24.51 22.9 20.75 16.8 9.92 6.67 11.44 12.47 12.53 11.96 11.68 11.36 10.88 9.86 8.16 6.24 4.26 2.24 0.83 0.11 0.03 0 0 0 0 0.03 0.09 0.19 0.31 0.44 0.35 0.2
41.04 20.37 16.36 12.35 11.78 11.49 11.49 11.47 11.44 11.39 11.34 11.8 12.26 14.38 16.47 17.17 17.61 17.07 18.1 17.57 20.96 20.31 32.17 34.25 35.19 35.3 33.56 31.37 29.34 28.57 28.82 29.58 30.8 32.05 32.83 33.08 32.46 32.02 31.74 31.74 28.94 22.42 10.7 21.11 27.46 28.11 26.16 23.65 20.15 14.12 8.62 7.16 12.78 13.28 12.92 12.15 11.93 11.66 10.97 8.75 6.62 4.43 2.09 0.81 0.13 0 0 0 0 0 0.03 0.08 0.18 0.29 0.37 0.43 0.56 0.84
61.7 41.04 20.37 16.36 12.35 11.78 11.49 11.49 11.47 11.44 11.39 11.34 11.8 12.26 14.4 16.47 17.51 18.14 17.07 19.64 17.57 24.98 37.74 38.23 36.95 34.55 31.7 29.06 27.08 26.88 27.47 28.65 30.48 32.73 34.21 34.81 33.82 33.08 32.42 31.53 28.25 23.35 16.71 24.49 29.18 29.64 27.59 24.02 18.72 10.17 8.31 9.85 14.24 13.83 12.99 12.15 11.97 11.68 10.51 6.21 3.99 2.32 0.54 0.15 0.01 0 0 0 0 0.01 0.07 0.16 0.28 0.33 0.32 0.3 1.19 2.36
68.1 61.7 41.04 20.37 16.36 12.35 11.78 11.49 11.49 11.47 11.44 11.39 11.34 11.81 12.26 14.47 16.47 18.38 19.2 17.07 24.28 32.45 40.24 40.32 38.14 34.16 29.41 24.79 22.2 26.04 27.7 27.67 25.7 33.39 37.29 36.99 35.44 34.34 33.36 32.03 29.22 26.14 23.25 26.87 29.16 29.53 27.78 21.81 14.04 8.12 10.62 13.8 14.01 13.07 12.35 11.93 11.37 10.5 8.84 4.82 2.56 1.11 0.19 0.04 0 0 0 0 0 0.01 0.09 0.22 0.42 0.28 0.27 0.56 3.1 4.8
74.51 68.1 61.7 41.04 20.37 16.36 12.35 11.78 11.49 11.49 11.47 11.44 11.39 11.34 11.82 12.26 14.67 16.47 20.75 21.33 30.77 38.68 42.84 42.45 38.57 31.81 25.88 20.4 18.21 25.99 27.14 25.73 22.75 34.48 40.07 39 37.03 35.65 34.5 33.07 30.84 29 28.22 28.46 28.73 28.8 26.81 19.6 11.13 8.61 12.64 15.42 12.64 12.26 12.14 12 10.63 9.09 7.05 3.52 1.45 0.28 0.02 0 0 0 0 0 0 0.02 0.09 0.23 0.48 0.61 1.09 2.09 5.36 7.09
61.15 74.51 68.1 61.7 41.03 20.37 16.36 12.35 11.78 11.49 11.49 11.46 11.44 11.4 11.34 11.87 12.26 15.29 16.47 28.14 36.01 41.96 46.22 45.02 37.63 25.53 19.97 16.15 16.47 27.35 24.74 21.93 24.22 36.42 41.95 40.6 38.52 37.06 35.97 35.03 33.4 31.66 30.03 28.67 27.81 27.18 23.81 17.84 12.32 13.73 13.59 12.21 9.36 11.59 12.9 12.68 9.76 7.44 5.25 2.22 0.74 0.05 0 0 0 0 0 0 0 0.01 0.04 0.15 0.41 1.68 3.59 6.07 8.06 8.88
47.79 61.15 74.51 68.1 61.7 41.03 20.37 16.36 12.35 11.77 11.48 11.49 11.46 11.44 11.42 11.34 12.01 12.26 17.12 32.89 40.46 45.23 48.5 45.52 34.11 16.87 14.24 14.38 17.39 25.16 22.25 22.36 31.8 38.92 42.03 41.36 39.55 38.18 37.18 36.69 35.35 32.24 26.44 28.86 27.49 22.26 22.26 19.12 15.36 15.62 11.97 8.6 7.67 12.59 13.67 10.42 7.92 5.5 3.17 1.11 0.3 0 0 0 0 0 0 0 0 0 0.01 0.19 0.68 3.89 6.69 8.67 9.67 9.96
34.7 47.79 61.15 74.51 68.11 61.7 41.03 20.37 16.36 12.35 11.77 11.47 11.49 11.44 11.44 11.48 11.34 12.43 18.27 36.71 44.11 47.88 49.88 44.97 30.22 9.1 9.59 13.36 18.25 21.39 21.11 25.65 39.63 41.18 41.68 41.75 40.42 39.15 38.11 37.73 36.46 32.03 22.53 29.47 27.95 18.08 21.57 20.62 17.55 15.67 9.75 5.84 7.59 13.67 13.63 7.31 5.71 3.5 1.25 0.23 0 0 0 0 0 0 0 0 0.01 0.07 0.43 1.07 2.1 6.71 9.75 10.62 10.82 10.74
21.6 34.7 47.79 61.15 74.51 68.11 61.7 41 20.37 16.36 12.35 11.76 11.46 11.49 11.4 11.44 11.66 14.57 21.98 39.31 45.35 47.88 48.87 42.68 28.14 8.49 9.38 12.26 15.3 15.6 25.87 35.6 40.37 41.58 41.95 41.72 41.27 39.9 38.1 36.48 34.76 31.21 24.5 31.92 30.93 21.59 22.66 18.87 13.5 12.11 8.42 7.4 12.36 12.85 10.02 4.47 3.13 1.65 0.35 0.06 0 0 0 0 0 0 0 0 0.08 0.47 2.72 5.44 7.94 10.61 11.88 11.58 11.44 11.23
21.6 21.6 34.69 47.79 61.15 74.51 68.13 61.7 40.94 20.37 16.35 12.35 11.74 11.42 11.49 11.27 12.03 18.09 27.64 40.1 44.5 46.28 46.77 40.9 27.72 9.98 9.3 12.54 16.46 16.16 29.33 40.09 41.37 41.68 41.74 41.67 42.04 40.66 37.36 30.69 32.46 34.06 31.55 35.23 31.84 21.76 19.83 15.12 10.12 9.71 8.02 9.15 16.06 11.49 6.58 2.48 1.41 0.57 0 0 0 0 0 0 0 0.01 0.21 1.12 2.47 3.9 6.59 9.45 11.86 12.99 13.12 12.33 11.98 11.68
