NetLogoInput/pp3_pinchpoints_90.asc
NCOLS 88 
NROWS 127 
XLLCORNER -925625.5599279 
YLLCORNER -56566.5307948138 
CELLSIZE 90 
NODATA_value -9999 
[rows 0 to 28 of 127, columns 0 to 64 of 88]
0.021278000000000 0.021433 0.021589 0.020378 0.019167 0.017795 0.016423 0.01536 0.014297 0.013171 0.01227 0.01227 0.011788 0.011307 0.011094 0.010881 0.011159 0.011438 0.011896 0.012355 0.011803 0.011251 0.011145 0.01106 0.01106 0.010793 0.010527 0.010161 0.009796 0.009518 0.009241 0.009003 0.008766 0.008707 0.00866 0.008662 0.008593 0.008526 0.008347 0.008176 0.008599 0.009042 0.009036 0.009057 0.00903 0.009048 0.008553 0.008089 0.007647 0.007689 0.008036 0.007888 0.007549 0.007225 0.005537 0.003517 0.003556 0.005403 0.007701 0.007701 0.007316 0.006834 0.006042 0.00525 0.00525
0.021277 0.021278 0.021433 0.021589 0.020378 0.019167 0.017795 0.016423 0.01536 0.014297 0.012946 0.01227 0.01227 0.011788 0.011307 0.011094 0.010881 0.011159 0.011438 0.011896 0.012355 0.011803 0.011251 0.011124 0.01106 0.01106 0.010793 0.010527 0.010161 0.009796 0.009518 0.009241 0.009003 0.008766 0.008695 0.008658 0.008662 0.008592 0.008526 0.008338 0.008176 0.008579 0.009042 0.00901 0.009057 0.008985 0.009048 0.008523 0.008531 0.008383 0.00808 0.007549 0.006901 0.005868 0.003517 0.003594 0.004951 0.007701 0.007701 0.007412 0.006834 0.006042 0.00525 0.005249 0.005593
0.021386 0.021277 0.021278 0.021433 0.021589 0.020378 0.019167 0.017795 0.016423 0.01536 0.014297 0.012946 0.01227 0.01227 0.011788 0.011307 0.011094 0.010881 0.011159 0.011438 0.011896 0.012355 0.011803 0.011251 0.011124 0.01106 0.01106 0.010793 0.010527 0.010161 0.009796 0.009518 0.009241 0.009003 0.008766 0.008693 0.008654 0.008662 0.008587 0.008526 0.008313 0.008176 0.008519 0.009042 0.008931 0.009057 0.008851 0.009048 0.008866 0.008698 0.007549 0.006252 0.005503 0.003517 0.003672 0.004993 0.007701 0.0077 0.007411 0.006834 0.006042 0.00525 0.005248 0.005593 0.006281
0.021602 0.021386 0.021277 0.021278 0.021433 0.021589 0.020378 0.019167 0.017795 0.016423 0.01536 0.014297 0.012946 0.01227 0.01227 0.011788 0.011307 0.011094 0.010881 0.011159 0.011438 0.011896 0.012355 0.011803 0.011251 0.011124 0.01106 0.01106 0.010793 0.010527 0.010161 0.009796 0.009518 0.009241 0.009003 0.008766 0.008689 0.008647 0.008662 0.008573 0.008526 0.008237 0.008176 0.00834 0.009042 0.008694 0.009057 0.008449 0.008049 0.006392 0.004954 0.004695 0.003517 0.003826 0.005081 0.007701 0.007699 0.007411 0.006834 0.006042 0.00525 0.005246 0.005592 0.006281 0.006277
0.02196 0.021602 0.021386 0.021277 0.021278 0.021433 0.021589 0.020378 0.019167 0.017795 0.016423 0.01536 0.014297 0.012946 0.01227 0.01227 0.011788 0.011307 0.011094 0.010881 0.011159 0.011438 0.011896 0.012355 0.011803 0.011251 0.011124 0.01106 0.01106 0.010793 0.010527 0.010161 0.009796 0.009518 0.009241 0.009002 0.008766 0.008681 0.008632 0.008662 0.008532 0.008526 0.008009 0.008176 0.007803 0.009042 0.007982 0.007475 0.006334 0.004088 0.002758 0.003517 0.004134 0.005279 0.007701 0.007696 0.00741 0.006834 0.006041 0.00525 0.005241 0.005589 0.006281 0.006273 0.004629
0.022319 0.02196 0.021602 0.021386 0.021277 0.021278 0.021433 0.021589 0.020378 0.019167 0.017795 0.016423 0.01536 0.014297 0.012946 0.01227 0.01227 0.011788 0.011307 0.011094 0.010881 0.011159 0.011438 0.011896 0.012355 0.011803 0.011251 0.011123 0.011059 0.01106 0.010793 0.010527 0.010161 0.009796 0.009517 0.009241 0.008998 0.008766 0.008662 0.008603 0.008662 0.008407 0.008526 0.007326 0.008176 0.006193 0.006117 0.005417 0.004798 0.003891 0.003575 0.00475 0.005763 0.007701 0.007691 0.007408 0.006834 0.00604 0.00525 0.005232 0.005585 0.006281 0.006265 0.004625 0.001338
0.023221 0.022319 0.02196 0.021602 0.021386 0.021277 0.021278 0.021433 0.021589 0.020378 0.019167 0.017795 0.016423 0.01536 0.014297 0.012946 0.01227 0.01227 0.011788 0.011307 0.011094 0.010881 0.011159 0.011438 0.011896 0.012355 0.011803 0.011251 0.011123 0.011058 0.01106 0.010793 0.010527 0.01016 0.009796 0.009513 0.009241 0.008988 0.008766 0.008618 0.008544 0.008662 0.008032 0.008526 0.005277 0.003611 0.004116 0.00387 0.003831 0.004526 0.005688 0.007083 0.007701 0.00768 0.007405 0.006834 0.006037 0.00525 0.005214 0.005577 0.006281 0.006249 0.004617 0.001338 0.001344
0.024123 0.023221 0.022319 0.02196 0.021602 0.021386 0.021277 0.021278 0.021433 0.021589 0.020378 0.019167 0.017795 0.016423 0.01536 0.014297 0.012946 0.01227 0.01227 0.011788 0.011307 0.011094 0.010881 0.011159 0.011438 0.011896 0.012355 0.011803 0.011251 0.011121 0.011055 0.01106 0.010792 0.010527 0.010157 0.009796 0.009503 0.009241 0.008958 0.008766 0.008501 0.008426 0.008662 0.006908 0.004003 0.003372 0.003715 0.004973 0.004781 0.00571 0.006881 0.007658 0.00766 0.007404 0.006834 0.006026 0.00525 0.005177 0.005562 0.006281 0.006216 0.004601 0.001338 0.00135 0.003548
0.025456 0.024123 0.023221 0.022319 0.02196 0.021602 0.021386 0.021277 0.021278 0.021433 0.021589 0.020378 0.019167 0.017795 0.016423 0.01536 0.014297 0.012946 0.01227 0.01227 0.011788 0.011307 0.011094 0.010881 0.011159 0.011438 0.011896 0.012355 0.011803 0.011251 0.011119 0.011051 0.01106 0.010789 0.010527 0.010148 0.009796 0.009473 0.009241 0.008867 0.008766 0.008152 0.008189 0.004887 0.004131 0.003961 0.005622 0.007365 0.007178 0.007019 0.007116 0.007363 0.007422 0.006834 0.005995 0.00525 0.005103 0.00554 0.006281 0.00615 0.004567 0.001338 0.001362 0.003554 0.007951
0.026789 0.025456 0.024123 0.023221 0.022319 0.02196 0.021602 0.021386 0.021277 0.021278 0.021433 0.021589 0.020378 0.019167 0.017795 0.016423 0.01536 0.014297 0.012946 0.01227 0.01227 0.011788 0.011307 0.011094 0.010881 0.011159 0.011438 0.011896 0.012355 0.011802 0.011251 0.011114 0.011041 0.01106 0.010781 0.010527 0.01012 0.009796 0.009381 0.009241 0.008593 0.008766 0.006989 0.003985 0.00397 0.005417 0.007706 0.007573 0.006598 0.006782 0.006862 0.007032 0.006849 0.005899 0.00525 0.004955 0.005524 0.006281 0.006018 0.004498 0.001338 0.001386 0.003567 0.007951 0.007957
0.0285 0.026789 0.025456 0.024123 0.023221 0.022319 0.02196 0.021602 0.021386 0.021277 0.021278 0.021433 0.021589 0.020378 0.019167 0.017795 0.016423 0.01536 0.014297 0.012946 0.01227 0.01227 0.011788 0.011307 0.011094 0.010881 0.011159 0.011438 0.011896 0.012355 0.011801 0.011251 0.011103 0.011023 0.01106 0.010757 0.010527 0.010037 0.009796 0.009107 0.009241 0.007771 0.004674 0.00389 0.003781 0.006222 0.007834 0.005284 0.004436 0.005765 0.00659 0.006909 0.005992 0.004609 0.00466 0.00561 0.006281 0.005755 0.004355 0.001338 0.001434 0.003592 0.007951 0.007963 0.00812
0.030211 0.0285 0.026789 0.025456 0.024123 0.023221 0.022319 0.02196 0.021602 0.021386 0.021277 0.021278 0.021433 0.021589 0.020378 0.019167 0.017795 0.016423 0.01536 0.014297 0.012946 0.01227 0.01227 0.011788 0.011307 0.011094 0.010881 0.011159 0.011438 0.011894 0.012355 0.011798 0.011251 0.011076 0.010985 0.01106 0.010685 0.010527 0.009787 0.009796 0.008284 0.005199 0.002836 0.003742 0.005494 0.007285 0.00725 0.005901 0.005711 0.004963 0.007105 0.007589 0.006402 0.006115 0.006248 0.006281 0.005229 0.004047 0.001338 0.00153 0.003647 0.007951 0.007974 0.008126 0.008441
0.032366 0.030211 0.0285 0.026789 0.025456 0.024123 0.023221 0.022319 0.02196 0.021602 0.021386 0.021277 0.021278 0.021433 0.021589 0.020378 0.019167 0.017795 0.016423 0.01536 0.014297 0.012946 0.012271 0.01227 0.011788 0.011307 0.011094 0.010881 0.011158 0.011438 0.011889 0.012355 0.011789 0.011251 0.01101 0.01091 0.01106 0.010469 0.010527 0.009037 0.005513 0.003321 0.002686 0.004885 0.007386 0.007657 0.007149 0.006306 0.004741 0.006685 0.008845 0.00796 0.006318 0.006105 0.005694 0.004178 0.003339 0.001338 0.001721 0.00377 0.007951 0.007998 0.008138 0.008441 0.008414
0.034522 0.032366 0.030211 0.0285 0.026789 0.025456 0.024123 0.023221 0.022319 0.02196 0.021602 0.021386 0.021277 0.021278 0.021433 0.021589 0.020378 0.019167 0.017795 0.016423 0.01536 0.014297 0.012947 0.012272 0.01227 0.011788 0.011307 0.011093 0.010881 0.011156 0.011438 0.011873 0.012355 0.011762 0.011251 0.010819 0.01076 0.01106 0.00982 0.006466 0.003048 0.003699 0.003769 0.007493 0.00881 0.00704 0.006532 0.00439 0.006317 0.008581 0.007826 0.00465 0.004345 0.003755 0.002306 0.00156 0.001338 0.002105 0.00407 0.007951 0.008046 0.008162 0.008441 0.008414 0.008386
0.034522 0.034522 0.032366 0.030211 0.0285 0.026789 0.025456 0.024123 0.023221 0.022319 0.02196 0.021602 0.021386 0.021277 0.021278 0.021433 0.021589 0.020378 0.019167 0.017795 0.016423 0.01536 0.014297 0.012948 0.012274 0.01227 0.011788 0.011307 0.011092 0.010881 0.01115 0.011438 0.011825 0.012355 0.011679 0.011251 0.010206 0.010461 0.008134 0.004477 0.004247 0.006295 0.007729 0.00986 0.006299 0.005408 0.006105 0.006643 0.008805 0.008511 0.005362 0.002662 0.002366 0.001896 0.001459 0.001566 0.002873 0.004885 0.007951 0.008142 0.008209 0.008441 0.008416 0.008386 0.008394
0.037323 0.034522 0.034522 0.032366 0.030211 0.0285 0.026789 0.025456 0.024123 0.023221 0.022319 0.02196 0.021602 0.021386 0.021277 0.021278 0.021433 0.021589 0.020378 0.019167 0.017795 0.016423 0.01536 0.014297 0.012949 0.012277 0.01227 0.011788 0.011307 0.011089 0.010881 0.011132 0.011438 0.011681 0.012355 0.01143 0.011251 0.008051 0.005985 0.006515 0.008233 0.009207 0.009823 0.008862 0.004211 0.006147 0.00744 0.008172 0.008147 0.004684 0.003912 0.004154 0.003624 0.002934 0.004622 0.006188 0.00738 0.007951 0.008333 0.008302 0.008441 0.008421 0.008386 0.008402 0.008533
0.042924 0.037323 0.034522 0.034522 0.032366 0.030211 0.0285 0.026789 0.025456 0.024123 0.023221 0.022319 0.02196 0.021602 0.021386 0.021277 0.021278 0.021433 0.021589 0.020378 0.019167 0.017795 0.016423 0.01536 0.014297 0.012953 0.012284 0.01227 0.011786 0.011307 0.011079 0.010881 0.011077 0.011438 0.011249 0.012355 0.010684 0.00798 0.00765 0.009169 0.010441 0.010846 0.010171 0.008193 0.007638 0.008854 0.008608 0.008354 0.006805 0.003372 0.005071 0.00606 0.006581 0.007669 0.008198 0.008747 0.009036 0.008715 0.008481 0.008441 0.008437 0.008386 0.008418 0.008542 0.008804
0.037205 0.042924 0.037323 0.034522 0.034522 0.032366 0.030211 0.0285 0.026789 0.025456 0.024123 0.023221 0.022319 0.02196 0.021602 0.021386 0.021277 0.021278 0.021433 0.021589 0.020378 0.019167 0.017794 0.016423 0.015359 0.014297 0.01296 0.012299 0.01227 0.01178 0.011307 0.01105 0.010881 0.010912 0.011438 0.009956 0.008446 0.008717 0.009023 0.009764 0.010707 0.011199 0.00991 0.007966 0.008735 0.009358 0.008813 0.008526 0.007991 0.00721 0.007447 0.007455 0.008095 0.009108 0.009283 0.009213 0.009113 0.008816 0.008441 0.008484 0.008386 0.00845 0.008559 0.008804 0.00882
0.031486 0.037205 0.042924 0.037323 0.034522 0.034522 0.032366 0.030211 0.0285 0.026789 0.025456 0.024123 0.023221 0.022319 0.02196 0.021602 0.021385 0.021276 0.021278 0.021433 0.021589 0.020377 0.019167 0.017793 0.016423 0.015357 0.014297 0.012973 0.012328 0.01227 0.011763 0.011307 0.010963 0.010881 0.010418 0.008828 0.006856 0.00687 0.008452 0.009633 0.00996 0.007604 0.00555 0.006161 0.008084 0.008858 0.008549 0.007901 0.005356 0.007979 0.007978 0.008188 0.008734 0.009261 0.009399 0.009286 0.009109 0.00888 0.008626 0.008386 0.008515 0.008596 0.008804 0.008835 0.008967
0.026866 0.031486 0.037205 0.042924 0.037323 0.034522 0.034522 0.032366 0.030211 0.0285 0.026789 0.025456 0.024123 0.023221 0.022319 0.02196 0.021602 0.021384 0.021274 0.021278 0.021432 0.021589 0.020374 0.019167 0.017788 0.016423 0.01535 0.014297 0.012998 0.012386 0.01227 0.011711 0.011307 0.010701 0.009789 0.007717 0.00479 0.006026 0.009204 0.010193 0.009257 0.006332 0.003694 0.006589 0.008532 0.008723 0.008329 0.007403 0.00638 0.005484 0.007854 0.008806 0.009201 0.00948 0.009512 0.009344 0.009141 0.008965 0.0088 0.008644 0.008679 0.008804 0.008867 0.008984 0.009246
0.022246 0.026866 0.031486 0.037205 0.042924 0.037323 0.034522 0.034522 0.032366 0.030211 0.0285 0.026789 0.025456 0.024123 0.023221 0.022319 0.02196 0.021602 0.021382 0.02127 0.021278 0.02143 0.021589 0.020367 0.019167 0.017775 0.016423 0.01533 0.014297 0.013041 0.012502 0.01227 0.011557 0.010749 0.009633 0.007769 0.006814 0.009041 0.011 0.010966 0.009049 0.006987 0.007681 0.010051 0.009726 0.008826 0.008319 0.007854 0.007883 0.007977 0.009275 0.009464 0.009662 0.009957 0.009807 0.009364 0.009138 0.009057 0.008974 0.008881 0.008804 0.00893 0.00902 0.009246 0.009271
0.026991 0.022246 0.026866 0.031486 0.037205 0.042924 0.037323 0.034522 0.034522 0.032366 0.030211 0.0285 0.026789 0.025456 0.024123 0.023221 0.022319 0.02196 0.021602 0.021379 0.021263 0.021278 0.021424 0.021589 0.020344 0.019167 0.017735 0.016423 0.01527 0.014297 0.013097 0.012733 0.011854 0.010995 0.010033 0.009381 0.010151 0.011339 0.011265 0.008666 0.005863 0.006918 0.010648 0.012565 0.00994 0.008563 0.008376 0.008488 0.008926 0.009969 0.010225 0.009883 0.009858 0.010185 0.00984 0.008978 0.009097 0.009179 0.00916 0.009107 0.009055 0.009098 0.009246 0.009295 0.009353
0.031736 0.026991 0.022246 0.026866 0.031486 0.037205 0.042924 0.037323 0.034522 0.034522 0.032366 0.030211 0.0285 0.026789 0.025456 0.024123 0.023221 0.022319 0.02196 0.021602 0.021371 0.021248 0.021278 0.021406 0.021589 0.020277 0.019167 0.017616 0.016423 0.015091 0.014297 0.013088 0.012121 0.011307 0.010653 0.010539 0.01112 0.011183 0.00988 0.005825 0.004976 0.007967 0.010769 0.00925 0.007762 0.007648 0.008466 0.009006 0.009533 0.010246 0.010314 0.009997 0.009699 0.008425 0.007164 0.008645 0.009244 0.009371 0.009372 0.009333 0.009285 0.009246 0.009343 0.009383 0.009488
0.025798 0.031736 0.026991 0.022246 0.026866 0.031486 0.037205 0.042924 0.037323 0.034523 0.034522 0.032366 0.030211 0.0285 0.026789 0.025456 0.024123 0.023221 0.022319 0.02196 0.021602 0.021356 0.021218 0.021278 0.021351 0.021589 0.020075 0.019167 0.017258 0.016423 0.014552 0.013245 0.012272 0.011536 0.011043 0.010872 0.010863 0.010453 0.009039 0.007175 0.008071 0.009515 0.009298 0.00529 0.004674 0.007549 0.008992 0.009507 0.009882 0.010186 0.010237 0.010034 0.009561 0.008541 0.008299 0.009416 0.009627 0.009635 0.009608 0.009565 0.009509 0.009441 0.009454 0.009488 0.009522
0.01986 0.025798 0.031736 0.026991 0.022246 0.026866 0.031486 0.037205 0.042924 0.037324 0.034524 0.034522 0.032366 0.030211 0.0285 0.026789 0.025456 0.024123 0.023221 0.022319 0.021959 0.021602 0.021324 0.021157 0.021278 0.021187 0.021589 0.01947 0.019167 0.016184 0.014382 0.013145 0.012251 0.0116 0.011158 0.010882 0.01064 0.010214 0.009468 0.009839 0.010645 0.010211 0.008504 0.006207 0.006739 0.009491 0.009938 0.010033 0.010178 0.010296 0.010311 0.010184 0.009882 0.009849 0.01041 0.010346 0.010051 0.009917 0.009853 0.009806 0.009744 0.00964 0.009488 0.009557 0.00948
0.01986 0.01986 0.025798 0.031736 0.026991 0.022246 0.026866 0.031486 0.037205 0.042924 0.037325 0.034526 0.034522 0.032366 0.030211 0.0285 0.026789 0.025456 0.024123 0.02322 0.022319 0.021955 0.021602 0.021259 0.021035 0.021278 0.020693 0.021589 0.017654 0.015226 0.013801 0.012792 0.012047 0.011501 0.011111 0.010827 0.010578 0.010308 0.010154 0.010755 0.011007 0.01029 0.009128 0.009267 0.010693 0.011392 0.010761 0.0105 0.010473 0.010503 0.01051 0.010461 0.010404 0.010607 0.010926 0.010691 0.010339 0.010155 0.010083 0.010062 0.010021 0.009885 0.009625 0.009566 0.009309
0.022222 0.01986 0.01986 0.025798 0.031736 0.026991 0.022246 0.026866 0.031486 0.037205 0.042924 0.037327 0.034531 0.034522 0.032366 0.030211 0.0285 0.026789 0.025455 0.024123 0.023219 0.022319 0.021944 0.021602 0.021122 0.020792 0.021278 0.019214 0.016307 0.014344 0.013145 0.012263 0.011693 0.011276 0.01097 0.010743 0.01056 0.010426 0.010435 0.010617 0.01065 0.010337 0.010069 0.010789 0.011882 0.011764 0.011121 0.010812 0.010728 0.010735 0.010764 0.010788 0.010826 0.010907 0.010921 0.010737 0.010478 0.010307 0.010266 0.010331 0.010394 0.010256 0.009843 0.009309 0.009118
0.026947 0.022223 0.019861 0.01986 0.025798 0.031736 0.026991 0.022246 0.026866 0.031486 0.037205 0.042924 0.037331 0.03454 0.034522 0.032366 0.030211 0.028499 0.026789 0.025454 0.024123 0.023216 0.022319 0.02191 0.021602 0.020816 0.020306 0.018182 0.016055 0.014298 0.012983 0.011967 0.01136 0.010972 0.010767 0.01063 0.010527 0.010459 0.010448 0.010476 0.010464 0.010403 0.010481 0.010901 0.011366 0.011377 0.011131 0.010961 0.010916 0.010954 0.011035 0.011124 0.011188 0.011176 0.011039 0.010787 0.010515 0.010345 0.010357 0.010556 0.010965 0.010989 0.010418 0.009452 0.008592
0.025316 0.026947 0.022224 0.019862 0.01986 0.025798 0.031736 0.026991 0.022246 0.026866 0.031486 0.037206 0.042924 0.03734 0.034558 0.034522 0.032365 0.030211 0.028497 0.026789 0.025451 0.024123 0.023205 0.022319 0.021808 0.021602 0.02008 0.0183 0.016522 0.014887 0.013447 0.012234 0.011325 0.010731 0.010523 0.010498 0.010484 0.010437 0.010393 0.010383 0.010385 0.010398 0.010491 0.010698 0.010919 0.011027 0.01102 0.011002 0.011039 0.011144 0.0113 0.011481 0.011607 0.011554 0.011273 0.010857 0.010456 0.010209 0.01029 0.01067 0.011279 0.012084 0.010979 0.009598 0.008454
